0.0
0.0
0.0
0.0
0.0
0.0
0.0
0.0
0.0
0.0
0.0
0.0
0.0
0.0
0.0
0.0
0.0
0.0
0.0
0.0
0.0
0.0
0.0
0.0
0.0
0.0
0.0
0.0
0.0
0.0
0.0
0.0
0.0
0.0
0.0
0.0
0.0
0.0
0.0
0.0
0.0
0.0
0.0
0.0
0.0
0.0
0.0
0.0
0.0
0.0
0.0
0.0
0.0
0.0
0.0
0.0
0.0
0.0
0.0
0.0
0.0
0.0
0.0
0.0
0.0
0.0
0.0
0.0
0.0
0.0
0.0
0.0
0.0
0.0
0.0
0.0
0.0
0.0
0.0
0.0
0.0
0.0
0.0
0.0
0.0
0.0
0.0
0.0
0.0
0.0
0.0
0.0
0.0
0.0694148019
47.9284668
118.770157
197.418579
147.430099
52.3234444
9.99265385
7.76130533
0.0
0.0
0.0
0.0
0.0
0.0
0.0
0.0
8.79192448
29.2319431
13.5255909
9.99318409
2.81254864
0.0
0.0
0.0
0.0
0.0
4.63911867
3.35394216
1.47742164
0.674691856
0.197569013
0.0
37.8801727
27.5156136
11.695612
9.99352455
0.411153138
0.0196167938
0.00113044865
0.0
0.0
0.0
0.0
0.0
0.745903492
1.57373548
0.454879522
0.287326574
0.993550122
0.294258446
0.718675375
1.52159309
2.24838185
2.61816454
6.24768686
6.63091469
27.5148964
18.0092068
10.0073471
9.33072567
0.113309503
109.853905
149.797089
77.6267242
61.8001137
30023.9648
111.812973
147.266602
237.537582
222.279694
165.016388
122.701355
105.968712
100.399277
100.000656
100.000587
100.000404
191.73764
453.880157
462.337402
217.463547
121.317322
177.327682
178.92984
127.581291
102.269913
100.001251
100.001251
100.001213
60.1707344
100.410591
101.430489
108.326782
116.022293
131.722641
209.897736
192.128601
125.285843
100.001007
100.000969
100.0009
100.000809
100.00071
100.000626
99.9998093
100.10408
112.373337
112.034767
103.397018
100.683014
255.670029
364.56366
300.531891
250.913361
199.936737
165.973083
134.65596
110.896294
102.070068
70.5925369
70.1193848
101.09996
101.903191
100.502541
100.001152
100.001099
100.001038
119.649979
203.273727
283.457977
239.395767
404.435791
408.21225
283.433624
226.277313
181.894714
127.743874
114.819344
112.412567
104.707771
100.587494
100.257652
100.136826
129.836273
130.599686
108.752052
101.922928
102.908249
100.763298
100.002434
63.9388695
50.0028114
40.0028114
43.542057
43.1161118
54.5422974
57.3881836
51.0950432
74.8512192
210.28949
480.215271
458.667725
209.827667
64.4567413
220.278152
275.449371
162.14444
70.891037
61.8461761
57.4217491
45.5600471
40.0034752
40.0032806
40.0031624
40.0027885
43.5919418
262.820496
303.897552
147.032608
60.8467026
48.6331825
42.7567635
100.003197
100.003113
100.002922
100.002808
100.002808
96.8109207
95.1872635
94.1628113
54.978508
72.6663971
81.9936829
71.139267
54.7273827
42.6207047
198.127289
200.175934
87.6996994
43.1288528
92.4688416
100.11441
100.002808
176.927963
314.452148
218.649979
161.147247
289.617798
264.982452
162.841034
108.683594
100.580109
100.050255
100.004364
100.004364
100.004364
100.00428
102.330772
116.300125
282.764648
339.602478
214.921616
120.370781
100.042206
100.02581
100.004364
100.004364
100.004364
244.962921
237.097885
144.32283
342.349976
387.28186
214.408127
113.284775
100.004715
100.004723
100.004478
112.896759
186.592773
172.24678
121.152687
100.005348
50.0050583
50.0048637
52.7488937
82.77491
207.755951
221.034637
117.026001
308.231476
263.954041
114.825699
50.0044861
50.0046921
116.607323
169.359482
213.391235
152.945526
304.659119
480.092529
497.81366
418.796082
250.951782
102.288673
145.268753
276.216156
100.004967
100.005058
100.004997
100.004997
100.004669
100.004837
101.707352
177.814545
214.25238
153.767593
208.688904
188.015976
129.739471
102.489105
129.636932
114.961578
108.304756
101.290565
100.5765
100.614517
100.011742
100.008118
100.003426
100.003151
100.003113
100.002998
100.002853
100.002808
100.002808
100.002686
100.002647
100.254532
100.002647
100.002647
100.002647
100.002556
100.002495
100.000092
100.00029
99.9996262
99.9998932
99.99897
100.310196
100.669472
100.187843
100.094025
49.9984932
52.9866562
51.6116447
53.2574654
51.4963684
50.5243988
51.1929932
51.4026947
50.5375404
50.1811485
49.9966393
49.9964714
49.999012
49.9990005
49.9980812
49.9982681
49.9963264
52.7295532
51.5412178
50.7931328
100.051361
99.994751
99.9947739
99.9947891
99.9947968
99.9947968
99.9948044
99.9948044
99.994812
101.314926
100.810966
100.940948
100.066963
100.020096
99.9947128
57.82864
82.0842133
70.2479248
56.5713959
49.9978371
132.76712
244.576309
183.646347
86.4259796
50.0010567
51.6086578
51.8726387
54.3428688
52.4656868
51.826931
50.0602112
80.0128784
80.2847137
80.0020294
79.9988098
79.9983597
79.9977951
79.9972534
79.9968567
79.9966354
79.9964981
79.9965668
79.9975739
80.0008163
79.9998169
79.996254
80.0000763
80.0003357
91.4370575
208.847504
265.10376
182.72757
199.908661
775.814331
752.08606
474.5672
268.231262
137.832306
81.4922638
80.0028687
80.0025787
100.169449
100.656639
100.193321
100.001877
100.001877
100.350021
101.252159
100.44455
100.027069
100.001724
100.001724
100.001724
100.063171
101.865822
391.796082
791.632935
835.206177
845.984192
983.019653
694.732178
345.724365
190.534256
127.226006
116.314957
229.668289
306.670044
231.181641
135.977676
103.2911
101.571815
100.457321
60.0030136
60.0032768
131.99765
123.799049
79.2462387
60.0032806
189.736923
405.398529
313.834473
165.615509
100.12146
100.002945
100.003311
100.00322
100.003166
100.003075
140.947678
377.505615
699.311157
591.307922
293.790955
450.685272
595.70105
599.441406
560.547852
555.891968
574.327393
549.45282
300.194733
106.088661
100.003273
100.003075
100.003014
100.002785
100.002693
100.002693
100.002693
100.002693
100.002686
100.002563
100.002525
100.002373
100.002647
100.002411
100.002167
100.0019
100.00219
105.280029
104.766258
101.222908
100.001892
100.001877
216.359818
273.730072
196.021088
118.926476
104.358932
126.909271
151.871399
133.866547
108.733345
101.446136
100.464264
100.137512
100.031006
100.001472
100.001373
100.001328
100.001282
100.135414
100.790413
101.135201
100.285278
169.151642
168.978912
120.588211
100.855072
104.034653
314.557373
363.717407
213.876556
115.561462
100.001999
100.001961
105.417076
105.626488
101.461639
100.001907
101.406662
102.267235
102.800858
120.301651
56.6542664
101.792465
112.054604
569.167053
550.091064
436.747101
388.137054
286.92038
184.100098
102.937546
59.9893837
482.336792
849.172546
534.516174
528.147705
937.466736
538.621948
168.409912
100.004211
100.004211
100.004211
100.004211
105.358101
179.04599
413.895172
423.971344
475.650208
474.750916
670.169495
595.151733
931.426514
766.288208
643.76947
619.953308
649.393005
568.232788
348.461945
306.722748
356.931732
328.35553
140.902603
100.006088
100.006088
100.006088
100.005989
100.005936
100.005821
100.005661
100.005623
100.005623
100.00547
100.005333
115.64727
133.109619
120.587639
103.802505
100.005211
100.005005
100.004875
102.008949
105.346581
101.634468
100.537712
101.811447
101.333244
100.429352
100.058395
100.004562
100.004524
113.173447
106.902527
102.145615
100.44075
100.025444
400.950592
390.784515
187.913315
109.490234
104.370636
101.427582
100.004837
100.004837
100.004837
103.916527
102.060028
100.75473
100.004562
100.003319
100.003227
100.003136
110.977211
54.7917747
51.4858513
50.0045357
50.0045357
50.0045357
50.0042648
50.0041008
50.0037804
50.0037155
50.9564934
126.527603
112.359718
68.7254028
50.0031815
50.0031242
50.0030823
50.0027962
50.0027351
50.0024757
50.0024185
50.0024185
50.0024223
50.0024261
50.00243
50.0022202
50.0020027
50.0019989
50.0020103
50.0020142
92.4737396
81.0760956
60.4871216
50.3051262
50.0019226
50.0019379
50.0020332
88.6010284
77.4344635
58.5064964
50.0020332
50.0020332
50.0020332
50.0020103
50.0019569
50.0019035
50.0018539
50.0017624
50.0016556
50.0015259
50.001152
50.0013657
50.0010681
50.0007248
50.0004463
50.0001183
50.8650932
50.2319336
50.1298294
49.9992828
49.9990311
49.9987411
49.9951019
49.9950943
49.9950829
49.995121
49.9959641
49.9959373
49.9950142
49.9950142
49.9949989
49.9952011
49.9949646
49.9949532
49.9948349
49.9947281
49.9945259
49.9944878
49.9944115
49.9943848
49.9943619
49.9943275
49.9942932
49.9941902
50.0849686
78.981987
71.8503952
57.1066895
49.9967422
49.9967613
49.9932022
49.9931564
49.9931641
49.9931679
49.9931717
49.9931755
49.9931831
49.9931908
49.9931984
49.9932022
49.9931908
49.9929886
49.9925957
49.9925156
49.9924927
49.9924774
49.9924507
49.9924278
49.9924011
49.9926186
49.9922867
49.9924164
50.3968353
50.0049667
49.9949608
49.994873
49.9922867
53.6444664
53.5812378
51.3697395
50.3108253
49.9931526
79.9930267
79.9928894
79.9929428
80.8937302
80.0191879
9.99105549
69.9920502
79.9952774
79.9951553
79.992569
79.9923935
95.4398956
89.8956757
231.405151
202.29126
39.4720879
80.0015182
80.0007019
79.9996109
86.4766312
92.6724014
87.5679169
82.0898438
80.0015564
115.498734
113.681564
93.2111893
89.5104904
11.1340952
77.244072
63.7025108
64.0209808
63.9855652
61.0769119
56.9796066
70.7151566
90.7963104
284.17511
270.605316
324.637756
1273.17651
1633.74658
861.042664
249.980026
106.218811
107.523178
104.195885
103.247986
100.907631
100.002991
100.002327
100.002182
100.002182
100.002182
100.001923
100.042336
100.228638
111.376732
113.113876
104.741348
100.279968
60.001339
60.0003891
60.8907318
62.3764343
63.7991638
93.5208893
107.209824
90.550354
69.8408508
61.7389565
76.5146332
70.8100281
63.3516197
194.447464
241.715027
304.243805
361.65448
348.121582
462.163147
383.712402
206.466003
99.207428
71.7798996
197.881531
579.191162
489.783875
180.025314
67.2546387
63.7601509
61.4925003
100.153702
113.423843
135.548706
125.839912
106.358459
100.002357
103.081787
103.509552
101.294731
101.093239
100.984177
100.289772
100.075462
100.030983
100.007858
100.001556
126.415298
143.618423
135.459854
115.090355
102.746063
100.118042
119.333786
127.887177
115.187363
103.275841
82.2600098
348.395294
470.054688
290.733917
119.567673
103.7332
100.30677
100.001732
102.099701
103.030983
100.793983
100.001556
100.001549
100.001564
100.001541
107.643967
107.905983
102.045326
100.001175
100.001045
103.211105
103.947197
112.016968
165.82486
239.920029
225.616287
235.196594
268.457947
202.86528
142.08046
161.094559
245.431259
245.099701
163.157944
208.745697
202.078552
70.3851624
40.5405693
41.0324554
40.8329239
40.3567505
40.0032806
40.0031624
40.0029869
40.0029678
40.0029678
88.4775085
301.573547
926.781738
800.456482
346.816467
310.507446
250.327621
96.279129
100.004059
155.780243
100.004059
100.004059
100.003922
422.946716
432.068787
212.25531
185.815491
387.325073
124.631775
128.901047
114.613297
103.883751
103.049904
102.02063
149.912308
148.395859
158.705124
144.701187
111.674469
100.004059
153.956985
270.207092
291.817688
192.468842
115.975647
100.004211
100.004211
100.004211
107.818359
131.403564
124.44323
105.434814
172.548706
273.755951
225.71106
220.129852
236.433105
174.80069
174.130798
157.925812
117.275505
100.744591
100.332397
100.004524
100.004524
111.221413
105.682022
101.787193
155.817825
190.733093
299.463776
255.14444
145.063614
100.817505
100.125031
100.004684
100.004684
100.004684
100.004684
100.004684
100.004684
100.323952
100.004684
100.004684
135.46199
167.024261
138.360199
109.048279
104.88678
102.545227
100.904716
50.0046043
50.0044785
50.0043106
50.0042419
50.0042267
50.0042114
50.0043755
132.593109
428.342865
405.798706
166.173752
59.5471611
85.0921173
1115.63989
1353.07471
602.229797
510.936615
1442.20654
740.464111
128.686539
100.004524
100.004066
100.003754
100.003517
100.003502
100.00351
100.003517
100.003525
50.0034256
50.0032578
105.560387
275.316193
698.281372
690.240601
331.593597
156.582764
667.044983
295.426544
100.731407
100.049156
100.029213
100.003235
100.002983
100.002853
100.002808
100.002808
100.002808
100.002808
100.002686
100.002647
100.002647
100.002556
100.002495
100.002495
100.002495
100.002495
100.002495
100.002495
100.002495
100.002495
100.002228
99.9989014
100.000717
99.9995728
99.9974823
99.999855
108.806366
103.898651
101.315918
103.027687
101.196747
105.234146
110.306427
116.449806
118.056961
121.946541
109.886414
102.719391
99.9975967
99.9971008
53.6106682
51.790657
50.7576561
49.9981384
49.9986229
50.216198
50.0012779
57.7469559
53.8659401
59.6423874
113.945099
111.017433
114.305199
137.709946
123.404755
107.001625
126.098724
137.254868
157.759033
131.638489
109.201485
100.001045
102.696327
103.335686
101.294273
100.285675
99.9996262
100.955986
50.1025429
50.0320244
49.9987869
59.4985504
55.8019485
52.1415634
51.1777267
119.288254
168.028152
337.728302
494.738403
449.518127
218.743454
113.896629
80.3452911
80.0031433
80.003006
80.0026321
80.0025024
80.0025024
80.5205688
80.0020294
80.0020294
80.0020294
80.0020294
80.0020294
80.0020294
80.0020294
80.0020294
80.0018997
80.0009232
79.9998474
79.9992676
79.9988556
80.0012589
199.143005
356.208435
332.741913
205.441772
583.532959
631.083862
400.583374
219.687897
156.813599
107.232277
100.354263
100.677834
100.194633
100.003021
100.002853
101.573067
102.673592
100.848289
100.033737
100.002029
100.002029
100.002029
100.002029
100.001907
100.001877
100.001877
100.001625
100.001694
100.001381
100.000999
103.661636
177.030853
200.706223
192.981506
156.300751
114.72728
179.535706
531.04657
695.73938
390.371033
137.462875
65.8445892
60.6448212
60.0025215
60.3806038
60.6036148
60.2088661
68.0412979
125.537239
163.098007
136.023682
85.5709076
64.0872345
60.001442
60.001442
60.001442
60.001442
60.0014153
60.9605675
60.3880272
60.119072
60.0010605
60.0890465
60.0138168
60.0015488
60.0008392
60.0005035
60.0813293
60.5374413
85.3457184
112.457199
100.913429
77.9227295
70.0377274
158.434326
154.94754
94.9853973
69.9998245
78.0879745
77.7883377
73.3401947
89.7071152
88.6407928
75.4282303
427.292389
449.421387
927.561462
1028.4386
909.424133
564.799438
222.290237
271.471985
268.317932
152.990707
104.557686
102.666153
100.56884
105.29039
104.94355
119.763824
428.070312
777.215393
712.741699
936.091309
1032.03418
983.643494
663.998718
408.085236
181.077789
138.856247
111.591789
107.07
122.159767
116.208618
114.25502
109.795601
102.558456
100.003662
100.003639
100.003784
100.003418
100.003311
124.298218
204.045532
183.848129
122.46315
120.344498
253.898468
685.311768
646.061646
293.106323
117.760262
344.714783
329.910004
186.641907
156.04184
167.101227
197.066498
214.858078
190.501602
185.790451
160.856018
113.057793
117.711388
108.776093
101.604843
100.004364
100.00428
100.004059
100.004059
100.004059
100.004059
100.004059
40.0040627
40.0039253
40.0038071
40.0037498
40.0036125
40.0034561
44.9208794
44.9212875
102.410004
100.360352
100.066681
100.00312
100.034813
100.012909
100.002686
100.002647
100.002647
101.459991
103.384399
102.159889
100.200043
100.002647
100.363487
100.117279
100.002335
100.002335
101.922867
103.713348
102.001442
146.324646
147.156219
120.105164
230.565033
357.572388
604.22345
573.429382
292.927429
125.867378
100.003578
100.003426
100.003426
100.003426
100.003426
100.003311
100.003021
100.002968
100.002968
100.002968
177.371796
405.595276
555.784668
425.140594
207.652161
114.53006
100.004211
100.080986
100.004211
100.004211
100.004211
133.147675
227.789871
356.553162
348.884766
219.593246
124.871277
101.811699
100.004997
100.003555
100.004784
53.2141418
51.71735
125.578339
644.501038
583.399414
211.348633
51.6081848
102.252144
100.030823
100.0168
100.004066
100.004005
100.003891
100.0037
100.003677
100.585999
100.003685
50.0033569
50.0033531
50.0033531
50.0030975
50.0029297
50.0028915
50.0031281
50.0031281
72.1112976
94.5274277
73.4462509
56.7298813
50.0027122
100.002541
181.294296
209.806168
149.586746
109.184204
100.002655
126.385338
113.772316
104.281189
100.002266
100.002289
100.002312
100.002327
100.002342
100.002342
100.002342
100.002342
100.002342
100.002342
110.203575
104.617149
101.509171
100.00219
100.002243
100.002342
100.002342
100.001823
100.002312
100.002342
100.002342
100.00219
100.056564
49.9962349
49.9962044
49.9961815
49.9961624
49.9960556
49.9958611
53.7776299
51.5887947
50.6175499
49.9958
49.9957352
49.9957047
49.9958076
49.9956741
49.9956894
49.9957047
49.9957237
49.9957695
49.9959373
49.9960251
49.9957123
49.9956665
49.9956436
49.9956398
49.9956512
49.9956589
49.9956703
49.9955215
99.9941025
106.025093
104.963196
101.926285
100.342606
99.997139
99.9965591
49.9938126
198.3759
174.238525
89.9380264
49.9995461
49.9993935
49.9990501
49.9986115
49.9981346
49.9977112
49.9978561
49.9983482
119.652725
110.354042
69.5448074
50.0009499
50.0006523
50.0000381
66.5855255
61.4811783
54.0858955
52.2606659
51.1602364
50.5187988
79.9990158
80.0002899
80.0006104
81.6141891
80.4296722
80.1625061
80.0621948
94.7424622
153.775818
361.053589
806.156555
938.936157
632.833252
284.509613
127.973923
87.584549
81.9383698
80.0032806
80.0032806
80.0031433
104.340988
99.3396149
86.7052078
80.0019302
80.0018692
81.2406616
80.0482941
80.0018692
80.0018692
80.0018692
100.000885
100.000618
100.000137
160.861542
162.263809
118.990585
100.038925
100.000862
100.000038
100.000771
99.9998016
99.9994431
99.9986572
105.001244
184.605621
228.574753
171.56546
234.689301
415.375183
423.353027
356.099792
322.967773
250.135361
156.319641
108.676163
100.003113
161.570892
1164.12573
1666.88904
1138.1781
477.022644
139.2883
246.316132
449.575531
103.85688
100.003433
100.002815
100.002777
100.002769
100.003265
100.003265
154.744949
146.066055
113.929939
100.002472
100.068733
100.011314
118.758881
112.234772
103.74305
100.001404
100.001404
100.001381
147.9133
98.1179657
71.5490952
63.524189
368.054718
360.880707
155.299469
62.8401985
191.861008
414.6362
445.998047
420.136139
290.83728
148.645279
141.458893
210.357864
100.003006
100.002785
100.002632
100.002235
100.001976
100.001961
100.001938
101.281822
101.382111
100.437927
127.05983
126.140343
107.52475
100.001755
100.002029
100.001793
100.001762
100.001755
100.001732
100.001801
100.00174
100.001343
100.000923
101.510872
102.194412
100.566383
99.9994125
99.9993057
115.358093
114.896423
104.798401
105.128914
104.741081
101.141251
117.030533
242.361954
311.213898
220.250793
124.792847
100.001038
100.001068
102.75499
143.717682
155.075211
125.142548
112.23822
109.038116
102.339027
100.001091
153.472244
157.260437
283.661743
273.176544
154.305832
41.0761795
40.0028114
40.0028114
40.0028114
40.0024185
40.0023422
40.0023422
40.0023422
40.002224
87.6459579
88.0276947
56.0262337
41.2556152
53.543766
304.523987
352.0849
170.603287
57.0244026
40.4968758
40.002655
40.0820656
40.4089584
40.222702
40.696537
40.777729
40.3541565
40.0010147
40.0008316
40.0003738
39.999855
99.9996948
99.9992905
99.9991684
101.166733
102.974365
102.127701
100.199081
99.9988022
118.9487
91.3056946
87.8363419
59.232708
42.1951637
39.9994049
39.9990196
39.9987144
39.9984207
39.9981232
39.9976807
39.997551
39.9977303
45.7932053
49.3476906
44.8637199
40.4157257
39.9972115
40.2758331
43.2828979
43.5216255
40.3511276
39.996685
99.9973984
99.9970779
48.7648544
229.010864
205.104889
128.297073
100.001724
100.001724
100.001724
100.000633
103.214035
101.712479
10.0009384
90.6521072
99.9994736
99.9992142
100.9674
100.342819
100.179832
100.001724
100.001724
100.001724
99.9977188
99.9987564
24.6434441
97.9928284
102.448418
99.9968491
99.997879
9.99691772
40.0024948
50.0017204
50.0017204
50.9079323
59.9220924
63.7259254
89.7312469
107.937614
193.833649
148.230347
77.9268799
50.0013084
50.0013008
50.001297
50.0013046
50.0013046
50.0012894
50.0017204
50.0017204
50.0012703
50.0017204
50.0016899
50.0007286
50.0003242
49.9998932
50.0007324
50.0005684
49.9992752
49.9990387
56.0751381
52.2202911
50.7222328
69.5625381
201.805374
291.721252
190.043503
81.6070709
50.0017204
50.0017204
50.0017204
50.0017204
50.0015068
50.0015221
50.0015297
50.0017204
50.0017204
50.0015831
50.0016022
50.0016174
50.0016365
50.0016556
50.0016708
50.0014458
50.0017204
50.0017204
50.0017204
50.0002747
50.9329491
50.2619553
50.1491432
50.0011978
49.9990768
49.9990425
49.9989967
49.9951782
49.9981766
49.9981232
49.9950027
49.9950104
49.9950218
49.994957
49.9951286
49.9948959
49.9947433
49.9947586
49.9949417
49.9948044
49.9947968
49.9948006
49.9948006
49.9948006
49.9947968
49.9947968
49.9947968
49.9947815
49.994751
49.9947357
49.9946938
49.9946404
49.9945831
49.9925842
49.9925575
49.9925308
49.9924889
49.9924278
49.9923401
49.9922256
49.9920464
49.9917603
49.9913864
49.991291
49.9911995
49.9910965
49.9909935
49.9908829
49.9907722
49.9906616
49.9905472
49.9904251
49.9905739
49.9901543
49.9902573
70.4868164
66.1864319
55.5333023
50.3932686
49.9968147
49.9932137
50.0389328
49.9962387
49.9929733
106.85807
19.0249062
86.5398178
79.9944611
79.9939041
79.9939346
80.1371078
79.9989395
9.99228477
69.9936066
9.9918642
69.9932556
79.9923248
79.9921951
79.9920883
79.9920349
79.9919891
79.9920883
79.9916763
80.4524155
80.0053101
79.9942856
9.99077415
70.769783
98.7327881
97.2868271
86.9120407
80.8257675
289.631927
261.113617
158.510132
100.001297
100.001297
103.693443
104.782066
51.3543968
50.0000572
49.9996605
50.0544243
50.0147743
49.9971428
49.9964104
56.1836548
251.585693
428.255737
359.060516
176.315781
71.7480164
50.0017166
100.001717
63.1251373
197.584946
231.949112
132.613129
112.183853
100.011703
109.953339
111.379616
103.324654
100.001717
50.0017166
60.0003967
82.6927643
121.504196
336.111816
478.893677
328.62561
230.619492
416.995911
575.561401
380.127319
139.419266
63.3680534
60.0025558
74.8727875
112.506477
110.778824
122.188705
96.1097336
70.0489883
227.910141
290.312195
172.229675
79.6851501
60.0903282
117.369049
196.443542
295.230621
478.861389
455.083008
228.133652
97.9443512
96.0592117
96.0118942
83.5392914
102.855408
98.6425171
78.0399704
70.1359711
70.0311966
74.0485535
79.918396
86.643898
197.519806
209.90004
359.89325
339.019409
224.270569
255.693695
365.466156
266.502014
147.855621
100.003494
100.003654
100.00338
173.321671
196.152954
326.82251
414.367157
360.329895
216.326416
125.134293
250.475464
298.712006
198.987823
119.374329
101.617371
101.6744
100.733757
100.509308
100.121819
100.003586
130.733398
235.039398
250.686157
463.758484
388.868011
183.548996
102.978783
104.295036
172.34314
206.522705
162.551331
126.420609
110.960861
142.065857
142.100876
116.86467
104.03212
103.253708
101.529114
121.171143
118.879105
119.648323
142.162415
105.185165
62.266571
44.2328072
40.0906296
156.428375
175.988205
118.862328
69.7161331
108.283722
103.083832
104.8423
42.9549408
100.846054
40.829998
41.1553421
61.9493713
61.5149879
47.5337219
43.807869
99.6200867
98.0268936
57.6740723
40.0040627
44.9583168
115.674789
122.017723
70.8335419
50.7705421
108.41172
109.764206
106.314056
155.702393
211.996979
188.283813
155.669266
170.272202
381.05777
434.497589
305.628723
221.83606
161.29303
113.196434
100.070084
100.32177
102.185783
102.523384
100.259193
100.217278
100.072113
100.004364
100.004364
100.63504
125.795349
125.936104
116.202477
155.025833
147.070801
153.407166
