0.0
0.0
0.0
0.0
0.0
0.0
0.0
0.0
0.0
0.0
0.0
0.0
0.0
0.0
0.0
0.0
0.0
0.0
0.0
0.0
0.0
0.0
0.0
0.0
0.0
0.0
0.0
0.0
0.0
0.0
0.0
0.0
0.0
0.0
0.0
0.0
0.0
0.0
0.0
0.0
0.0
0.0
0.0
0.0
0.0
0.0
0.0
0.0
0.0
0.0
0.0
0.0
0.0
0.0
0.0
0.0
0.0
0.0
0.0
0.0
0.0
0.0
0.0
0.0
0.0
0.0
0.0
0.0
0.0
0.0
0.0
0.0
0.0
0.0
0.0
0.0
0.0
0.0
0.0
0.0
0.0
0.0
0.0
0.0
0.0
0.0
0.0
0.0
0.0
0.0
0.0
0.0
0.0
0.324126512
50.291954
83.8986282
105.010406
70.0556183
24.2934189
10.0
4.07333183
0.0
3.53127213e-43
0.0
0.0
0.0
0.0
0.0
0.0
5.11656809
16.0182095
10.9068356
3.31532502
6.08834039e-10
2.9815038e-26
3.20897348e-43
0.0
0.0
0.0
2.40574217
1.71472502
0.754258752
0.354403615
0.103680894
1.52450465e-11
17.8062363
12.9823952
10.0
0.635933876
4.42298193e-26
0.0110111628
0.00349803106
1.28185763e-15
1.732284e-32
0.0
0.0
0.0
0.359447747
0.782333374
0.223366216
0.14084512
0.501733303
0.146936119
0.364286929
0.781735182
1.16700983
1.35558844
3.30631876
3.44643402
13.744442
12.2022047
5.80742741
0.0
0.0
44.3910599
53.0684013
30.2535725
31.1916122
13.5695515
9.92959118
26.8246918
57.9601135
48.194931
31.5148506
13.4546795
10.164916
1.89735425
0.0
0.0
0.0
47.7552567
168.820633
181.445908
36143.5898
156.772873
152.840088
150.134201
117.588799
101.447426
99.9157791
99.9157333
99.9161148
100.053734
100.21283
100.909271
105.623672
110.320847
119.765411
161.511353
146.596481
112.657898
99.9140091
99.9139023
99.9137955
99.913681
99.9135666
99.9141006
99.9309006
99.9966202
107.780556
106.852829
101.848671
100.340919
179.102753
227.418549
214.946014
182.188004
159.752914
141.313126
122.080383
77.0012512
71.368988
70.3485794
69.9994049
100.710274
101.199272
100.244415
99.9111176
99.9108887
99.9110336
113.433884
161.015503
200.223572
173.669601
270.84259
270.237946
216.067596
191.177856
159.666595
120.516426
111.705841
109.768791
103.617378
100.388306
100.11274
100.034447
122.361702
122.411697
56.2752991
51.3383446
52.0430031
50.4630051
49.9254417
49.9062996
50.0021935
40.0021896
42.704998
42.2372017
50.4510002
51.7818184
47.2813683
62.3098946
135.147751
274.624634
270.312286
140.468292
56.7001343
164.627289
202.505127
127.965553
63.8129044
58.7431641
54.0280533
44.4708176
40.003437
40.003437
40.003437
40.003437
43.1033936
182.770844
204.393143
108.307068
56.3161926
46.9753799
42.2278938
40.0037498
40.0037498
40.0037498
40.0037498
40.0037498
40.5788765
82.5551987
78.7387619
50.821125
64.2759094
69.4320145
62.1604233
50.2738495
41.8278236
143.524261
138.554016
69.5882874
42.5415688
41.1238708
40.094593
40.0039062
134.49942
224.83963
155.888031
131.968063
186.874588
165.388428
87.6374283
47.0690536
40.5530319
40.0354424
8330.51855
99.9840393
99.9797592
99.9726944
102.764465
116.185295
239.966919
271.865601
178.002396
114.335876
99.9641953
99.9374847
99.9225006
99.9029541
99.893898
226.727051
199.324081
132.306793
305.439667
320.098816
185.022781
110.668289
99.7988205
99.8049774
99.7960739
116.254486
192.145554
164.904343
117.543159
99.7630997
49.8101463
49.7755241
53.6348572
86.7900696
193.624756
190.956909
100.639008
266.191284
202.910767
94.5396805
49.6927261
49.7268372
165.464371
204.08992
186.938049
132.295364
262.787109
446.530518
470.682129
431.339111
655.533325
648.868286
469.817322
269.338806
99.6841736
99.7237473
99.7643356
99.7339783
99.7013779
99.7356186
102.177162
180.919861
206.177322
148.02951
189.648895
172.317551
124.703712
102.065369
126.809303
113.206978
107.989281
100.999031
100.370697
100.631142
99.8921967
99.8840179
99.8855133
99.8947372
99.9032745
99.9108276
99.9185104
99.925148
99.9320145
99.9391708
99.9469604
100.350594
99.9690781
99.9693604
99.9774399
99.9831619
99.9883423
99.9514923
99.9800797
99.9671021
99.9753799
100.00135
100.456139
100.965958
100.158363
50.083744
50.0039062
53.5559883
51.528553
53.5666161
51.3593712
50.4040527
51.4475174
51.5305099
50.3941345
50.1372414
50.0037498
50.0037498
50.0037498
50.0036125
50.0035934
50.0035934
50.0035934
52.8514671
51.2956924
50.509903
99.9328079
99.8936768
99.893959
99.8941574
99.8943253
99.8945236
99.8948059
99.8949127
99.8952255
101.270653
100.680511
100.83857
99.9431
99.9134674
92.5889587
57.3356781
75.5939407
65.3257675
54.6809578
49.9188766
102.212502
153.799667
111.085495
65.6818466
49.8986626
51.4761887
51.571785
53.5353546
51.26614
51.3461113
50.0353432
80.009552
80.353035
80.0024948
80.0024948
80.0024948
80.0024948
80.0024948
80.0024948
80.0024948
80.0024948
80.0024948
80.0024948
80.0024948
80.0024948
80.0023804
80.0023422
80.0023422
87.6093674
143.59314
162.80481
123.057518
138.084869
393.496887
367.836121
311.840546
208.495041
119.861366
81.2087173
80.0024948
80.0024948
100.138123
100.522095
100.157524
100.002495
100.002495
100.27375
100.952934
100.349998
100.023071
100.002495
100.002495
100.00238
100.051842
101.479393
253.626282
456.525452
524.733765
603.993469
736.017822
521.424927
294.761841
174.771088
122.454674
115.66983
207.938324
260.572449
199.307388
128.025421
102.804054
101.488434
100.373322
59.9238625
59.9396935
120.37088
108.733604
74.6882401
59.940197
157.633209
300.470367
219.768234
100.972557
60.0213661
59.9247971
59.940403
59.9403343
59.9402809
59.9403152
98.0749359
260.346313
476.6521
385.80011
202.8815
104.831993
103.449646
363.944031
422.700745
239.850616
156.108826
102.681923
72.693512
59.9257965
99.9256592
99.9255981
99.9255295
99.9254608
99.9253845
99.9253006
99.925209
99.9251175
99.9250183
99.9249115
99.9248047
99.9248657
69.940155
69.9242249
69.9238815
69.9238815
69.9395523
75.721756
74.3243713
71.0404892
69.9223785
69.9221878
173.255386
195.704742
129.778976
80.8782883
73.4719162
92.6891937
110.082161
92.7326813
75.7989883
100.940063
100.265823
100.018127
99.9565125
99.918541
99.9182205
99.9179764
99.9179306
100.04335
100.55735
100.777756
100.124847
158.468719
94.6197968
63.1677094
50.4696808
53.0095749
192.655884
202.171753
115.656998
59.604084
49.912178
49.9121323
54.651123
54.375061
51.0591278
49.9107742
51.0702553
51.7004623
52.2133255
68.6096802
52.3647842
91.8521118
90.5052414
371.219513
309.714294
316.193115
307.450745
237.562042
163.625183
91.5379257
58.4407616
393.282349
675.825012
418.174927
126.20623
40.0077553
40.0078087
40.0078087
40.0078087
40.0078087
40.0078087
40.0078087
47.7966042
129.870728
331.228058
325.853821
401.764954
420.844849
337.156616
571.022766
994.672241
861.263611
703.126099
669.173828
733.619873
670.805176
435.22879
377.748596
443.358734
393.536133
170.907471
100.007805
100.007805
100.007805
100.007805
100.007805
100.007805
100.007805
100.007805
100.007805
100.007805
100.007805
122.828537
145.698273
127.368561
105.026901
100.007805
100.007805
100.007805
102.79184
107.11924
102.189812
100.718697
102.321877
101.709038
100.555466
100.047684
99.9680939
99.9583359
116.385399
108.638885
102.590446
100.43129
99.9614639
351.069702
346.483795
174.534821
111.743843
105.474731
101.690247
99.8675995
99.8621063
99.8513107
105.056831
102.643356
100.850777
99.7900848
99.751236
99.7350845
99.7248154
113.917397
56.1351433
51.7663002
49.8080292
49.8016777
49.7634659
49.7256966
49.7175293
49.7113991
49.705883
50.9242363
121.871124
108.01268
67.2315063
49.7336121
49.719986
49.7161713
49.6782684
49.6760139
49.6750755
49.6744537
49.6745262
49.6750259
49.6758881
49.6772575
49.6790161
49.6812363
49.6837502
49.6867104
49.6900101
85.3473892
73.9662476
57.904274
49.9723167
49.765831
49.7707138
49.8029175
78.1250381
67.9308853
55.4676933
49.8271599
49.810791
49.8156128
49.8214645
49.8278885
49.834816
49.8418388
49.8485069
49.8552818
49.8624763
49.8779259
49.8806572
49.8829193
49.8894539
49.8967285
49.9045258
50.8853989
50.0711899
50.0045509
49.9302788
49.9373283
49.944973
49.9534683
49.9630203
49.9727249
49.9839516
49.9691811
49.9992485
50.0017509
50.0026588
50.0026588
50.0026588
50.0026588
50.0026588
50.0026588
50.0026588
50.0026588
50.0026588
50.0026588
50.0026588
50.0026588
50.0026588
50.0026588
50.0026588
50.0877151
73.3706589
67.0937119
55.3540039
50.0026588
50.0026588
49.8853111
49.8851509
49.8853416
49.8854065
49.8855705
49.8857803
49.8860168
49.8862534
49.8864937
49.886734
49.8868713
49.8855972
49.8829536
49.8826256
49.8827744
49.8829651
49.8831444
49.8833542
49.8835678
49.8837814
49.8840714
49.8855286
50.2202759
49.8928146
49.9114304
49.8860168
49.8870163
52.8869629
52.8062096
51.0471191
50.1471939
50.0021858
80.0021896
80.0021896
80.0020676
10.6520329
70.0183945
80.0020294
80.0020294
80.0020294
80.0018692
80.0018692
80.0018692
92.7626114
89.3191681
157.455246
146.374298
20.6998558
80.0018692
80.0018692
80.0018692
83.4818344
86.4268951
83.6095886
80.9943848
80.0017166
97.0746765
95.3042755
10.3207731
80.115181
82.7130508
80.9691467
106.417984
106.409073
106.392708
104.971107
53.1248245
59.4269562
67.9134598
140.549622
131.495468
172.40976
662.694824
942.005127
558.99939
205.978256
105.403664
106.480431
103.567795
102.695297
100.754379
100.004845
100.004723
100.004684
100.004585
100.00441
100.004089
100.036888
100.188431
109.160675
110.388039
103.726135
100.144997
59.9360657
59.9194603
60.6178932
61.7428856
62.7843895
83.2981033
91.2099304
79.2084656
65.8715591
60.9610367
69.9256287
66.3927612
61.9097824
129.290298
156.427765
193.104706
231.293564
236.450714
322.608643
271.285309
164.533691
91.3858337
69.5023575
157.895203
395.627258
324.594147
133.607101
66.2782593
63.1803284
61.2214012
70.0500259
81.8061447
99.4378738
89.8044434
74.7888489
69.9223709
72.3119125
72.6210785
70.9046326
70.7730942
70.6852112
9.9549942
60.177021
69.9429703
69.9252319
69.9204483
91.8335648
31.8602715
94.2883072
79.6240158
71.6656952
70.0161667
84.4100647
88.2282867
79.4212112
71.9585114
78.8142242
234.071655
291.924103
122.904556
100.332474
52.5626488
50.1322212
49.9165993
51.6718445
52.296196
50.5316048
49.915329
49.9149361
49.914341
49.913929
56.9701653
55.9034576
51.4475975
49.9126015
49.9301643
52.6399956
52.7938156
60.3450928
100.874084
143.169632
126.010757
142.929626
165.0728
114.134789
81.4355927
101.23925
164.948212
154.554459
93.704834
145.728455
122.387413
61.2388496
40.443634
40.8531265
40.6835022
40.2926521
40.0040627
40.0040627
40.0040627
40.0039444
40.0039062
82.2469711
215.562683
598.736328
478.787048
255.189728
277.82312
194.574326
80.1849823
40.0064278
40.0066795
40.0068169
40.0068741
40.0068741
295.463043
245.639526
114.706039
56.1949196
46.9099579
69.1148987
68.3108521
113.588326
104.519707
103.058395
102.544647
153.036011
141.723221
157.128159
136.861923
109.10466
100.007019
154.928467
248.829956
258.440948
172.666122
112.365273
100.007126
100.007195
100.007195
110.664825
136.381424
124.00901
104.895294
174.664734
259.135834
203.813675
219.164368
234.245514
170.19606
184.504456
158.943115
116.671173
100.739189
100.284698
100.006081
99.9972305
114.805275
106.138916
101.642151
164.161789
193.769714
294.55719
233.831421
136.005142
100.660187
100.013702
99.8998108
99.8990555
99.8943634
99.8758392
99.864296
99.8590469
100.335434
99.8742905
99.8545227
144.994751
175.53421
138.785339
108.275047
106.223
102.661087
100.717819
49.7680969
49.7550507
49.7465668
49.7385521
49.7310295
49.7240982
49.7505302
132.924011
336.168793
292.217194
127.285347
57.4374084
84.6753006
881.802002
1024.20886
503.528778
127.204788
49.7673836
50.2352028
99.7689972
99.7263947
49.679985
49.6777916
49.6792908
49.6813087
49.6838684
49.6869049
49.6904068
49.6943932
49.6989632
107.438133
262.803406
558.13501
546.026001
288.281342
131.385803
99.8262024
99.807045
100.754227
99.9303741
99.8839569
99.8426819
99.8499527
99.859169
99.8685379
99.8770599
99.8858337
99.8951263
99.9043808
99.9131088
99.9208374
99.926918
99.9400864
99.9469452
99.9456253
99.9525757
99.9586868
99.9673767
99.9725494
99.9787598
99.9917297
99.9524918
99.9622574
99.9911499
99.9968338
99.9852829
110.219086
103.655106
101.241333
103.577606
101.016663
105.567451
109.895149
114.453865
114.949326
117.103767
106.720451
101.797508
50.0039062
50.0039062
53.4885559
51.0878716
50.466835
50.0039062
50.0039062
50.2673569
50.0039062
56.4682007
52.3257637
57.1346092
109.728935
107.402596
109.670303
123.767593
114.516487
104.34024
116.825356
122.497528
133.981125
117.165291
105.088463
99.8980942
102.478851
102.575218
100.66201
100.07103
99.8974991
50.9392166
49.9849396
49.921154
49.9199753
57.3837471
53.1204376
51.1316605
51.137043
93.8114014
116.627655
205.352112
289.214539
275.930908
149.283875
102.150917
80.2672729
80.003067
80.0031204
80.0031204
80.0031204
80.0031204
80.7628326
80.0031204
80.0031204
80.0031204
80.0030212
80.0028305
80.0028076
80.0028076
80.0028076
80.0028076
80.0028076
80.0028076
80.0028076
80.0028076
80.0028076
157.489838
231.455048
213.139877
150.581635
369.111389
388.784241
299.229889
187.108063
142.606812
105.613243
100.294823
100.552719
100.161514
100.003738
100.003738
101.357819
102.10672
100.680359
100.029289
100.00341
100.003281
100.003281
100.003281
100.003281
100.003059
100.002968
100.002968
100.002968
100.002968
100.002831
103.047478
153.033783
161.891068
153.518112
130.234268
108.018829
145.124695
315.097015
418.646729
255.168701
111.858818
64.6537323
60.4780121
59.9361153
60.2453842
60.4283142
60.1104584
66.5779572
109.497131
131.947922
111.196251
76.7138214
62.6983719
59.9200974
59.9199829
59.9199753
59.9199867
59.9202881
60.6459961
60.2210579
60.0153885
59.935997
59.9972382
59.9453316
59.9359055
59.919136
59.9191208
59.9911957
60.3199959
23128.9785
129.015015
118.637131
104.741638
99.9387817
152.493378
141.651016
112.47261
99.9182358
104.949417
104.040291
101.75322
112.455246
109.615387
102.793449
278.423035
255.44516
596.654846
663.937134
700.290894
443.785461
209.694565
862.742615
630.321533
336.213776
193.800095
184.469681
100.411545
104.625359
103.98848
119.336884
345.540283
571.240356
522.102112
721.743286
749.613464
824.959106
565.093323
371.727539
168.384308
140.216019
111.618195
107.678185
123.72979
116.638741
114.909714
110.017281
102.512527
99.9166107
99.916481
99.9338226
99.9156876
99.9154205
125.598114
195.354309
169.258347
117.740883
119.15863
227.226013
546.617432
498.325195
250.089676
57.799614
100.007751
178.805267
197.346359
158.12178
173.891251
203.770782
221.455826
218.324524
198.850006
169.708771
125.918373
121.552673
110.349464
101.889015
100.007805
100.007805
100.007805
100.007805
100.007805
100.007805
100.007805
40.0078087
40.0078087
40.0078087
40.0078087
40.0078087
40.0078087
45.7645111
45.4968872
102.648521
100.405922
100.078896
100.007652
100.042656
100.018776
100.007652
100.007652
100.007538
101.535912
103.373909
102.061028
100.191551
100.00721
100.350693
100.11631
100.007179
100.007179
101.757004
103.248123
101.694153
137.970337
137.133957
115.716698
183.533905
259.719025
411.390442
408.901215
235.81395
120.708061
100.007652
99.9993286
99.9926453
99.9941254
100.003265
99.9667206
99.9776001
99.9666443
99.9559174
99.9635696
174.889679
348.812927
475.635223
383.632355
199.516144
114.775589
99.9086456
100.015694
99.8942719
99.8633499
99.8597183
144.824524
249.448181
384.497253
377.454407
237.801208
130.066376
102.244331
99.764061
99.7251282
99.7417374
54.9930153
52.5220451
149.396545
627.865662
519.794128
190.790115
52.1795006
52.890995
49.8012047
49.7660027
49.7286797
49.6916389
49.687809
49.684597
49.6820145
50.6343079
49.732502
49.686657
49.6758194
49.6754494
49.6755981
49.676239
49.6774979
49.7173195
49.7569771
76.4669037
97.164093
73.672554
56.81567
49.7580833
99.7717438
170.539078
188.360458
137.626785
106.461472
99.8133163
122.303642
110.535927
103.208038
99.8195419
99.8279953
99.8368835
99.8458557
99.8713608
99.8708191
99.8725357
99.880455
99.8884964
99.8963089
109.967888
103.097221
100.978188
99.9260788
99.9320602
99.9405136
99.9499207
99.9504166
99.9489822
99.9572067
99.9736023
99.9649429
100.050598
49.9750595
49.9854393
49.9943771
49.9992943
50.0029678
50.0029678
54.1056519
51.0938416
50.4256973
50.0029678
50.0029678
50.0029678
50.0029678
50.0029678
50.0029678
50.0029678
50.0029678
50.0029678
50.0029678
50.0029678
50.0029678
50.0029678
50.0028687
50.0028114
50.0028114
50.0028114
50.0028114
50.0028114
99.8912277
55.5521049
54.1505318
51.3959084
50.1724358
49.9130325
49.8888817
49.8891335
135.99054
120.476311
71.9490891
49.8921661
49.8924561
49.8927498
49.8930435
49.8933067
49.8941002
49.9166603
49.8949623
89.261879
78.7516174
59.2542305
49.896225
49.896492
49.8973846
60.4658661
55.5572929
51.8876953
51.7835159
50.4530487
50.1481514
80.0024948
80.0024948
80.0024948
81.4067154
80.2337265
80.0908508
80.0651932
89.081398
117.907135
201.980347
402.283142
508.142151
411.542419
223.267838
118.915199
86.3395386
81.8465729
80.0031815
80.0033951
80.0034332
102.702141
95.1596298
85.2637711
80.0030212
80.0028687
81.3666306
80.037735
80.002533
80.0024948
80.0024948
100.002495
100.002495
100.002495
142.995605
139.716187
112.17289
100.025337
100.002495
100.002495
100.002495
100.002495
100.002495
100.002495
103.237869
147.672485
116.772766
85.7485657
119.840141
212.116669
224.58847
206.560547
199.192184
205.140411
140.971786
106.577042
100.002495
146.240387
726.502686
1049.49524
833.243286
393.275482
126.401848
65.4912796
60.3025208
59.9405136
59.9249115
59.9241142
59.923996
59.9241714
59.9405365
59.9405632
110.249054
95.9387283
70.8398361
59.9241219
59.9880676
59.9315147
76.1236496
68.5299683
62.561264
59.9233932
59.9233932
59.9236183
98.9940186
85.1190338
67.5922089
62.1525383
251.017807
210.968201
108.315117
61.8261909
149.107971
303.11441
306.465729
320.944275
206.233429
104.681511
69.923111
69.9231873
69.9385147
69.9226761
69.9223251
69.9220963
69.9219284
69.9217911
69.9218979
70.9921799
71.0685272
70.2759247
96.1787415
90.1064911
75.771225
69.920372
69.9362564
69.9198227
69.9196091
69.9193268
69.9191971
69.9353409
69.9186554
69.91819
69.9180756
51.044548
51.5441475
50.332531
49.9166374
49.9162827
63.9044762
60.3028564
53.2573357
53.8375244
52.9956131
50.6544876
63.9170532
144.106461
169.788513
109.738304
61.9271736
49.9124565
49.9122887
52.0036888
85.6901245
86.3590851
65.3456955
59.155159
55.9028511
51.447506
49.9091759
93.6770172
85.7344589
179.958511
146.163422
79.6382675
40.7422104
40.0032806
40.0032806
40.0032806
40.0032806
40.0032806
40.0032806
40.0031433
40.0031242
80.3836823
72.6782455
50.6136665
40.8375778
51.071022
202.194611
215.39267
114.311104
51.1750412
40.3829079
40.0032234
40.06884
40.3338432
40.1822586
40.5710945
40.6258392
40.2848282
40.0031242
40.0031242
40.003006
40.0029678
40.0029678
40.0029678
40.0029678
40.9280128
42.2846146
41.5946465
40.1514587
40.0028114
55.0371437
75.9784088
70.6276855
51.6461678
41.2687492
40.0024986
40.0024986
40.0024986
40.0024986
40.0024986
40.0024986
40.0024986
40.0024986
44.247757
46.2179909
43.0550652
40.2574615
40.0024986
40.1982803
42.2653275
42.2273903
40.2149811
39.9932365
25245.6562
99.9998169
124.944275
175.535553
153.342178
113.924706
99.9469147
99.9431915
99.9426956
99.9295502
102.317329
101.032974
100.309074
99.8918533
99.8833008
99.8737335
100.644806
100.107986
99.9801712
99.8566971
99.8517685
99.8384323
99.7986145
99.7862015
109.823204
104.871674
101.272552
99.7170715
99.7338257
99.7237244
49.7408752
49.7829514
49.7768097
50.4533348
56.3275642
58.4039955
72.9367828
81.5971527
122.056915
96.4979401
62.7963066
49.6598549
49.6482506
49.6432114
49.6387978
49.6349258
49.6323776
49.6720428
49.6725578
49.6303749
49.6652718
49.6648598
49.6251984
49.6233444
49.6617317
49.6995697
49.6641541
49.6286163
49.6304436
53.8762856
51.0729256
50.1346931
61.9593506
122.993095
160.579254
109.020317
62.9419632
49.7909813
49.766571
49.7686043
49.7746735
49.7548752
49.7585869
49.7666664
49.7948685
49.8036766
49.794426
49.8028946
49.8132248
49.8239021
49.8348274
49.8460503
49.8573685
49.8788147
49.8983269
49.8987694
49.9010048
50.7728996
50.0883255
50.0141182
49.935894
49.9433937
49.9422951
49.9669533
49.9726105
49.9630089
49.9948807
49.9984245
50.0013428
50.0021896
50.0021896
50.0021896
50.0021896
50.0021896
50.0021896
50.0021896
50.0021896
50.0021896
50.0020332
50.0020332
50.0020332
50.0020332
50.0020332
50.0020332
50.0020332
50.0020332
50.0020332
50.0020332
50.0020332
50.0020332
49.888588
49.8888474
49.8891106
49.8893471
49.8894958
49.8895531
49.889492
49.8891869
49.8883514
49.8872299
49.8874207
49.8876724
49.8879242
49.888176
49.8884315
49.8886871
49.8889427
49.8891678
49.8893623
49.8896179
49.890049
49.8911552
67.8778687
64.2379913
54.700367
50.2003212
49.894722
49.9170418
49.9454422
49.8945656
49.8947945
98.3724899
93.5971527
84.5443573
80.0020294
80.0020294
80.0018692
80.0869293
80.0018692
80.0018692
80.0018692
80.0018692
80.0018692
80.0018692
80.0018692
80.0018692
80.0018692
80.0018692
80.0018692
80.0017166
10.2846766
70.005661
80.0017166
80.0017166
10.5045042
83.5458908
93.2150116
85.2504807
80.5705261
169.759354
165.217438
76.5152512
50.001564
50.001564
51.9459839
52.4252281
50.6952858
50.001564
50.001564
50.0303345
50.0107002
50.001564
50.001564
53.2722244
131.746307
205.070297
187.419189
111.751205
61.6401634
50.001564
50.001564
58.3408051
129.095688
148.16716
95.697258
57.0459061
50.0083656
56.4568825
57.5758591
52.2238464
50.001564
10.000782
49.9150429
73.4908142
93.806427
189.117584
268.825928
201.076279
167.853516
288.793243
397.149994
274.627625
115.73497
62.7555275
59.9195671
72.1898117
99.9865417
98.0033646
105.08696
85.7449036
67.1280441
169.009918
209.94223
133.378418
73.2758865
59.9914474
103.490189
155.746506
219.071167
338.063568
326.84201
178.403717
91.2469559
92.0544586
90.9342194
80.9538498
96.4389191
91.7136536
76.0655365
70.0247879
69.9435883
73.153801
77.7963791
82.9348373
158.457977
159.499496
262.439117
235.758621
180.294022
215.625153
295.285065
208.893967
103.74752
69.921524
69.9373474
69.9213028
134.556305
144.203094
238.747131
297.177856
266.199097
157.913605
119.310654
236.636292
259.66217
174.360153
114.56916
101.517647
101.408234
100.642807
100.373703
100.019272
99.9189758
133.251801
219.99231
214.729065
393.74057
290.875061
152.755707
103.388145
104.445099
176.891388
199.833191
154.873978
124.994377
110.621597
144.934601
140.181976
115.219162
104.142761
103.157852
101.588287
123.390617
117.998817
120.043533
132.362915
97.610321
59.2297058
43.655262
40.0872192
153.510727
153.990982
109.878235
66.9195557
47.5389633
43.6317253
45.5238457
43.1091461
40.864666
40.9924088
41.27034
64.336731
60.6965714
47.0105934
44.0997162
96.0865479
88.0098724
54.1689835
40.0071869
45.3771935
106.889038
106.012817
64.4101334
50.7183685
107.893707
109.838203
105.619438
149.644455
190.617996
168.790237
146.946808
161.573868
321.367126
360.115906
276.557861
221.630432
160.424957
112.526573
100.088219
100.517838
103.436943
103.558525
100.351959
100.339729
100.113037
100.007492
100.007492
100.977036
131.638
128.773788
118.612701
158.418396
144.867126
154.255219
