0.0
0.0
0.0
0.0
0.0
0.0
0.0
0.0
0.0
0.0
0.0
0.0
0.0
0.0
0.0
0.0
0.0
0.0
0.0
0.0
0.0
0.0
0.0
0.0
0.0
0.0
0.0
0.0
0.0
0.0
0.0
0.0
0.0
0.0
0.0
0.0
0.0
0.0
0.0
0.0
0.0
0.0
0.0
0.0
0.0
0.0
0.00312364008
0.00312364008
0.00312364008
0.00312364008
0.00312364008
0.00312364008
0.00312364008
0.00312364008
0.00312364008
0.00312364008
0.00312364008
0.00312364008
0.00312364008
0.00312364008
0.0
0.0
0.0
0.0
0.0
0.0
0.0
0.0
0.0
0.0
0.0
0.0
0.0
0.0
0.0
0.0
0.0
0.0
0.0
0.0
0.0
0.0
0.0
0.0
0.0
0.0
0.0
0.0
0.0
0.0
0.0
0.00312364008
0.00312364008
0.224389404
32.5840569
48.6206322
62.573761
40.497406
13.826622
10.0015631
2.4768765
0.00312364008
0.00312364008
0.00312364008
0.00312364008
0.00312364008
0.00312364008
0.00312364008
0.00312364008
2.96382761
9.18935013
6.24229956
1.90033543
0.00312364055
0.00312364008
0.00312364008
0.00312364008
0.00312364008
0.00312364008
1.42753422
1.02240753
0.452055365
0.228487775
0.0675175041
0.00312364008
11.1155624
11.5639858
3.4718163
0.00312364078
0.00312364008
0.00999081694
0.0053052078
0.00312364008
0.00312364008
0.00312364008
0.00312364008
0.00312364008
0.236994565
0.518268824
0.148536414
0.0953196436
0.33701703
0.0999401137
0.24756138
0.528436124
0.796276808
0.920953453
2.27685285
2.35408258
9.38521671
9.31857872
2.83627176
0.0
0.0
28.4550591
29.2841339
18.6362305
22.5121727
12.0677357
4.56272411
12.9600735
35.1773567
20.4322815
18.1338234
11.8987932
6.06914902
0.0420991629
0.0
0.0
0.0
27.1495705
90.4287567
95.2615509
39.9006157
10.4379711
35.9606018
18.9332466
10.6819582
8.20510197
0.0
0.0
0.0
0.0119834729
0.10905081
0.546537578
3.54568505
6.43936682
12.4762087
108854.914
127.632797
107.509193
99.9184113
99.9183044
99.9182892
99.918396
99.9182739
99.9186478
99.9356003
99.9808273
105.243179
104.231117
101.111282
100.213905
151.87558
178.303131
168.6521
148.239716
135.094421
124.183449
112.772835
103.980721
100.797867
100.176514
99.9690247
100.451454
100.702576
100.12011
99.9201965
99.9201279
99.920433
109.572929
141.92804
165.584488
145.780029
210.976593
202.172028
171.506195
156.715897
136.506088
112.420555
108.071083
106.439148
102.349327
100.26651
100.077835
100.033356
116.808365
115.632721
104.297897
101.007736
101.457664
100.330948
99.9607239
99.9419327
100.038506
40.0388985
42.1313591
41.7077255
48.0773888
48.8546028
45.4737473
56.973526
110.03418
203.967575
194.946304
105.592239
50.7159233
127.708374
151.875366
100.278885
56.6671982
53.5186005
50.5764923
43.3763161
40.0842819
40.0866814
40.088768
40.0901871
42.4471703
143.225861
160.771957
89.9085922
51.8228035
45.3602409
41.7770233
40.1099319
40.1120186
40.1139297
40.1151924
40.1164246
40.5797386
71.9977036
69.7360535
48.3181915
58.1689301
62.2254219
56.6203766
47.7616386
41.4658394
115.315887
112.452576
61.8086243
42.0374069
40.9771385
40.2044258
40.1378593
109.187836
173.714874
123.238457
105.419739
144.660522
130.024734
74.7101135
45.2907486
40.5896187
40.2051582
11483.6094
100.16864
100.167236
100.16272
102.154182
112.203758
202.698151
229.056015
159.34906
110.909065
100.166008
100.146004
100.13839
100.121353
100.114166
192.416443
174.460785
124.509529
246.781952
258.551697
161.675476
107.875359
100.045448
100.055611
100.050026
112.212509
168.095886
147.630432
113.092972
100.02916
50.0779419
50.0447121
52.9853668
78.5642471
160.039459
156.776688
87.8895569
215.959335
163.73317
82.6699448
49.9734039
50.0092888
104.681831
134.986832
164.064194
114.662445
234.115753
335.177124
345.306641
311.345337
192.719727
137.67131
103.855064
99.9772415
99.9797363
100.01931
100.059898
100.029541
99.996933
100.031158
102.269386
174.02536
191.985352
139.14415
183.201828
161.258636
120.487061
102.010612
125.839653
111.599136
107.387314
101.158989
100.593376
100.882362
100.183807
100.17524
100.176697
100.185326
100.193642
100.201385
100.208672
100.215393
100.221703
100.228264
100.23555
100.61409
100.25589
100.254478
100.25779
100.261215
100.263535
100.225517
100.253143
100.239639
100.247688
50.2730942
50.7051964
51.1895714
50.4132462
50.3460274
50.2740059
53.6249733
51.6797485
53.6197739
51.5174866
50.6288109
51.6608467
51.7246208
50.6151886
50.3884506
50.2707291
50.2705345
50.2699394
50.2695923
50.2693214
50.2689323
50.2685585
53.0292282
51.4627304
50.7163773
100.191292
100.157082
100.15699
100.156761
100.156593
100.156136
100.15596
100.155724
100.155548
101.496429
100.889297
101.058739
100.195
50.169281
50.1542931
56.9296608
72.4325943
62.2884903
53.920002
50.1732407
93.2848816
129.353271
92.556076
60.9860573
50.1497192
51.5412903
51.5747948
53.1726036
51.0237312
51.3117943
50.271225
80.2540207
80.5870667
80.2476501
80.2465897
80.2459335
80.2450104
80.2438965
80.2431564
80.2423172
80.241127
80.2400894
80.2393265
80.2385101
80.2373581
80.2366333
80.2358398
80.2347412
86.8100281
130.33017
138.149582
108.220993
121.56102
287.691376
244.523911
222.921036
152.654663
102.563286
80.9330215
80.2271729
80.2268219
100.314011
100.575333
100.331024
100.224533
100.223854
100.407539
100.88443
100.47049
50.2366676
50.2203369
50.2193947
50.218895
50.2559776
51.3805351
169.511887
299.13562
330.662354
391.384827
513.633545
353.194977
254.070007
163.473572
119.574059
114.506706
198.232605
244.790619
188.922852
125.394569
102.883163
101.68219
100.64444
60.220005
60.2358398
119.316956
107.114883
74.6505508
60.2368088
153.739105
284.989227
205.375748
97.7391281
60.3107872
60.2209511
60.2365532
60.2366066
60.2365913
60.2366219
98.4946594
259.682556
458.951569
358.099976
191.877625
103.224297
103.198456
362.754395
415.251465
234.116791
153.475021
101.772446
72.6372757
60.2210159
70.2208786
70.2208176
70.2207489
70.2206802
70.2205963
70.2205124
70.2204285
70.2203369
70.2202377
70.2201309
70.2200165
70.2200851
70.2354889
70.2197113
70.2195282
70.2195663
70.2352371
76.4123993
75.1261978
71.4796448
70.2185059
70.2184448
176.04451
201.710236
132.553986
81.4316025
73.8954468
93.0769348
110.337936
92.8264465
76.0636673
51.210968
50.5574532
50.312645
50.2526321
50.2152672
50.2150002
50.2147598
50.2147102
50.3475113
50.8844223
51.064003
50.4176369
108.968796
93.6462479
63.0202408
50.7368698
53.3217735
188.865784
190.501785
108.083313
58.4869728
50.2098465
50.2097321
54.8063354
54.2082062
51.2197151
50.2083397
51.3626289
51.8447151
52.4493942
68.2845001
51.6373329
89.9817047
86.4282608
352.936005
263.16452
287.284607
275.453339
215.714096
155.568649
90.3071365
58.3186226
392.102844
675.906982
413.633423
124.792458
40.3029938
40.3029938
40.3029938
40.3029938
40.3029938
40.3029938
40.3029938
47.7039909
129.20993
332.422485
334.775269
419.025696
446.483704
293.201111
153.348297
585.909973
683.619385
382.87149
557.12561
751.05426
687.889587
442.37262
398.462341
441.470459
398.646393
168.955215
100.302979
100.302979
100.302979
100.302979
100.302979
100.302979
100.302979
100.302979
100.302979
100.302979
100.302979
121.808022
143.563492
126.377548
105.125893
100.302979
100.302979
100.302979
102.915916
107.057709
102.396675
100.991989
102.528923
101.951645
100.837959
100.341621
100.263428
100.253677
116.281769
108.758965
102.840439
100.717865
100.256622
342.636688
340.24646
173.03775
111.495811
105.525955
101.910141
100.163063
100.1576
100.146797
105.12925
102.827705
101.109421
100.085609
100.046761
100.030586
100.020325
113.757645
56.2256699
51.999073
50.1035576
50.0972099
50.0589943
50.0212173
50.0130501
50.0069199
50.0014038
51.1949043
124.497787
111.896431
68.6082687
50.0292664
50.0156822
50.0118713
49.9742203
49.9720192
49.9712181
49.9708519
49.9709892
49.9716263
49.9727097
49.9741592
49.9760551
49.9783478
49.9810982
49.984436
49.9883003
86.9276428
126.033356
108.799965
100.283966
100.066048
100.072166
100.105789
128.666519
119.043449
106.018227
100.123581
100.113998
100.120819
100.128105
50.1348686
50.1413727
50.1473579
50.1530418
50.1589127
50.1651039
50.177494
50.1755295
50.1785583
50.1819763
50.1861305
50.1906433
51.1820259
50.3442383
50.2796593
50.2081795
50.212883
50.2182312
50.209919
50.2185936
50.2281227
50.2394981
50.2242546
50.2504768
50.2520027
50.2519264
50.2516708
50.2511406
50.2507515
50.2506752
50.2499466
50.2495995
50.2494774
50.2489166
50.2484474
50.24823
50.2475624
50.247139
50.2467041
50.2461548
50.3426361
70.6028519
64.1814957
54.6781807
50.2439499
50.2434464
50.1256828
50.1251793
50.1248817
50.1245193
50.1240768
50.1236763
50.1231537
50.1227493
50.1224823
50.1221199
50.1216507
50.1197128
50.1163826
50.1152153
50.1146393
50.1138763
50.1134148
50.1127014
50.1119804
50.1115494
50.1109238
50.1118546
50.4629822
50.1155586
50.1351357
50.1086845
50.1089821
52.8672485
52.5799561
50.9360199
50.2908134
50.219883
80.2186661
80.2173615
80.2166443
80.8858871
80.2256851
80.2132797
80.2122879
80.2112503
80.2099228
10.1079769
70.3085022
90.859314
86.9714508
138.0681
124.150627
93.8582916
80.2012634
80.2004013
10.1035986
72.8685303
84.6247482
82.4167633
80.8042221
80.1940613
92.0059586
13.2883615
80.2985153
83.3394852
81.8167191
80.767746
104.459915
104.095078
54.3012848
53.2082977
52.1065598
56.3396873
61.5133934
106.483673
96.9998398
121.67662
383.111481
534.575684
327.29599
109.583969
104.737236
105.318069
103.118324
102.395752
50.8320084
50.2273064
50.2289352
50.2302284
50.2306671
50.2309036
50.2310219
50.2580109
50.3872375
58.3180046
58.7745819
53.300972
50.3355255
60.1613197
60.1437531
60.712532
61.6208458
62.45644
80.2765961
85.7797852
75.4643784
64.7744751
60.9481735
68.4247513
65.1558609
61.676445
116.890182
134.476578
160.420349
183.991241
184.848175
247.451294
204.011688
134.812836
82.4544296
67.1846695
145.745483
335.435333
249.837265
112.871696
65.5222397
62.8591347
61.2671127
33243.5391
111.462677
126.984329
116.478905
104.171616
100.204002
102.335823
102.491585
101.004234
100.972282
100.855072
100.380562
100.268333
100.221855
100.206284
100.202271
121.451546
128.359467
121.033966
108.074043
101.604736
100.28875
113.856476
115.670135
107.881233
101.825378
108.390961
249.72113
280.42569
190.541977
121.935165
102.043427
100.345886
100.195808
101.681618
101.982918
100.646645
100.195023
100.194695
100.194099
100.193474
106.782997
104.844215
101.350037
100.191208
100.208313
102.676628
102.452087
109.831024
146.557571
180.378937
160.269104
179.513733
195.365128
145.737427
125.457893
144.237823
200.575333
180.226685
131.201797
187.32132
153.530533
55.4560051
40.6151161
41.0237846
40.8246613
40.5065346
40.2919807
40.2921753
40.2923508
40.2924881
40.2924271
79.8276138
195.429657
519.474731
363.034943
212.66452
265.777649
178.806732
75.6699829
40.3029938
40.3029938
40.3029938
40.3029938
40.3029938
295.805145
257.135406
118.096832
57.2982864
47.7813568
69.5136261
70.2839355
114.784943
104.830956
103.543953
102.825569
154.468597
145.016968
159.084183
139.507706
110.035233
100.302979
156.284149
253.462845
264.375732
175.654419
113.023705
100.302979
100.302979
100.302979
110.952789
137.353973
125.46022
105.516472
176.27565
264.881409
209.177795
224.501678
240.103989
173.438339
186.912506
162.136536
117.848152
101.108696
100.625549
100.301628
100.292816
115.030357
106.935997
102.206512
164.70932
197.637756
300.504944
242.182999
139.343094
101.055748
100.32753
100.195335
100.194572
100.18988
100.171356
100.15995
100.154694
100.619232
100.169899
100.150131
145.339813
177.85614
141.787186
109.370377
106.406952
103.114433
101.108818
50.0638008
50.0507545
50.042263
50.034256
50.0267258
50.0197945
50.0463409
135.415451
344.973419
307.318268
133.309082
58.2571793
85.5970459
906.256897
1069.85876
544.232605
137.718536
50.0629997
50.4902992
100.064583
100.021965
99.9755478
99.9733658
99.9748611
99.9768829
99.9794312
49.9824638
49.9859657
49.9899445
49.9945145
107.504066
262.120453
562.635498
550.221191
288.867676
131.224915
100.121681
100.102715
100.970802
100.225784
100.179581
100.138504
100.145729
100.154953
100.164566
100.173241
100.182167
100.191544
100.200607
100.209045
100.216972
100.224319
100.238457
100.245445
100.244476
100.251595
100.257683
100.266083
100.270897
100.274033
100.279877
100.239143
100.248238
100.276726
100.281998
100.271187
110.302582
104.128357
101.604279
103.730881
101.359352
105.735214
110.039734
114.527702
114.951912
116.877121
106.890701
102.048912
100.285652
100.285522
53.6131554
51.3454094
50.7391777
50.2841759
50.2838631
50.5377769
50.2833176
56.5443268
52.5347862
57.1700859
109.504608
107.15699
109.33075
122.3685
113.576736
104.169144
115.753372
120.596451
130.421265
115.099403
104.574753
100.172554
102.526947
102.52298
100.78289
100.310226
100.170311
101.131187
100.246407
100.189323
100.191055
106.884811
102.745163
101.131302
101.308655
138.499588
106.315025
176.630478
237.478378
222.642151
118.18116
95.4178925
80.5100327
80.2698288
80.2697296
80.2694931
80.2693024
80.2689056
80.9803619
80.2681656
80.2677612
80.2674637
80.2670135
80.2663116
80.2657776
80.2651596
80.2645721
80.2639084
80.2630463
80.2624054
80.2616043
80.260704
80.2600632
145.864655
200.012726
180.604614
132.528427
296.334717
291.849243
236.834564
156.871796
130.473145
104.38092
100.513725
100.72509
100.404785
100.271034
100.271248
101.40377
102.011162
100.873993
100.300766
100.271393
100.271179
100.270767
100.270432
100.270103
100.269653
100.269096
100.268349
100.268181
100.267303
100.266441
103.063339
148.086197
153.066895
146.165924
124.816887
106.975739
88.8578491
222.285339
291.209045
202.068985
97.4514618
63.6240501
60.6228523
60.2010117
60.445591
60.599781
60.3521461
65.7926941
102.425133
119.926285
101.980301
73.5225372
62.4034729
60.1864853
60.186451
60.1860886
60.1856384
60.1853409
60.7896996
60.4441681
60.2687874
60.1988716
60.2506485
60.2062798
60.1972542
60.1797028
60.1788292
60.2420311
60.528923
41381.6445
126.019417
116.291756
104.392288
100.190071
146.042572
134.43573
110.722763
100.1698
104.381256
103.387543
101.643799
110.826408
107.772263
102.479958
246.196136
213.702988
484.648071
491.860565
554.857178
345.646088
183.042496
250.305176
210.935638
135.207443
104.229866
102.379524
100.668144
105.551147
104.309074
120.775398
359.937805
578.42627
518.888672
573.311768
610.167358
819.082397
570.978821
383.684326
166.307526
144.466522
113.520157
108.686157
125.825706
118.210861
116.538643
110.960251
103.017838
100.21183
100.2117
100.229042
100.211006
100.210793
127.994339
203.264191
176.379532
120.406898
120.900726
237.11264
578.290527
520.019043
259.979126
119.39901
100.302979
232.811584
199.659729
160.118149
175.991821
206.040466
226.560425
219.929443
201.670029
170.782181
127.368332
121.998718
110.754494
102.177719
100.302979
100.302979
100.302979
100.302979
100.302979
100.302979
100.302979
100.302979
100.302979
100.302979
100.302979
100.302979
100.302979
46.361824
46.0971451
103.079262
100.71991
100.378258
100.302979
100.340477
100.314896
100.302979
100.302979
100.302979
101.964767
103.93084
102.49617
100.498512
100.302979
100.680664
100.422966
100.302979
100.302979
102.246216
103.87104
102.148254
143.846848
142.753433
118.254051
191.630005
270.588837
415.813782
405.786041
233.143906
120.447289
100.302979
100.294754
100.28804
100.289467
100.298508
100.262062
100.272942
100.261986
100.251259
100.258911
177.015488
352.29071
480.287262
385.412598
200.33754
115.232819
100.20401
100.304962
100.189629
100.158707
100.155258
144.000107
247.413681
386.69696
381.643372
241.036316
131.751862
102.750717
100.059639
100.020714
100.037346
55.141407
52.8053284
146.698288
640.705872
525.112488
194.235764
52.4167061
52.9979515
50.0960693
50.0612946
50.0242538
49.9872055
49.9833794
49.9801521
49.9775734
50.8509064
50.0280533
49.9822044
49.9713631
49.970993
49.9711418
49.9717789
49.9730301
50.0128517
50.0526085
77.4784851
99.299118
75.6645813
57.4719772
50.0543518
100.068161
171.612305
190.91687
139.226532
106.932472
100.110367
122.080154
110.924843
103.558281
100.116196
100.124496
100.133179
100.141991
100.166855
100.165276
100.166748
100.1744
100.182571
100.19072
109.8946
103.396416
101.279778
100.217239
100.222099
100.22982
100.238914
100.239098
100.237152
100.244804
100.258362
100.251579
100.317886
50.2451019
50.255188
50.2628899
50.2672272
50.2701187
50.2698097
54.1680946
51.2916641
50.6744576
50.2686119
50.2681236
50.2678757
50.2677193
50.2673645
50.2667389
50.266468
50.2661133
50.2657471
50.265274
50.2650833
50.2646904
50.2640839
50.2638321
50.2634354
50.2628365
50.2624626
50.2620506
50.2615242
100.149673
105.401436
103.912132
101.388565
100.385696
100.169121
100.144524
100.144211
171.302338
156.838028
68.2750778
50.1450539
50.1448441
50.1446114
50.1441574
50.1440353
50.1440926
50.166317
50.1437302
80.9233017
71.1549072
57.0786362
50.1426086
50.1424332
50.1422806
58.5073967
53.9907799
51.4959412
51.8345566
50.5019646
50.3046799
80.2430954
80.2424469
80.241745
81.5584946
80.41922
80.3065033
80.3029022
87.7333298
109.835304
169.388672
297.241943
349.170227
281.328766
165.813309
105.268242
84.5486526
81.6453857
80.234726
80.2346268
80.2341919
98.2943878
91.9084167
84.2825851
80.2323227
80.2316208
81.5132294
80.2555389
80.2296982
80.2288742
80.2280273
100.227287
100.226471
100.2257
135.798035
130.922745
109.838142
100.245338
100.222099
100.221191
100.220528
50.2197647
50.2188683
50.2180634
52.9072952
89.2488251
101.297592
76.6723709
104.053284
167.861984
171.373184
158.438995
152.349686
121.189201
77.8841705
54.7644386
50.2125702
86.5503235
509.974579
791.583618
627.435913
356.090912
122.457275
65.5985565
60.5982361
60.236763
60.2210655
60.2203865
60.2204056
60.2206345
60.2369995
60.2371407
110.630661
97.3811188
71.7542191
60.2209625
60.2851372
60.228466
76.3163071
68.8668823
62.9480705
60.2206497
60.2206345
60.2207375
98.1483765
85.3102112
68.0388184
62.4311371
237.721436
199.670563
105.325623
61.8755493
142.39978
281.426331
271.228302
288.019714
182.449875
99.4160919
70.2203522
70.2204285
70.2357559
70.2199249
70.2195663
70.2193375
70.2191696
70.2190323
70.2191391
71.4090042
71.4018631
70.571228
96.7469482
90.5202637
76.1650238
70.2180862
70.2339706
70.2175369
70.2173233
70.2168808
70.2168732
70.2330551
70.2163696
70.2157898
70.2156525
11.2607698
91.9738312
100.626724
100.21373
100.213509
114.153755
110.426476
103.545433
104.119522
103.179695
100.925163
113.978401
189.947754
210.412506
152.828125
110.638634
100.207367
100.206985
102.108856
132.656708
131.336624
113.00238
108.355934
105.085266
101.449577
100.202744
139.587616
129.435471
214.811447
175.381638
123.351189
40.85215
40.2963524
40.2962799
40.2961617
40.2961235
40.2959023
40.2954712
40.2953415
40.2952232
76.5763016
66.5451889
48.785141
40.9551353
50.2529297
179.224884
177.052124
95.415062
48.3173256
40.5611229
40.294796
40.3527641
40.5461693
40.4298134
40.8090324
40.7967834
40.5126076
40.2946167
40.294323
40.2942467
40.2940292
100.2938
100.293549
100.293228
101.229355
102.436646
101.628944
100.408508
100.292015
114.583374
132.564423
126.214935
58.173687
41.2834129
43.0796814
41.9189186
40.2903442
40.2898521
40.2896004
40.289463
40.2891884
40.2888374
44.3389359
45.6529121
42.7700653
40.4848328
40.2875328
40.471489
42.3849068
42.1249428
40.4536858
40.2786789
100.286026
100.284523
123.710526
166.442856
142.329163
111.03627
10.0900316
90.3670349
100.225815
50.2125969
12.433176
91.2142715
100.487137
50.1748581
10.0266781
90.2971039
100.991669
100.331909
100.230171
100.139923
10.0081224
90.2500534
100.082916
100.070297
109.352287
104.103325
101.181091
100.000504
9.96039772
90.0638733
50.031826
50.0848312
50.0786781
50.8235931
56.1843376
57.7116394
70.3210144
76.5202789
109.023956
84.3690414
59.3352356
49.9504776
49.9450989
49.9401398
49.9352951
49.9305534
49.9268532
49.9654312
49.9650879
49.9222221
49.9556427
49.9543037
49.9140282
49.9105186
49.9464302
49.9815292
49.9444008
49.9071693
49.906147
53.9206543
50.9932594
50.2859459
60.9665451
109.936409
130.734283
88.3405151
58.3264046
50.0664368
50.0398216
50.0372505
50.038887
50.0152779
50.014473
50.0184174
50.0416069
50.0476837
50.0360222
50.041584
50.0491486
50.0574036
50.0667763
50.076458
50.0859985
50.1047821
50.1166077
50.1145134
50.1149406
51.0473099
50.2466164
50.1930809
50.1426353
50.1483269
50.138855
50.1626282
50.1677132
50.1577835
50.1886749
50.1915512
50.1938019
50.1940269
50.1937752
50.1934052
50.1927757
50.1925812
50.1923676
50.1915092
50.1912346
50.1909637
10.1015282
40.2787132
50.1896515
50.1890068
50.1885757
50.1883049
50.187603
50.1870575
50.1866035
50.1861343
50.1856461
50.1851044
100.071045
50.0708389
50.0705338
50.0702133
50.0698166
50.0693665
50.0686836
50.0676956
50.066143
50.0644836
50.0639648
50.0636635
50.0632553
50.0627861
50.0623665
50.0617752
50.0614357
50.0608597
50.0604553
50.0596352
50.0595894
50.0597229
65.2026291
60.4711227
53.4422379
50.3060188
50.0595474
50.0811005
50.1104698
50.0571899
50.056694
94.909111
89.3895645
83.2284393
80.1604156
80.1594162
80.1583557
80.2433167
80.1561279
80.1550598
80.1538086
80.1526794
80.1514282
80.1500778
80.1488495
80.1476822
80.1463318
80.1449051
80.1435165
80.1421127
80.4260788
80.1421509
80.1387634
80.1374283
10.5516081
80.8190231
89.6648865
83.8053741
80.5242462
141.655792
54.4264297
116.913986
100.127197
100.125877
101.343185
101.580589
100.537224
100.12191
100.120918
50.1371841
50.1242218
50.1175728
50.1167374
52.217392
100.383339
140.17923
127.10701
83.7524109
56.4003067
50.1103516
50.1095009
55.1180191
96.9728699
106.519485
76.0374527
54.0786972
50.1083908
54.0989342
54.624752
51.425827
50.1008224
50.0997086
60.0123291
68.7735901
81.5166626
139.403412
184.670563
142.782608
123.268219
194.267212
259.630493
186.593231
93.2297974
61.8376923
60.0260506
69.2741318
90.1089172
88.0013199
93.6742172
78.7726898
65.2507935
141.793182
168.473389
111.960953
69.38237
60.0909233
94.338768
132.979843
179.482803
266.715118
253.65419
143.412476
55295.2812
119.218475
116.286812
108.900146
122.7817
117.114738
104.911758
100.184898
100.124252
102.73262
106.568008
110.89904
176.142914
170.413452
257.716309
223.262756
186.325272
218.188934
283.316132
202.536377
124.845856
100.152657
100.173119
100.160667
159.396561
162.159409
253.896698
290.679382
257.505249
166.656631
114.778839
219.931763
230.808167
158.827332
111.725067
101.521996
101.432266
100.813255
100.586113
100.290565
100.207848
129.269623
204.863098
198.06105
357.975342
252.217377
142.067154
103.112221
103.903969
166.769043
184.193359
145.189133
121.161591
108.984825
139.571976
133.841034
112.892532
103.80117
102.926826
101.644493
121.048462
115.607422
112.091156
120.326675
89.5643921
56.3432922
43.34058
40.3710938
142.973572
138.281189
100.701141
62.7410583
46.5754471
43.5532188
45.2036858
42.9742813
41.0338173
41.2053719
41.432106
62.9499855
118.410202
46.3606148
44.1039734
152.928299
82.5748672
52.5297775
100.302979
105.394196
103.13707
98.8463593
61.3997154
110.222717
107.306396
109.441757
105.402519
147.275269
182.852203
160.9888
142.334671
156.004456
299.866211
323.671204
250.685104
206.417831
150.930328
110.616432
100.369919
100.795288
103.604012
103.428001
100.594398
100.620743
100.403931
100.302979
100.302979
101.228386
130.2742
126.209099
117.568077
155.262726
140.448181
151.249252
