0.0
0.0
0.0
0.0
0.0
0.0
0.0
0.0
0.0
0.0
0.0
0.0
0.0
0.0
0.0
0.0
0.0
0.0
0.0
0.0
0.0
0.0
0.0
0.0
0.0
0.0
0.0
0.0
0.0
0.0
0.0
0.0
0.0
0.0
0.0
0.0
0.0
0.0
0.0
0.0
0.0
0.0
0.0
0.0
0.0
2.02069059e-05
0.00312364008
0.00312364008
0.00312364008
0.00312364008
0.00312364008
0.00312364008
0.00312364008
0.00312364008
0.00312364008
0.00312364008
0.00312364008
0.00312364008
0.00312364008
0.00312364008
0.0
0.0
0.0
0.0
0.0
0.0
0.0
0.0
0.0
0.0
0.0
0.0
0.0
0.0
0.0
0.0
0.0
0.0
0.0
0.0
0.0
0.0
0.0
0.0
0.0
0.0
0.0
0.0
0.0
0.0
0.0
0.00312364008
0.00312364008
0.227904528
32.1281128
47.4351616
61.0801926
39.4657059
13.4560318
10.0015631
2.4173913
0.00312355184
0.00312364008
0.00312364008
0.00312364008
0.00312364008
0.00312364008
0.00312364008
0.00312364008
2.92839789
9.07686806
6.16536331
1.87556708
0.00312364055
0.00312364008
0.00312364008
0.00312364008
0.00312364008
0.00312364008
1.47712338
1.07068074
0.473979592
0.237737611
0.0704513416
0.00312364008
11.5333986
11.9524212
3.6065855
0.00312364078
0.00312364008
0.0101092169
0.00534282112
0.00312364008
0.00312364008
0.00312364008
0.00312364008
0.00312364008
0.249064088
0.536066711
0.154272437
0.0994726345
0.347120166
0.103325307
0.257225662
0.542958617
0.822336078
0.943757415
2.33569765
2.40419936
9.54093361
9.44726181
2.88147354
0.0
0.0
28.9112225
30.038456
19.024971
22.6387024
12.097414
4.84705639
13.0858488
35.4682884
20.7215538
18.1205673
11.9008169
6.37011385
0.041782774
0.0
0.0
0.0
27.0553818
89.0906143
95.567131
39.8277702
10.4270267
35.1154404
18.7223892
10.6650133
7.91826344
0.0
0.0
0.0
0.0102486154
0.107701093
0.54141587
3.49398994
6.37147522
12.3001137
37.9646072
17.0285301
108722.07
99.9177246
99.9176407
99.9175262
99.9174194
99.9174347
99.9179916
99.9347916
99.9795074
105.154259
104.229378
101.112328
100.210457
150.722687
176.968689
167.233231
147.033951
134.113129
123.488838
112.410423
103.868103
100.772224
100.169594
99.9662247
100.435959
100.686989
100.114723
99.9176636
99.9175949
99.9180527
109.372162
140.977798
163.908173
144.498856
207.223328
198.376236
168.728577
154.412338
134.936783
111.862053
107.79303
106.184242
102.249649
100.249405
100.067329
100.025047
116.418503
115.123131
104.139595
100.976669
101.409698
100.312798
99.9535751
99.935112
100.031517
40.0320244
42.1007767
41.6644135
47.9624634
48.6730537
45.3576279
56.7300148
108.758743
199.648102
189.742264
102.935844
50.2132912
125.377533
148.048996
98.0275421
56.0188866
53.2176437
50.2846985
43.2575722
40.0704994
40.0734863
40.0757256
40.0776329
42.4033127
140.766357
157.84552
88.5436096
51.4838562
45.2497902
41.7285576
40.0969315
40.0991936
40.1008682
40.1025848
40.1041451
40.5641174
71.4106445
69.2755432
48.1481247
57.8326035
61.8601036
56.3147163
47.6187515
41.4241905
113.75489
111.17334
61.3586159
41.9991302
40.9531059
40.1904831
40.1249428
107.753464
170.839874
121.449677
103.738617
141.956573
127.685135
73.8726044
45.137207
40.561676
40.1886864
9903.77246
100.153091
100.151894
100.147659
102.052956
111.814926
199.271942
225.804779
158.208496
110.670593
100.151711
100.132095
100.124916
100.108299
100.101799
188.410339
172.770325
124.02037
239.368484
252.370758
159.836899
107.65152
100.032829
100.043297
100.038261
111.529724
164.410278
145.988754
112.772713
100.019165
50.0682487
50.0356483
52.7995872
77.1832199
154.613541
152.42984
86.7443848
205.245026
159.695618
81.6382065
49.9661713
50.0024376
101.066299
129.974457
155.129089
111.833801
224.046707
325.926178
333.737
299.513672
185.162888
85.2467117
103.569786
99.9768143
99.9793243
100.01889
100.059486
100.029137
49.9965248
50.0307579
102.306671
173.075104
189.613266
137.578781
181.870728
159.430878
119.706642
101.931396
125.72345
111.24205
107.272644
101.125008
100.576042
100.894478
100.186432
100.178459
100.180519
100.189758
100.198608
100.20723
100.215309
100.222382
100.229774
100.23735
100.245491
100.633049
100.267189
100.266518
100.271385
100.275627
100.279312
100.242775
100.270973
50.2577362
50.2659683
50.2914276
50.7363281
51.2345505
50.4304085
50.3642616
50.2936249
53.7418022
51.7182732
53.7224121
51.552227
50.6462479
51.7252541
51.7815895
50.6309128
50.4079208
50.2922363
50.2922134
50.2919579
50.2919006
50.2918053
50.2915115
50.2912025
53.1553879
51.5086632
50.7452507
100.214989
100.18116
100.181274
100.181114
100.181099
100.18129
100.181313
100.18148
100.181824
101.576385
100.93766
101.117462
50.2220802
50.1965637
50.1822548
57.2694092
73.3792191
62.521225
53.9738693
50.2029724
94.8948517
131.008453
92.6060867
60.9410667
50.1813736
51.6047592
51.6326141
53.2652473
51.0530891
51.3611984
50.3052673
80.2887344
80.6324615
80.2830582
80.2828903
80.2825928
80.2823181
80.2817307
80.281601
80.2812195
80.2805557
80.2802124
80.2799377
80.2797623
80.2791519
80.278801
80.2785339
80.2783508
87.1485519
132.009445
139.067856
108.310997
122.352882
288.000061
241.258224
219.824615
149.897995
101.596313
80.9456558
80.2752304
80.2751923
100.360138
100.613586
100.377289
100.27475
100.274628
100.45327
100.918144
100.515373
50.2888489
50.2733994
50.2728462
50.2725754
50.3093452
51.420578
168.003021
291.03775
317.773254
373.426605
486.822266
336.366669
249.48822
162.623352
119.470444
115.055435
201.823303
249.28363
191.481842
126.100357
102.962044
101.727386
100.657539
60.2199783
60.2358131
121.73555
109.649467
75.3499222
60.2367783
157.280228
292.976074
211.606033
99.1270905
60.3109207
60.2209129
60.2365189
60.2365685
60.2365532
60.2365837
99.7562714
264.399109
469.155762
366.366486
194.98764
104.168777
103.928482
364.750977
418.96936
235.859756
153.642212
102.180733
72.7076492
60.2209778
70.2208405
70.2207794
70.2207108
70.2206345
70.2205582
70.2204742
70.2203903
70.2202988
70.2201996
70.2200928
70.2199783
70.220047
70.2354584
70.2196732
70.2194901
70.2195282
70.235199
76.6032715
75.3645248
71.5411835
70.2184753
70.2184067
179.172302
206.836472
135.310303
81.8980103
74.0004807
93.7205963
111.639534
93.8189316
76.3111572
51.2584381
50.5723763
50.317421
50.2535667
50.215229
50.214962
50.2147217
50.2146721
50.3521233
50.91325
51.112339
50.4298401
111.012527
96.1494064
63.7693939
50.7656441
53.4460602
192.99057
196.521606
110.875626
58.8610191
50.2097969
50.2096825
54.9399834
54.3939552
51.2688599
50.2082939
51.4055824
51.9260101
52.5411301
68.8421249
52.2746391
91.6116028
88.5436935
358.82074
271.225159
291.229614
278.636963
217.77449
156.366058
90.7385941
58.4116974
389.461792
667.793579
407.359924
123.033104
40.3029938
40.3029938
40.3029938
40.3029938
40.3029938
40.3029938
40.3029938
47.8350334
130.304718
333.510162
333.326508
413.165009
437.513855
288.532166
152.578293
579.03656
671.311707
376.780182
562.807617
747.369629
683.689941
439.787476
394.792938
437.799805
396.475586
169.631439
100.302979
100.302979
100.302979
100.302979
100.302979
100.302979
100.302979
100.302979
100.302979
100.302979
100.302979
122.317459
144.516129
126.904137
105.221695
100.302979
100.302979
100.302979
102.975243
107.233154
102.452431
101.011055
102.594276
102.000313
100.853691
100.343468
100.263252
100.253494
116.788239
109.020561
102.921349
100.734268
100.257233
348.898438
346.095734
174.843628
111.717834
105.628891
101.943718
100.162758
100.157257
100.146454
105.241447
102.886063
101.130646
100.085243
100.046394
100.030235
100.019966
114.116188
56.3811417
52.0463676
50.1031799
50.0968246
50.0586166
50.0208511
50.0126839
50.0065575
50.0010452
51.2295609
127.294525
114.3265
69.3396454
50.0288734
50.0152969
50.0114975
49.9738426
49.9716454
49.9708481
49.9704781
49.9706268
49.9712601
49.9723473
49.9738007
49.9756927
49.9780846
49.9809074
49.9842377
49.9883423
89.0437851
127.707733
109.367012
100.302223
100.068352
100.07531
100.110046
130.388428
120.383995
106.437119
100.131996
100.123558
100.13131
100.140228
100.149391
50.15802
50.1646614
50.1719322
50.1787605
50.1864357
50.199955
50.1994095
50.2036896
50.2085915
50.2135315
50.2192459
51.249176
50.3872719
50.3187408
50.2413177
50.2475739
50.2535934
50.2432022
50.2527351
50.2626076
50.2739449
50.2588272
50.2848969
50.2865982
50.2865982
50.2864609
50.2864456
50.2863235
50.2861481
50.2857857
50.2856598
50.2854233
50.2853508
50.2852097
50.2851906
50.284935
50.2846603
50.2844505
50.2841721
50.3863716
71.3473434
64.7377319
54.923748
50.2832909
50.2830276
50.1655731
50.1653366
50.1655312
50.1654587
50.1652679
50.1652069
50.1651878
50.1653557
50.1655922
50.1654625
50.1651459
50.1636238
50.1608658
50.1604729
50.1601334
50.1599541
50.1598167
50.1599541
50.1596756
50.1594048
50.1595612
50.1609383
50.5336342
50.1656837
50.1857491
50.160038
50.1608429
53.0447807
52.7152824
50.993412
50.3455696
50.273941
80.2736969
80.2733994
80.2728043
80.989212
80.283493
80.2717361
80.271225
80.2709198
80.2703323
10.1363573
70.4032364
91.3409653
87.2288132
139.432983
124.546265
94.0276947
80.2670975
10.1349688
70.3981552
82.9499741
84.8454895
82.5293121
80.8852997
10.1339931
82.7374649
13.447135
80.7604446
83.5830154
81.9632874
80.8667755
104.79335
104.38916
104.622261
103.452515
52.2902794
56.800312
62.2591553
109.349152
98.9269028
124.019241
382.65799
526.122925
318.079987
107.267029
104.759613
105.316673
103.153397
102.471313
100.905037
50.2963562
50.2979355
50.299118
50.2997742
50.3003616
50.3006325
50.328907
50.4644966
58.5145988
58.9471817
53.421917
50.413559
60.2338181
60.2169991
60.789257
61.702652
62.5411148
80.6566467
86.0102921
75.5210571
64.8180923
61.0186119
68.5929565
65.1972885
61.7422218
117.512177
134.641571
160.076843
182.64505
182.763153
243.271683
200.002853
133.033966
81.8894196
67.1723938
147.062744
337.791443
250.66774
113.303589
66.1074753
63.2027359
61.4244537
33575.1562
112.468079
129.374786
118.202736
104.631081
100.220291
102.642082
102.766472
101.08873
101.084129
100.933273
100.404968
100.288658
100.238907
100.222702
100.219032
123.437607
131.545731
123.527542
109.06739
101.799034
100.318138
115.165024
117.501228
108.858391
102.027321
109.232803
260.864868
295.525696
199.225708
123.911987
102.223648
100.380119
100.215515
101.87104
102.172737
100.709106
100.214241
100.213951
100.213409
100.212997
107.331924
105.358665
101.495117
100.21167
100.229233
102.949951
102.719574
110.662506
150.212097
186.871597
165.697205
184.790848
200.963745
149.644241
127.27301
147.016525
206.329712
186.068298
133.747498
191.624023
158.284058
56.8212471
40.6739159
41.1191788
40.9110641
40.5509605
40.3029938
40.3029938
40.3029938
40.3029938
40.3029938
82.5371094
206.869873
545.180664
390.72464
224.041443
276.976654
189.700912
78.4800339
40.3029938
40.3029938
40.3029938
40.3029938
40.3029938
307.284058
272.83847
123.257072
58.2654343
48.3011093
70.6314392
72.1275558
115.698494
104.975327
103.740601
102.898521
156.667938
147.805817
161.616562
141.893784
110.665268
100.302979
158.422974
259.988342
271.946594
179.688828
113.730263
100.302979
100.302979
100.302979
111.167892
138.586868
126.689705
105.796356
178.709106
270.78656
214.007141
227.702057
244.528976
176.289703
188.914246
164.41066
118.499626
101.140411
100.640701
100.301552
100.292702
115.407272
107.236404
102.303009
166.535477
200.823776
305.395264
246.825806
140.721237
101.08606
100.331932
100.195114
100.194359
100.189659
100.171143
100.159576
100.15432
100.624931
100.169563
100.149811
146.56221
180.145828
143.239319
109.702644
106.52562
103.218628
101.146675
50.0634003
50.0503578
50.0418739
50.0338593
50.0263367
50.0193977
50.0459557
138.398254
353.448425
315.297913
136.014206
58.4845886
86.267868
908.334961
1075.78247
541.833008
136.246658
50.0625
100.495773
100.064133
100.02153
99.9751282
99.9729309
99.9744263
99.9764557
99.9790115
99.9820557
99.9855499
99.9895248
99.9941025
107.733543
267.091522
572.690186
558.690796
291.939178
131.628128
127.548294
241.639511
100.98246
100.226685
100.17997
100.138153
100.145424
100.154648
100.164276
100.173065
100.18219
100.191681
100.200943
100.209686
100.218193
100.225975
100.240479
100.248116
100.247879
100.255669
100.262756
100.272255
100.278206
100.282303
100.289177
100.24929
100.259087
100.288086
100.293602
100.282913
110.859619
104.443687
101.719582
103.897141
101.458549
106.032394
110.614433
115.390419
115.846031
117.852325
107.366089
102.189804
100.300026
100.300026
103.768623
101.440895
50.7889595
50.2994232
50.2994041
50.5623856
52.8064232
56.8866463
52.7293587
57.5823441
110.100433
107.652443
109.897072
123.641769
114.554237
104.491295
116.533127
121.765175
132.020096
116.120522
104.895546
100.192001
102.623383
102.643593
100.848053
100.341599
100.191032
101.181961
100.271584
100.212669
100.213005
107.191757
102.958778
101.23098
101.368668
140.172791
109.053627
180.944214
241.885742
225.865448
119.997375
95.8645325
80.5445938
80.2950134
80.2950287
80.2949295
80.2949905
80.2950134
81.0230026
80.2950363
80.2949371
80.2948761
80.2944794
80.2944107
80.2944107
80.2943115
80.2939911
80.2938004
80.293541
80.2932281
80.2929077
80.2927094
80.292572
147.771881
203.228241
183.151855
133.699081
296.22467
292.39447
236.523102
156.434036
130.323792
104.380959
100.542023
100.753113
100.430466
100.296425
100.296532
101.456474
102.049416
100.902054
100.326355
100.29644
100.29644
100.29644
100.29644
100.296303
100.296143
100.295906
100.295822
100.29567
100.295647
100.295403
103.208519
149.840118
154.589005
147.447159
125.340675
107.141914
139.950562
224.999084
292.422974
201.692566
97.1976547
63.6198654
60.651226
60.2284966
60.476326
60.6355095
60.3831558
65.9857025
103.427628
120.775986
102.364655
73.5309296
62.4166145
60.213253
60.2131348
60.2131348
60.213028
60.2130318
60.8439827
60.4850426
60.3015938
60.2284126
60.280838
60.2363663
60.2281265
60.2111053
60.2109108
60.2751427
60.5837555
39678.332
126.837265
116.692787
104.52697
100.226212
147.368896
135.084381
110.961807
100.207878
104.549309
103.462669
101.721275
111.154053
107.92099
102.55793
248.287201
214.204575
477.768127
485.163757
547.718262
339.183838
181.630707
252.715424
211.957382
135.569763
104.326797
102.448143
100.695335
105.695999
104.476379
121.372566
364.653564
585.913147
524.397034
569.176147
589.568909
822.006958
570.224243
383.091125
170.210037
145.417557
113.692619
108.860718
126.404785
118.697723
116.885559
111.287453
103.087563
100.211777
100.211655
100.228989
100.210953
100.210747
128.758469
206.107269
178.890518
120.949524
121.410355
240.047577
584.580261
525.018799
260.485382
119.23082
100.302979
268.372803
201.224976
161.260391
176.893723
207.646011
235.291077
223.304596
204.842346
172.84288
128.282104
122.388039
110.945953
102.213516
100.302979
100.302979
100.302979
100.302979
100.302979
100.302979
100.302979
100.302979
100.302979
100.302979
100.302979
100.302979
100.302979
46.5525589
46.3127899
103.191551
100.735863
100.380707
100.302979
100.341667
100.315269
100.302979
100.302979
100.302979
102.027771
104.113647
102.639114
100.513268
100.302979
100.695732
100.42775
100.302979
100.302979
102.327263
104.07663
102.272217
145.965714
145.073837
119.126106
195.65802
277.774475
425.386108
413.805878
236.271957
120.81691
100.302979
100.294647
100.287857
100.289276
100.298431
100.261879
100.272758
100.261803
100.251076
100.258736
178.548706
355.891418
482.142395
386.4599
200.435516
115.151527
100.203796
100.304901
100.189423
100.158501
100.154854
144.250275
247.677673
385.069672
378.185059
238.491501
130.949982
102.678368
100.059174
100.020248
100.03685
55.1501808
52.7985229
147.404282
636.356934
520.699097
192.088379
52.4460564
53.036274
50.0963249
50.0612068
50.0238228
49.9867783
49.9829521
49.9797325
49.9771576
50.8659744
50.0276451
49.9818039
49.9709625
49.9706001
49.9707489
49.9713898
49.9726448
50.0124741
50.0522346
78.5207977
101.160461
76.6721725
57.7450905
50.0539703
100.067802
174.44577
194.664612
140.910934
107.216309
100.110291
122.941483
111.448425
103.720757
100.117386
100.12619
100.135635
100.14502
100.170479
100.169815
100.172218
100.181076
100.19001
100.199028
110.371674
103.673187
101.380959
100.230995
100.23716
100.24585
100.256454
100.2575
100.256668
100.265747
100.278778
100.274811
100.341866
50.267437
50.2777405
50.2857971
50.2903862
50.2936211
50.2934837
54.3823967
51.4116974
50.7362175
50.2928619
50.2927437
50.2925682
50.2924118
50.2923737
50.2922363
50.2922173
50.292099
50.2917862
50.2916489
50.2914734
50.2912178
50.2911186
50.2909813
50.2909622
50.2905731
50.2903976
50.2902222
50.290184
100.178391
105.803673
104.214233
101.511978
100.431473
100.199348
100.175041
100.175018
174.899658
159.425125
119.141785
83.0680389
50.1773605
50.1773834
50.1773453
50.1774178
50.1779709
50.2004395
50.1783867
82.2231064
72.2275696
57.4405594
50.1787567
50.1785049
50.1791878
58.883522
54.2112846
51.5969849
51.9373207
50.5588684
50.3523254
80.2828064
80.2824097
80.2820358
81.6555099
80.4739304
80.3533707
80.3484573
88.1550446
111.342361
173.018677
301.959503
351.293213
280.944519
165.295685
105.075287
84.556282
81.6845856
80.2801132
80.2802887
80.2802048
98.2492371
91.9112015
84.313652
80.2800903
80.2801361
81.5835114
80.3045197
80.2795029
80.2790527
80.2788086
100.278542
100.278481
100.278137
135.859772
130.948563
109.901779
100.300575
100.276672
100.276466
100.276085
100.275734
50.2754288
50.2751122
52.9706192
89.4133453
101.308327
76.6627197
103.805893
166.44519
169.214203
155.936676
149.480453
118.983322
77.0246811
54.6771507
50.2729149
85.6689835
490.208069
752.884277
604.56543
347.350555
122.418983
65.9237366
60.6199951
60.2367249
60.2210274
60.2203522
60.2203712
60.2205963
60.2369652
60.2371063
113.839928
100.947998
72.8132935
60.2209244
60.2900543
60.2291107
77.4445648
69.8435974
63.2411919
60.2207603
60.2207565
60.2209816
100.830536
88.1579819
68.8891144
62.654068
248.108536
213.151642
109.663719
62.0286484
145.923874
292.35083
284.3797
298.951324
189.913818
101.252579
70.220314
70.2203903
70.2357178
70.2198868
70.2195282
70.2192993
70.2191315
70.2189941
70.219101
71.4813538
71.4912186
70.5988693
98.1029739
92.2086639
76.6494446
70.2180481
70.2339325
70.2174988
70.2172852
70.2171021
70.2171478
70.2333298
70.2166443
70.2163162
70.2163391
11.3628168
92.1423569
100.672104
100.21508
100.215088
115.05117
111.515388
103.899895
104.430763
103.503784
101.007599
114.888458
195.642761
218.808624
157.596069
111.555809
100.211525
100.211357
102.242409
134.38678
133.716965
114.104301
108.855522
105.509445
101.565048
100.208412
141.54834
131.880447
219.923325
180.930099
125.066933
40.8981934
40.302681
40.3025818
40.3025246
40.3025246
40.3025246
40.3025246
40.3025246
40.3025246
78.4431458
68.7281113
49.4882584
41.0218658
50.785675
185.843414
185.508087
98.9886093
48.8074532
40.5893593
40.3023682
40.3636246
40.5770493
40.4500771
40.8473587
40.848877
40.5417023
40.3023682
40.3023682
40.3023682
40.302269
100.302216
100.302216
100.302216
101.295723
102.605293
101.76815
100.431274
100.301956
115.462891
134.693542
128.108429
110.39431
101.361534
100.30175
100.30175
66.2507477
40.30159
40.3014679
40.3014336
40.3013153
40.3012772
44.6161537
46.0805511
42.9974174
40.5175667
40.3011208
40.4971428
42.5387421
42.3030128
40.4850845
40.2931671
100.300804
100.299431
125.262405
170.65976
145.455521
111.836067
100.246063
50.2422867
50.2418137
50.2286491
52.7139435
10.3104677
91.3384171
100.19133
100.182884
100.174026
101.050293
100.352562
10.0199108
90.3858261
100.152702
100.139687
100.100159
100.087822
109.948586
104.372444
101.258705
100.018692
9.96768475
90.093338
50.0502853
50.1038361
50.0985374
50.8870087
56.6090508
58.2274818
71.6344528
78.2258224
112.358932
86.6491394
59.9374657
49.9752579
49.9708023
49.9665642
49.9623833
49.9587173
49.9560585
49.9957848
49.9964638
49.9541588
49.9885483
49.9882965
49.9489212
49.9469872
49.9846878
50.0212555
49.985424
49.9497871
49.9499092
54.1839752
51.0867996
50.3419228
61.6070595
112.56337
133.17601
89.0553741
58.4379425
50.1012688
50.0768127
50.0760155
50.0800514
50.058651
50.0607491
50.066864
50.0926437
50.1004601
50.0901489
50.0969582
50.1058998
50.1146545
50.1243286
50.1338463
50.1436539
50.1628113
50.177166
50.1760674
50.1772842
51.1496964
50.3111343
50.258194
50.2080536
50.2144356
50.2094994
50.2339096
50.2394485
50.2296715
50.2604103
50.2635994
50.2661667
50.266758
50.2666473
50.2666054
50.2663689
50.2662926
50.2661552
50.2660141
50.2658806
50.2653313
50.2652016
50.2652016
50.2649689
10.1347752
90.3948669
100.264496
50.2641983
50.2638474
50.2637939
50.2635574
50.2633438
50.2632027
100.149643
100.149513
100.149536
100.149742
100.149521
100.149368
100.149155
100.148598
100.147423
100.146248
100.14595
100.145958
100.146049
100.146034
100.145973
100.145782
100.145828
100.145905
100.145714
50.1455917
50.1457367
50.146534
65.8104172
60.6170616
53.5275154
50.4000969
50.1484909
50.1706963
50.2026672
50.1474609
50.1474609
95.6034393
89.5783386
83.3584824
80.2532654
80.2529373
80.2526245
80.3455048
80.2516251
80.2513199
80.2508087
80.2503433
80.2499542
80.2496567
80.2490921
80.2486038
80.2481155
80.2475052
80.2470474
80.2467117
80.5563736
80.247757
80.2452545
80.2448425
80.7575455
91.2460175
89.8804092
83.9239655
80.6343613
143.064072
134.297821
116.981544
100.240662
100.240425
51.4770508
51.6972771
50.6534767
50.2385521
50.238102
50.2552757
50.2429657
50.2367287
50.2363281
52.4123955
101.752487
141.181854
127.207138
83.5721664
56.4474754
50.2337646
50.2335014
55.2384682
96.7927322
105.762238
75.6480484
54.1137085
50.2348137
54.1754379
54.6493416
10.1182394
91.6349106
100.228905
60.1420021
68.8062744
81.3362656
137.823029
180.963623
139.856781
120.885719
188.297577
249.570648
179.751663
91.4889297
61.8637352
60.1491165
69.1829071
89.5777893
87.1798706
93.0224915
78.2305222
65.1887436
140.767639
165.368744
110.176079
69.1555176
60.2076988
94.0997925
131.765869
177.088715
261.713562
247.467361
140.362717
84.8278961
89.5040588
86.0519638
79.033783
93.5783234
87.0781479
74.9457932
70.2797394
70.2162399
73.0705414
77.0518723
81.5750885
150.661453
141.927185
235.21788
194.814529
159.077621
193.515778
260.288971
174.925522
95.3746796
70.2101669
70.227356
70.212471
134.571579
137.942719
235.625244
278.052399
242.587372
144.205551
86.6123505
231.050842
248.079376
168.197525
113.608459
101.717491
101.650002
100.910622
100.658463
100.311546
100.214622
132.44397
217.385635
213.634735
384.583862
279.425507
149.89241
103.466759
104.495888
173.101257
196.043335
152.890244
124.141388
110.421082
143.233612
139.124268
115.090324
104.270111
103.366096
101.825722
122.952988
118.154861
118.024315
130.641006
96.4356232
58.9450264
43.8489494
40.3814735
150.996338
151.883911
108.079498
66.0747299
47.5003738
43.8014259
45.6385536
43.3073463
41.1349792
41.2693787
41.5507584
64.5932007
60.9978333
47.2662048
44.3804436
97.0818787
88.6812592
54.4323502
40.3029938
45.6884575
108.099365
106.385582
64.4017029
50.9158096
74.8776169
70.9340439
64.1552887
108.838013
144.206848
119.551453
116.198456
155.433792
300.615265
315.852203
241.323792
214.5914
156.138336
111.812279
100.377274
100.801933
103.650734
103.662659
100.624611
93.2443771
64.1106949
54.8079453
51.8803177
51.8927002
82.0252609
78.8323441
68.8553009
117.548279
106.939697
109.411697
