0.0
0.0
0.0
0.0
0.0
0.0
0.0
0.0
0.0
0.0
0.0
0.0
0.0
0.0
0.0
0.0
0.0
0.0
0.0
0.0
0.0
0.0
0.0
0.0
0.0
0.0
0.0
0.0
0.0
0.0
0.0
0.0
0.0
0.0
0.0
0.0
0.0
0.0
0.0
0.0
0.0
0.0
0.0
0.0
0.0
2.02069059e-05
0.00312364008
0.00312364008
0.00312364008
0.00312364008
0.00312364008
0.00312364008
0.00312364008
0.00312364008
0.00312364008
0.00312364008
0.00312364008
0.00312364008
0.00312364008
0.00312364008
0.0
0.0
0.0
0.0
0.0
0.0
0.0
0.0
0.0
0.0
0.0
0.0
0.0
0.0
0.0
0.0
0.0
0.0
0.0
0.0
0.0
0.0
0.0
0.0
0.0
0.0
0.0
0.0
0.0
0.0
0.0
0.00312364008
0.00312364008
0.234269515
33.9424019
51.0651321
65.1762543
42.2131996
14.4144287
10.0015631
2.56349969
0.00312372856
0.00312364008
0.00312364008
0.00312364008
0.00312364008
0.00312364008
0.00312364008
0.00312364008
3.1017375
9.6205759
6.54106236
1.99088943
0.00312364055
0.00312364008
0.00312364008
0.00312364008
0.00312364008
0.00312364008
1.5089817
1.08605349
0.480369925
0.239820689
0.0711471811
0.00312364008
11.6847601
11.9744158
3.74906254
0.00312364078
0.00312364008
0.0102276169
0.00538043445
0.00312364008
0.00312364008
0.00312364008
0.00312364008
0.00312364008
0.251294136
0.540937722
0.155758172
0.100303218
0.350150406
0.104303248
0.258962244
0.54710567
0.82710135
0.95067364
2.34825778
2.42045927
9.61381817
9.53340816
2.90831208
0.0
0.0
29.39571
30.8474503
19.443861
23.0224113
12.163372
5.25468159
13.5199852
36.764679
21.8604488
18.4848118
11.9898777
7.01496124
0.0472515002
0.0
0.0
0.0
28.3153133
93.6520691
101.449219
42.0456848
10.4588079
37.3878479
19.2996273
10.7131987
9.63781643
35388.3086
99.9195862
99.9201736
100.014893
100.117035
100.572861
103.686455
106.722176
112.982719
140.172668
129.010178
107.881958
99.9183807
99.9185257
99.9184723
99.9185181
99.9184036
99.9187775
99.9357376
99.9824982
105.417908
104.446625
101.173073
100.223694
153.45546
181.319763
171.323151
150.090775
136.405853
125.097435
113.279671
104.150146
100.831108
100.188232
69.9723206
100.468155
100.736992
100.130295
99.9211121
99.921196
99.9215012
109.790154
142.978012
167.518768
147.386566
213.615936
205.565155
173.596954
158.333176
137.656219
112.848473
108.242508
106.644119
102.432617
100.278854
100.085838
100.039436
116.98175
66.0700302
54.4339943
51.0288124
51.5028648
50.3477287
49.966011
49.9476318
50.0438805
40.0444679
42.1424141
41.7477531
48.1165314
49.0085983
45.5696716
57.0861816
110.698235
206.122223
198.015747
107.161858
50.9893951
128.432892
153.775879
101.373947
56.9693794
53.5890045
50.6833572
43.4229126
40.0924644
40.0951767
40.0973587
40.0991325
42.460022
144.195602
161.542053
90.2372437
51.9125481
45.3755684
41.7907181
40.1196938
40.1221771
40.1242752
40.1259766
40.1275711
40.5855255
72.2028046
69.8017273
48.3677101
58.2894058
62.2868576
56.6856384
47.7915955
41.4874001
116.034256
112.75087
61.9266052
42.0463905
40.9878769
40.2151756
40.1486969
109.855888
174.710876
123.704819
106.303719
146.253174
131.138458
75.0407181
45.3643341
40.6059799
40.2165222
17958.166
100.181129
100.180351
100.175919
102.222076
112.430511
204.482727
229.725586
159.174988
110.88858
100.176529
100.156219
100.147797
100.130402
100.123306
194.391174
175.630417
124.745064
250.225876
261.691772
162.551071
107.97979
100.053665
100.064117
100.058609
112.519821
169.669952
148.584183
113.303383
100.036835
50.0855446
50.0522499
53.0730476
79.1915665
162.476547
158.987976
88.4963379
221.197784
166.033234
83.233345
49.9775887
50.0129395
106.451004
137.831146
167.703217
116.140915
236.77771
340.38208
351.785339
317.637329
197.150726
139.010696
103.99276
99.9768143
99.9793243
100.01889
100.059486
100.029137
99.9965286
100.030754
102.277901
175.166168
194.065628
140.269302
184.635956
162.798126
121.025093
102.054146
126.168198
111.889526
107.510925
101.18158
100.604149
100.885948
100.184158
100.175751
100.177208
100.185844
100.19442
100.202309
100.209686
100.216476
100.222855
100.229721
100.236778
100.616898
100.256912
100.254936
100.259048
100.262169
100.264732
100.226448
100.254272
100.240616
100.248627
50.2739906
50.7082748
51.1955223
50.4167137
50.3481903
50.2752037
53.6544113
51.6992302
53.6519775
51.5351486
50.6365433
51.6701546
51.7361984
50.6221809
50.3914986
50.2718582
50.2715454
50.2711945
50.2708588
50.2704887
50.2701187
50.2696495
53.0577736
51.4826508
50.7269592
100.193115
100.158012
100.157944
100.157738
100.157471
100.157417
100.157089
100.156746
100.156517
101.511185
100.899567
101.069527
100.196899
100.170464
100.15519
57.0544777
72.8953476
62.6366806
54.0165291
50.1743317
94.1401672
131.166473
93.740654
61.2852364
50.1509972
51.5602646
51.5959282
53.221962
51.0514984
51.3326225
50.2728348
80.2554398
80.5912704
80.2488556
80.2477798
80.2469482
80.2461853
80.2450256
80.244133
80.2433701
80.242218
80.2412033
80.2402878
80.2393265
80.2383957
80.2375717
80.2367935
80.2358093
86.9384918
131.396118
139.767502
109.118973
122.601562
292.899811
249.983185
226.736633
154.920593
103.244553
80.954277
80.2279205
80.2277603
100.317879
100.586433
100.335381
100.225998
100.225471
100.415077
100.903816
100.47776
100.238754
100.222031
100.221161
50.2204361
50.2578545
51.4115829
172.076401
304.993042
337.381165
399.410339
524.571777
411.093536
256.870972
164.483154
119.888901
114.758095
200.006653
247.821075
191.084793
126.064896
102.955956
101.725029
100.657387
60.2199783
60.2358131
120.317993
108.274063
75.001564
60.2367783
155.269379
289.294769
208.833847
98.6237946
60.3126144
60.2209129
60.236515
60.2365685
60.2365532
60.2365837
99.1049194
263.115906
465.473114
364.199554
194.69989
104.138977
103.993164
367.522797
422.524017
238.123764
155.401382
102.711601
72.9139557
60.2209778
70.2208405
70.2207794
70.2207108
70.2206345
70.2205582
70.2204742
70.2203903
70.2202988
70.2201996
70.2200928
70.2199783
70.220047
70.2354584
70.2196732
70.2194901
70.2195282
70.235199
76.4803467
75.1939545
71.4965897
70.2184753
70.2184067
177.063812
203.263153
133.333359
81.5679932
73.9388046
93.3290253
110.801941
93.1139145
76.1333466
51.2242088
50.5616417
50.3140144
50.2529106
50.215229
50.214962
50.2147217
50.2146721
50.3486176
50.8913879
51.0747147
50.4202309
109.534538
94.1695633
63.1654549
50.7436905
53.3533478
190.424622
192.320419
108.789925
58.5878677
50.2097969
50.2096825
54.858036
54.2614517
51.2331657
50.2082901
51.3746643
51.8666077
52.4744873
68.4731445
51.782692
90.4437866
86.9539413
356.11969
265.993469
289.604736
278.300201
218.052277
157.115494
91.098114
58.5565186
396.170959
685.889526
421.43866
126.697113
40.3029938
40.3029938
40.3029938
40.3029938
40.3029938
40.3029938
40.3029938
47.7116203
129.649567
334.563171
338.099548
422.943451
451.826477
296.454102
154.392792
590.356323
688.645386
415.148315
713.160461
755.195557
690.304749
444.739166
401.819
445.942291
400.434601
169.518005
100.302979
100.302979
100.302979
100.302979
100.302979
100.302979
100.302979
100.302979
100.302979
100.302979
100.302979
121.858192
143.68158
126.458626
105.141273
100.302979
100.302979
100.302979
102.925766
107.077148
102.402344
100.993721
102.534431
101.955818
100.839371
100.341667
100.263252
100.253494
116.326942
108.784485
102.847961
100.718941
100.256531
343.593689
341.287781
173.349823
111.55603
105.555077
101.919304
100.162758
100.157257
100.146454
105.155998
102.842529
101.114494
100.085243
100.046394
100.030235
100.019966
113.833786
56.2614784
52.009964
50.1031799
50.0968246
50.0586166
50.0208511
50.0126839
50.0065536
50.0010414
51.2009468
124.804581
112.143097
68.6820297
50.0288734
50.0152969
50.0114861
49.9738426
49.9716454
49.9708443
49.9704781
49.9706268
49.9712601
49.9723473
49.9737968
49.9756927
49.9780846
49.9808998
49.9841347
49.9881897
87.0658875
126.097488
108.818909
100.284149
100.06646
100.072685
100.10582
128.726974
119.065239
106.0298
100.124191
100.114151
100.12027
50.1271515
50.1336174
50.1399841
50.1464958
50.1522713
50.1586113
50.1646118
50.1767044
50.1746063
50.1780701
50.1814461
50.1853867
50.1896362
51.1892815
50.3437805
50.2790985
50.207737
50.212677
50.2179832
50.209301
50.2180672
50.2274475
50.2388191
50.2236366
50.2502937
50.2517586
50.2516098
50.251236
50.250885
50.2504959
50.2502251
50.2497101
50.2492447
50.2489777
50.2484627
50.2479973
50.2477264
50.2472153
50.2467499
50.246109
50.2458687
50.3429108
70.7412109
64.2801208
54.7131958
50.2434082
50.2430992
50.1252136
50.1246338
50.124176
50.1239319
50.123333
50.1232185
50.1228027
50.1225204
50.122036
50.1216278
50.121006
50.1192055
50.1157188
50.1146851
50.1139793
50.1134872
50.1126862
50.1121445
50.1114922
50.1110039
50.1104584
50.1108398
50.4658546
50.1148033
50.1342697
50.1081696
50.1080894
52.8897362
52.5983849
50.9403076
50.2910957
50.2185135
80.2175827
80.2168045
80.215683
80.8896027
80.2245789
80.2124863
80.2113113
80.2100449
80.2090073
80.2079697
10.1070385
80.9927063
87.0490494
138.333237
124.585243
93.9980087
80.200264
80.1991043
80.197876
82.8074341
84.7088318
82.4792023
10.1009598
70.9122467
22.2322006
80.259819
83.9364624
83.440033
81.9044952
10.0977573
95.3652344
104.349564
54.5261307
53.4077492
52.225132
56.6773643
62.1934624
109.501808
100.075272
125.427048
398.346069
557.4375
340.727448
112.41996
104.813873
105.389404
103.15461
102.432274
100.853439
100.242332
50.2442932
50.245594
50.246563
50.2472267
50.2476273
50.2742882
50.4063797
58.3105164
58.7928658
53.3246422
50.3540878
60.178196
60.1610298
60.724205
61.6241417
62.4525414
80.2177887
85.6615829
75.3710022
64.7529984
60.9591293
68.4133606
65.1305313
61.6813202
116.830139
134.351746
160.375092
184.057877
185.055984
248.208038
204.627365
135.198608
82.5520859
67.218544
146.110336
337.182251
250.701965
113.136108
65.7051239
62.9320869
61.302021
29230.4805
111.812302
127.68264
116.803123
104.283539
100.211159
102.419182
102.539291
101.017731
101.006279
100.872269
100.38871
100.277016
100.229485
100.214043
100.210083
122.028503
128.956512
121.477905
108.205643
101.63871
100.299896
114.22541
115.979408
108.022552
101.855988
108.617073
253.495941
284.410492
192.252457
122.370224
102.085533
100.357132
100.203407
101.739449
102.013527
100.660988
100.203262
100.203026
100.202271
100.201881
106.960922
104.905128
101.371796
100.199554
100.216812
102.755302
102.484589
110.067772
147.585434
182.018677
161.308395
181.408096
197.682373
146.423737
125.940399
145.071976
202.245682
181.616974
131.709671
188.863678
154.567871
55.7372971
40.6315842
41.0557938
40.8494263
40.519352
40.2965889
40.2964859
40.2964325
40.2963333
40.2962761
80.5621033
198.819168
530.461426
373.742371
217.675308
271.920135
183.91394
76.9248581
40.3029938
40.3029938
40.3029938
40.3029938
40.3029938
302.999512
265.501099
120.938499
57.9232521
48.084053
70.281929
71.3914795
115.301773
104.957153
103.645973
102.888885
155.783401
146.534973
160.626099
140.838089
110.378258
100.302979
157.560806
257.618988
269.509216
178.288239
113.472946
100.302979
100.302979
100.302979
111.133522
138.16568
126.227852
105.689125
177.866547
269.264557
212.695282
227.55835
243.853226
175.763641
188.762299
164.221344
118.409798
101.134048
100.638039
100.301552
100.292702
115.262398
107.143257
102.278831
165.867645
199.936859
305.123352
246.450928
140.611877
101.089149
100.332436
100.195107
100.194351
100.189659
100.171135
100.159576
100.15432
100.622116
100.169563
100.149811
146.133423
179.563339
142.972641
109.662132
106.491638
103.205307
101.144882
50.0633965
50.050354
50.0418739
50.0338593
50.0263329
50.0193977
50.0459518
136.618088
349.975128
312.630066
135.243896
58.468792
86.1457825
921.232544
1094.46448
555.628357
139.114105
50.0624962
50.4918633
100.064133
100.02153
99.9751282
99.9729309
99.9744263
99.9764404
99.9790115
99.982048
99.9855499
49.9895325
49.9941101
107.531891
262.764648
564.36554
551.970215
289.589325
131.326202
100.121361
100.10231
100.974022
100.225586
100.179352
100.138153
100.145424
100.154648
100.164276
100.173065
100.182106
100.191521
100.200546
100.209122
100.217346
100.224663
100.238876
100.245895
100.244926
100.252052
100.258278
100.267075
100.27179
100.274818
100.280785
100.239525
100.248772
100.277695
100.283302
100.271858
110.299828
104.113152
101.601227
103.73822
101.356041
105.739655
110.03553
114.515564
114.941376
116.867538
106.880959
102.049286
100.286606
100.286354
53.6233482
51.3436737
50.7392807
50.2850914
50.2846985
50.540062
50.2840157
56.5527153
52.5297127
57.1752853
109.52449
107.186409
109.356339
122.408302
113.637657
104.196564
115.786179
120.661102
130.52774
115.185471
104.610558
100.173119
102.541702
102.539047
100.788567
100.31189
100.170845
101.138458
100.246834
100.190155
100.19149
106.92054
102.767982
101.14476
101.317688
138.701416
156.69101
177.65744
240.156006
224.266876
119.008469
95.6274414
80.5113678
80.2699432
80.2698898
80.2696686
80.2692184
80.269104
80.9807358
80.2685394
80.268013
80.267601
80.267189
80.2665634
80.266098
80.2654724
80.2648697
80.2641373
80.263298
80.2626801
80.2619476
80.2611542
80.2602386
146.005951
200.848846
181.664429
133.099014
297.589478
294.699432
238.729782
157.962753
131.021881
104.462227
100.516411
100.733742
100.408234
100.272446
100.273064
101.407082
102.042625
100.885765
100.302986
100.273666
100.273521
100.273239
100.273041
100.272751
100.272446
100.271919
100.271118
100.270767
100.270164
100.26918
103.060272
148.063431
153.439499
146.376907
125.057121
107.045761
138.857666
272.810669
292.990021
203.615448
97.9108658
63.6721458
60.6297417
60.203331
60.4488487
60.6035881
60.3555527
65.8145218
102.598099
120.345047
102.327164
73.6624222
62.4276085
60.1888351
60.1886292
60.1882439
60.1880493
60.1878319
60.7948532
60.4480247
60.271843
60.2013779
60.2531013
60.2083778
60.1997681
60.1822128
60.1813774
60.244442
60.5331116
38444.707
126.148598
116.407814
104.414726
100.192703
146.237778
134.688721
110.775017
100.172485
104.405174
103.421425
101.655853
110.889351
107.847565
102.497887
247.155853
214.810303
488.84494
495.718079
558.986755
348.997864
184.02916
251.53479
211.841461
135.447586
104.282272
102.407608
100.677231
105.618896
104.35598
120.99234
362.564178
583.723572
524.783997
581.334229
465.95047
827.273926
577.026184
388.759521
167.581604
145.255295
113.78257
108.753136
126.081841
118.519241
116.705048
111.137794
103.072922
100.211777
100.211655
100.228989
100.210953
100.210739
128.164413
204.132614
177.430878
120.707283
121.050697
238.577179
582.083008
526.625977
263.174164
119.852997
100.302979
260.506714
200.668488
161.018341
176.568176
207.111938
232.019897
221.970947
204.324066
172.584152
128.529266
122.237885
110.917885
102.214142
100.302979
100.302979
100.302979
100.302979
100.302979
100.302979
100.302979
100.302979
100.302979
100.302979
100.302979
100.302979
100.302979
46.3751526
46.1532936
103.110977
100.721443
100.378372
100.302979
100.340477
100.314896
100.302979
100.302979
100.302979
101.96714
103.951981
102.520218
100.501343
100.302979
100.681374
100.423187
100.302979
100.302979
102.249779
103.896423
102.167274
143.981415
143.048843
118.362762
192.007584
271.626953
417.902161
408.505463
234.525024
120.659775
100.302979
100.294647
100.287857
100.289276
100.298431
100.261879
100.272751
100.261803
100.251076
100.258728
177.577026
354.599915
484.874146
389.089081
201.720139
115.453346
100.203789
100.305832
100.189415
100.158493
100.154846
144.417847
249.075073
390.734375
386.347412
243.784302
132.412201
102.800964
100.059174
100.020241
100.036842
55.1848602
52.8306656
147.424896
646.191467
531.353699
196.258987
52.4198761
53.0076942
50.0956345
50.0608673
50.0238228
49.9867783
49.9829483
49.9797325
49.9771576
50.854248
50.0276375
49.9818039
49.9709625
49.9705925
49.9707451
49.971386
49.9726448
50.0124664
50.052227
77.5324097
99.4007263
75.714447
57.4904747
50.0539627
100.067795
171.805222
191.188278
139.32048
106.947685
100.109993
122.167953
110.938217
103.56221
100.116165
100.124588
100.133423
100.142204
100.166924
100.165512
100.167152
100.174782
100.183075
100.190872
109.921913
103.382912
101.275223
100.216171
100.221642
100.228706
100.237473
100.237572
100.235497
100.243217
100.257416
100.249901
100.31794
50.2445755
50.254734
50.2625237
50.2669334
50.2699852
50.2698898
54.1952591
51.2925262
50.6736832
50.268692
50.2681236
50.2677727
50.2674828
50.2671509
50.2666626
50.2663879
50.2660751
50.2654495
50.265255
50.2648659
50.2642021
50.2641068
50.2636757
50.2629509
50.2628555
50.2624207
50.2617035
50.2612877
100.149017
105.467789
103.953262
101.397957
100.386978
100.168915
100.144157
100.14386
171.970734
157.18631
118.359016
50.1446915
50.1443672
50.1441383
50.1437492
50.1433067
50.1435356
50.1654167
50.1432915
81.4534531
71.5806274
57.1843071
50.1421509
50.1416168
50.1418228
58.6806793
54.084549
51.5241776
51.8564415
50.5107498
50.3079338
80.2423553
80.2417831
80.2409668
81.5750885
80.4223938
80.3072433
80.3032379
87.9573746
110.79451
172.410065
304.543793
358.255127
287.938416
168.472015
105.971672
84.6709366
81.6751175
80.2348404
80.2350006
80.2348022
98.7098389
92.2178574
84.3815384
80.2333679
80.2329254
81.5238342
80.2576904
80.2310486
80.2304459
80.2295456
100.228767
100.228203
100.227158
136.651794
131.802704
110.07444
100.247025
100.223427
100.222588
100.221931
100.221184
100.22023
50.2193718
52.9794121
90.216095
102.67717
77.3803024
105.364807
170.871155
174.523941
161.153198
154.928482
123.002266
78.5842514
54.8740997
50.2140579
87.3199158
519.954407
807.969482
638.586243
360.155762
123.195755
65.6936493
60.6043701
60.2367249
60.2210274
60.2203522
60.2203712
60.2205963
60.2369652
60.2371063
111.616653
98.1470337
71.9770889
60.2209244
60.2866173
60.2286377
76.6328125
69.058136
63.0031586
60.2207603
60.2207565
60.2208405
98.8208008
85.7803726
68.177475
62.4875679
240.828888
202.013535
106.060959
61.906765
143.77533
284.749329
274.534119
291.547272
184.494522
99.9214859
70.220314
70.2203903
70.2357178
70.2198868
70.2195282
70.2192993
70.2191315
70.2189941
70.219101
71.435318
71.4282684
70.5799179
97.1762848
90.8652725
76.2583618
70.2180481
70.2339325
70.2174988
70.2172852
70.2171021
70.2171478
70.2333298
70.216507
70.2160492
70.2160339
51.437458
10.3576765
42.1234779
50.2143478
50.214119
64.3556366
60.5700569
53.5922203
54.1825409
53.22332
50.935997
64.1745148
92.8369522
160.313446
103.502174
60.762619
50.2081413
50.2078323
52.1456375
83.1672897
81.7956848
63.1761627
58.4882698
55.1583252
51.4676895
50.2035141
90.2319183
79.858284
166.877701
126.471619
23.6532269
40.8608246
40.2971954
40.2970963
40.2969589
40.2967834
40.2966461
40.2964706
40.2963333
40.2961578
77.049408
66.9373093
48.9066391
40.9670944
50.3825417
181.120529
178.983139
96.2118607
48.4396019
40.566143
40.2955322
40.3545685
40.552597
40.4333992
40.8204231
40.8091164
40.5184784
40.2952385
40.2950668
40.2949104
40.2947731
40.2945976
40.2944603
40.2944031
41.2494698
42.4740372
41.6444893
40.4102097
40.29319
54.7877655
73.0032043
66.5723801
49.7886696
41.2957268
40.2916679
40.2914734
40.2912178
40.2909851
40.2908478
40.2905922
40.2902603
40.2900696
44.4110298
45.7434044
42.8028374
40.4881821
40.2887573
40.4769325
42.4311371
42.1506462
40.4565125
40.2799149
21690.1973
100.285683
124.03347
167.405243
142.98172
111.204659
100.231697
100.227798
100.22718
100.213821
102.596542
101.091866
100.493591
100.176018
100.167473
100.158569
100.997055
100.335838
100.232811
100.141022
100.13652
100.123558
100.083969
100.071182
109.4897
104.185547
101.203827
100.001602
100.018242
100.008118
50.0329819
50.0862274
50.0801544
50.8287888
56.2686577
57.8309479
70.6408157
76.9519958
109.969193
84.9801865
59.5043259
49.9510422
49.9457588
49.9408302
49.9359703
49.9314957
49.9281883
49.9666748
49.9660912
49.9235611
49.9571266
49.9556313
49.9153748
49.9120827
49.9480667
49.9836464
49.9467583
49.9098434
49.9093819
53.9724731
101.016327
100.295959
111.116486
160.74472
131.830383
88.8793411
58.4409256
50.0609474
100.035759
50.0344734
50.0375443
50.0156784
50.0165367
50.0219612
50.046669
50.0534019
50.0422783
50.0484467
50.0560875
50.0643234
50.0729065
50.0816154
50.0907326
50.1072998
50.1181602
50.1158867
50.1160431
51.0573349
50.2487564
50.1943016
50.1430054
50.1484947
50.138382
50.1622238
50.1673012
50.1572266
50.1878395
50.1906319
50.1932793
50.1933289
50.1928596
50.1926041
50.1922112
50.1916618
50.1913757
50.1909599
50.1903992
50.1901245
50.1896973
50.1891441
50.1887703
50.1881676
50.1876984
50.1873703
50.1867676
50.1862946
50.1858406
50.1852188
50.184597
50.184227
50.0701332
50.0699844
50.0696793
50.069313
50.0689659
50.0683136
50.0676727
50.0668221
50.0652313
50.0635948
50.0629501
50.0626335
50.0619316
50.0616951
50.061039
50.0606918
50.0601082
50.0595169
50.0590668
50.058567
50.0582428
50.0585442
65.3165741
60.5185204
53.4542809
50.3063354
50.0581093
50.0798264
50.1094971
50.0557671
50.0552406
95.1712799
89.5620117
83.2917252
80.1588898
80.1579895
80.1568909
80.2429581
80.1545334
80.1533585
10.0846615
70.2184296
80.1498489
10.0828037
70.2131195
80.1459656
80.1446533
10.0801649
70.2048492
80.1405334
80.4270401
10.080081
70.1972809
80.1355591
80.6148682
90.852951
89.7359695
83.8309097
80.5246735
142.670105
135.266113
67.2143173
50.1248589
50.1237335
51.3738403
51.6194763
50.5470886
50.1195869
50.1185913
50.1353149
50.1221466
50.115387
50.1142769
52.2893181
102.087227
143.435608
129.934174
85.0092087
56.6316414
50.1078529
50.1070328
55.2875099
98.5623627
108.571426
76.9932938
54.2205811
50.1058311
14.1896439
94.8286591
101.471123
100.098244
100.097145
60.0096855
69.0836487
82.2943039
142.106201
188.956146
145.696381
125.328888
198.491028
265.955109
190.716156
94.308754
61.8954506
60.0269203
69.4317932
90.6147232
88.5190201
94.2156754
79.1159821
65.3492966
142.950378
170.325195
112.907364
69.5543594
60.0953522
94.7263794
133.891129
181.034164
269.589996
256.633575
144.756104
85.5069733
89.2834091
86.3928223
78.9187622
92.7903671
87.1440506
74.9253159
70.1963882
70.1357193
72.7192917
76.5564728
80.8930359
146.295319
140.38443
228.716003
193.64006
156.89595
189.483963
256.689392
173.100555
94.9557724
70.1595078
70.1806793
70.1686935
130.29541
132.356537
225.504974
261.739166
228.302063
136.904694
84.8474808
171.515686
182.432495
109.512199
61.8570786
51.5512695
51.4619179
50.8289604
50.5964508
50.2943954
50.2101517
79.7053375
156.605377
150.012848
312.020264
255.644333
143.001114
103.180321
103.992981
168.014938
186.175537
146.350296
121.652817
109.212662
140.306824
134.679688
113.2202
53.8851318
102.995758
51.6770859
71.4176025
65.9941635
113.293701
122.056259
90.6894684
56.7615662
43.420681
40.3728409
144.476303
140.48674
101.952194
63.3114471
46.7320786
43.6092148
45.2943382
43.0365753
41.0519485
41.2201233
41.45504
63.2408257
58.8342476
46.506218
44.1585693
93.6335831
83.5383453
52.8206635
40.3029938
45.4534912
103.992081
100.078804
61.890419
50.3623085
47.4576912
49.5819397
45.5096741
87.9009323
124.275101
102.197418
83.081192
96.9332123
243.179108
268.398376
194.059906
203.473862
152.226135
110.872986
100.371864
100.800507
103.636871
96.5185318
64.4364777
55.1693687
51.994957
50.9526138
50.6537399
51.4909477
80.8583832
76.9397278
68.0413666
114.692291
102.895493
106.8237
