0.0
0.0
0.0
0.0
0.0
0.0
0.0
0.0
0.0
0.0
0.0
0.0
0.0
0.0
0.0
0.0
0.0
0.0
0.0
0.0
0.0
0.0
0.0
0.0
0.0
0.0
0.0
0.0
0.0
0.0
0.0
0.0
0.0
0.0
0.0
0.0
0.0
0.0
0.0
0.0
0.0
0.0
0.0
0.0
0.0
0.0
0.0
0.0
0.0
0.0
0.0
0.0
0.0
0.0
0.0
0.0
0.0
0.0
0.0
0.0
0.0
0.0
0.0
0.0
0.0
0.0
0.0
0.0
0.0
0.0
0.0
0.0
0.0
0.0
0.0
0.0
0.0
0.0
0.0
0.0
0.0
0.0
0.0
0.0
0.0
0.0
0.0
0.0
0.0
0.0
0.0
0.0
0.0
0.0468402542
28.3462772
66.5594254
125.334869
98.624321
37.2453537
10.0036993
6.25223398
0.0124302283
0.0135787288
0.014024253
0.0141861849
0.0143478811
0.014527549
0.0146068521
0.0147851557
6.87432718
22.6711273
12.7415218
7.69830179
0.0161267575
0.0162846837
0.0164420754
0.016517628
0.0170621872
0.0168157518
3.59137893
2.60270405
1.15925992
0.5153566
0.170264244
0.017969694
28.7530136
17.5287037
10.0076628
9.20109844
0.0182389878
0.0377208851
0.0234151296
0.0175467581
0.0175449252
0.0175414123
0.0175362714
0.0177022889
0.58845973
1.1617496
0.360323042
0.240913197
0.741497219
0.241286218
0.566792488
1.12210166
1.71595633
1.91766548
4.71443892
4.83569956
20.3563995
13.311367
10.018981
3.68526769
0.106237471
79.8584213
107.640488
58.0462914
48.9058189
31.053194
10.0242844
47.2312393
100.042542
98.1799545
36173.3633
118.250648
104.846291
100.398865
100.083626
100.084572
100.0849
172.056076
443.955963
448.769196
235.004089
117.547333
161.723099
162.992264
122.130234
101.981117
100.163292
100.16275
100.162025
60.2926979
100.480728
101.27964
106.666321
112.653305
124.818779
186.407715
172.211731
119.898865
100.171944
100.17244
100.172455
100.172043
100.171539
100.170937
100.170036
100.251404
109.826508
109.561646
102.819344
100.69976
223.011261
312.332245
257.962433
193.379425
181.009995
153.222351
127.957184
78.9261246
71.8797073
70.703598
70.3275757
101.095512
101.725105
100.62307
100.227615
100.225685
100.224251
115.511955
180.762253
246.318817
212.540955
361.338074
365.949402
253.378937
202.408112
166.418442
122.6576
112.082832
110.148743
104.04039
100.774635
100.511856
100.414818
123.631622
124.251343
107.150772
101.809166
102.581924
50.8983994
50.3003235
50.2983322
50.2969093
40.2933044
43.0482025
42.7114029
51.5610161
53.7572517
48.8719597
67.3079529
176.160065
419.918213
405.895508
186.702072
60.4301605
188.457214
233.852692
140.416443
65.4451294
57.7258301
54.1727333
44.761055
40.3506889
40.3474007
40.3441048
40.3405685
43.147934
224.079269
257.931763
128.60994
57.2131577
47.230011
42.550972
40.3580093
40.3552742
40.352169
40.3493576
40.3460159
40.9010315
83.3724518
82.5888367
52.0155067
66.0625305
73.4925995
65.0166321
52.0413322
42.4123917
168.293289
169.882431
78.6959457
42.8503571
62.5750008
54.1443748
51.6923752
158.288895
274.636536
191.750946
174.547852
254.749878
235.142731
151.631775
107.449852
100.889832
100.467529
100.429749
100.428345
100.426872
100.425316
102.243568
113.146484
248.042435
294.054688
193.81073
117.130455
100.486465
100.473747
100.455917
100.455139
100.454079
216.215286
209.689468
135.763229
307.318695
342.111816
195.996552
111.359512
100.515373
100.515442
100.514839
110.641747
168.953629
157.50885
117.204948
100.524895
50.5224991
50.5175934
52.6658325
76.1505966
176.954163
186.598633
104.31337
252.779648
229.457504
104.71312
50.5293884
50.5252838
97.1762466
137.855972
171.287842
131.091034
242.373016
394.590027
422.957214
368.122681
219.131027
93.6280823
54.3266296
50.5968475
50.5914574
50.5858231
50.5800629
50.5741043
50.5676003
50.5617943
102.029457
164.039917
194.837524
142.557556
194.603668
171.350235
124.295464
102.530289
125.396744
112.283829
107.411636
101.502312
100.934677
101.025024
100.476341
100.465591
100.454071
100.446526
100.438927
100.431511
100.42437
100.417366
100.410309
100.403702
100.397331
50.6008911
50.385231
50.3795395
50.3734169
50.3677597
50.3624573
50.3576508
50.3544083
50.3525238
50.3509026
50.3489876
50.5926476
50.8752975
50.487896
50.4166374
50.3405571
52.6821327
51.5875282
52.87043
51.484848
50.7308006
51.2559319
51.4091454
50.730587
50.4631424
50.3221054
50.319912
50.3180237
50.3159676
50.3141747
50.3116493
50.3095055
52.4165001
51.4793587
50.9029274
100.342567
100.29808
100.295898
100.293991
100.292
50.2899475
50.2879944
50.2859573
50.2837868
51.2925529
50.897831
50.9966736
50.32687
50.2929611
50.2720222
56.2619553
74.1826172
64.9705658
54.9967804
50.2640152
110.505737
192.81012
146.309387
76.9400024
50.2737427
51.5413322
51.7450676
53.6808167
52.2037773
51.698494
50.3108711
80.2716293
80.480217
80.2568512
80.2540741
80.2509537
80.247551
80.2442627
80.2413559
80.2380142
80.2351456
80.2325745
80.2307587
80.230011
80.2278976
80.2234268
80.2235565
80.2221832
89.1499557
178.722763
222.097733
159.78273
176.559631
728.498169
704.872375
429.547974
236.188629
128.286331
81.5101242
80.2981339
80.2931442
100.420601
100.800858
100.432411
100.277733
100.273827
100.542603
101.245491
100.610054
100.280197
100.256859
100.253365
100.250481
100.295334
101.706245
344.050446
717.862488
763.348633
779.93335
920.526733
652.369873
316.286957
173.746048
122.397728
113.313416
204.273346
267.756744
207.275116
129.758499
103.055077
101.650566
100.76358
60.3989067
60.3940392
116.737961
110.292084
75.4323959
60.3814812
164.200455
349.13385
274.566406
116.231552
60.5020981
60.4015312
60.3967285
60.3917274
60.3869133
60.3820572
94.1528778
315.683228
624.905701
512.15625
233.529846
102.447823
99.2110214
413.046875
479.442841
253.110321
141.390106
93.5928879
110.137291
100.454849
100.451088
100.446899
100.442543
100.438019
100.43351
100.429077
100.42424
100.419724
100.415115
100.410561
100.405975
100.401344
100.397316
100.393219
100.389313
100.384895
100.381134
104.533867
104.086334
101.322281
100.366196
100.362244
190.680695
238.137634
175.022079
115.175026
103.828583
122.649803
142.835022
127.080269
107.246323
101.501106
100.723877
100.463417
100.37793
100.352425
100.349937
100.347191
100.344818
100.447388
100.956642
101.223564
100.55777
156.865845
153.714798
116.258865
101.005836
103.577827
289.973969
319.777496
193.558578
113.111343
100.360069
100.359413
104.710007
104.787537
101.504646
100.352509
101.451271
102.124001
102.544746
116.687119
53.3144226
90.1896057
97.349411
536.381958
511.266296
399.102966
339.485352
248.796921
160.555862
91.4511642
56.7158928
454.196533
789.698608
495.391632
142.311386
79.5915146
531.65332
164.529541
100.463791
100.460304
100.456032
100.451927
104.662773
162.467102
362.955139
378.97348
438.86676
440.892426
460.252991
509.854523
862.432495
684.111877
581.661011
564.181824
602.111084
516.190308
304.96701
283.373352
283.663727
297.704529
128.541885
100.610458
100.608688
100.606781
100.604645
100.602127
100.599388
100.596855
100.594131
100.591721
100.589294
100.586632
112.821548
126.380478
116.567001
103.522629
100.577225
100.575562
100.573799
102.143936
104.746529
101.835114
100.97924
101.969681
101.593048
100.888954
100.599632
100.555977
100.55394
110.747604
105.882721
102.201576
100.88456
100.561455
360.266937
346.144775
174.332321
108.102409
104.032318
101.699638
100.573059
100.572144
100.571243
103.634438
102.179512
101.155128
100.566612
100.564285
100.563133
100.561821
109.104309
54.2861748
51.7044754
50.5451393
50.538887
50.5328369
50.5262642
50.5198326
50.5135574
50.5071793
51.2396584
109.263443
98.288269
64.8175125
50.481842
50.4768028
50.4713745
50.4652557
50.4597893
50.4541435
50.4484062
50.442646
50.4369736
50.4313469
50.4256172
50.4200821
50.4144897
50.4089165
50.4032707
50.3979073
82.8848801
124.070221
108.35733
100.601959
100.368217
100.361969
100.35556
129.574844
120.955841
106.737305
100.333618
100.328499
50.3233376
50.3182411
50.3131523
50.3084106
50.303978
50.299469
50.2951355
50.2912178
50.2877808
50.2845421
50.2808266
50.2774925
50.274231
50.2712708
50.939991
50.4408875
50.3625832
50.2605476
50.2582054
50.255764
50.2517738
50.2500114
50.2486343
50.2470818
50.2464638
50.2455254
50.2435226
50.2421036
50.2406349
50.2393341
50.2380753
50.236557
50.2348747
50.2336121
50.231884
50.2304077
50.2289124
50.2269669
50.2253532
50.2237358
50.2222214
50.2205429
50.2911835
71.7730713
66.0941162
55.3940582
50.2155762
50.2147141
50.2101212
50.2093277
50.2084312
50.2074432
50.2066269
50.205574
50.2047043
50.203968
50.2032089
50.2024498
50.2018166
50.2009239
50.1999092
50.1991692
50.1984749
50.1979332
50.1973572
50.1970291
50.1967239
50.1963654
50.1955223
50.1949883
50.5060081
50.2048378
50.1966858
50.196373
50.1935501
52.9045944
52.8073044
51.1639252
50.4162788
50.1924133
80.1914597
80.1904907
80.1896133
80.8717194
80.2086105
80.1861191
80.1847382
80.1879044
80.1870041
10.1051197
70.2609787
91.2582245
87.1135712
184.724487
160.344193
106.119576
80.1882095
80.1874847
10.1076183
75.181282
89.7415314
85.8603973
81.7571335
80.1868668
106.86451
25.4347878
90.1305923
87.475174
84.9031525
81.8677368
60.6656647
60.6257515
60.8671722
58.4477539
55.4636993
65.9986572
81.1538849
240.604492
226.333038
278.602081
1212.50745
1570.58704
826.537842
242.125305
105.216675
106.25248
103.602577
102.844383
100.996246
100.279335
100.27533
100.270676
100.265953
100.261139
100.256584
100.283691
100.42511
109.087387
110.432014
103.917404
100.448975
60.2296448
60.2253494
60.9095306
62.051239
63.1394196
85.7937851
96.1630402
83.4643707
67.6801224
61.5255737
72.9599686
68.5151825
62.7784729
166.144989
203.868011
259.542511
309.300659
298.568604
404.677612
337.405273
183.081451
91.9109726
69.735466
171.596161
527.386902
453.320038
171.05864
66.1118317
63.3138161
61.5129967
70.450325
80.8524246
98.1630402
90.5338745
75.2887192
70.3180389
72.7263565
73.057045
71.3207474
71.1597672
71.0708389
70.5254517
70.3554916
70.3178253
70.2964401
70.2882309
90.7208557
103.947433
97.6188278
81.8907089
72.3877869
70.3675308
85.3191833
91.8754196
82.0157166
72.8073196
79.8399048
309.325562
408.524048
254.932602
111.283165
103.327705
100.560799
100.315392
101.964149
102.696075
100.93325
100.30706
100.304611
100.3022
100.299911
106.259598
106.46244
101.888283
100.291107
100.289253
102.780495
103.350075
109.584663
151.033401
159.983963
150.006897
159.064392
186.882919
133.962601
134.245483
148.974243
217.532166
217.827148
151.534882
187.843369
182.541946
64.807663
40.8044395
41.1889381
41.0262794
40.6458092
40.3619995
40.3581161
40.3536186
40.3494301
40.3455238
78.0036774
254.957428
861.088501
759.275696
319.42215
264.586487
216.241714
87.6804352
40.4327469
40.430809
40.427803
40.4244423
40.4212799
324.232849
332.527588
138.231781
52.9929466
46.2675934
59.876358
63.2736511
111.984077
103.509766
102.845276
102.027214
139.607361
138.454254
146.818207
135.855026
109.64753
100.435486
143.017761
237.633942
256.229858
175.684799
113.459412
100.465851
100.464798
100.462921
106.604767
125.12635
119.668755
104.719894
157.705795
240.185822
202.242233
197.439468
210.772278
161.008881
160.356293
146.878113
114.47023
101.100891
100.773804
100.513092
100.511917
109.507767
104.961296
101.904732
144.454941
172.850403
277.68985
227.857452
137.600494
101.190872
100.633026
100.536972
100.53624
100.535484
100.534454
100.533363
100.53212
100.830505
100.529747
100.528572
129.026718
154.143234
130.475861
107.594994
104.909363
102.534538
101.239014
50.5258865
50.5205574
50.5147858
50.5087547
50.5026169
50.496666
50.4910202
116.393211
395.720551
357.378998
149.498703
58.2523766
79.8999557
1085.79407
1289.23499
558.100891
115.171043
50.5386429
50.8698769
100.529587
100.524216
100.518204
100.512421
100.506577
100.500885
100.494919
100.489067
100.483261
100.477531
100.471733
105.044716
246.787262
643.897644
634.539185
304.021576
127.402473
158.020721
256.017944
101.097931
100.496628
100.474014
100.446304
100.438568
100.431038
100.423805
100.416725
100.409576
100.402748
100.395988
100.389709
100.383301
100.377266
100.371063
100.36528
100.359802
100.354576
100.349655
100.34481
100.340126
100.335526
100.331108
100.327148
100.324562
100.322769
100.320992
100.319328
107.188614
103.325409
101.330627
102.656441
101.217415
104.327576
108.149185
112.709305
113.825798
116.632744
107.539673
102.295059
100.300316
100.298668
103.02829
101.629997
50.8686638
50.2918663
50.2901115
50.4558296
50.2865334
56.0378571
53.145153
57.4229431
110.559204
108.444092
110.867027
128.087021
117.507126
105.478317
119.846161
128.16362
144.097778
124.020599
107.159843
100.277344
102.399345
102.854462
101.250183
100.487793
100.270897
101.016579
100.347038
100.291115
100.264397
107.642555
104.636581
101.849342
101.172676
153.798996
191.4142
307.134644
440.781097
389.914948
241.271118
108.373596
80.6018295
80.3214798
80.3183289
80.3140259
80.3103256
80.3065186
80.7165756
80.2988663
80.2951813
80.2914047
80.2871704
80.2830048
80.2785339
80.2740021
80.2699738
80.2656479
80.2614517
80.2570801
80.2528229
80.2487488
80.2450562
171.553986
300.84848
284.496399
182.499802
543.913269
581.065308
358.373932
194.452789
146.617828
106.184578
100.612251
100.864174
100.478401
100.322769
100.318932
101.545876
102.405029
100.970169
100.327896
100.298981
100.294914
100.290886
100.287437
100.283844
100.280037
100.275902
100.271904
100.268005
100.264259
100.260315
103.132828
159.454178
177.214325
172.441772
144.553253
111.858475
163.35582
483.22168
629.216858
347.260834
125.464188
65.0407639
60.8290367
60.3141403
60.608036
60.778553
60.4641342
66.590683
111.453339
141.50946
120.448814
80.6444702
63.5624199
60.290287
60.2859917
60.2813644
60.2763824
60.2714958
61.0191879
60.5657082
60.3515511
60.2558022
60.3204536
60.2586975
60.2466354
60.2435188
60.2405319
60.3001518
60.6553955
82.1399307
102.89917
93.863205
76.2761383
70.2591476
138.3871
134.643265
89.1420441
70.2365036
76.6055069
76.3471527
72.8560944
85.665596
84.7810669
74.4680634
387.560364
405.34021
879.246826
964.060059
856.92981
527.962158
210.577499
236.47641
208.291901
143.675064
104.018318
102.491966
100.826561
104.689774
104.258759
117.489159
418.334839
743.098389
658.052368
599.237061
390.71759
176.281876
100.463028
151.672028
169.016785
131.072784
109.586235
106.176033
118.371056
113.198807
111.943977
108.147263
102.456299
100.445641
100.442924
100.440552
100.437653
100.434906
120.067642
185.673492
166.041214
117.979202
117.500603
234.461853
639.952026
603.255188
274.067627
114.998917
185.76268
309.165039
170.565308
145.092896
155.846786
180.054077
195.91745
162.981308
121.367302
102.982841
110.905396
114.639542
107.411972
101.748299
100.480995
100.476982
100.472603
100.46833
100.464355
100.460121
100.455742
100.451584
100.447563
100.443306
100.43927
100.435364
40.4316368
104.268585
44.251049
102.292557
100.694725
100.463921
100.411194
100.432304
100.412361
100.401306
100.397789
100.394485
101.515297
102.993584
102.045486
100.533943
100.378769
100.652534
100.461357
100.37075
100.36795
101.834473
103.200165
101.885551
136.083618
136.348923
115.863861
202.64563
307.208588
545.004883
522.327881
268.286743
121.693054
100.435501
100.435539
100.434349
100.432693
100.431351
100.430008
100.428062
100.426437
100.424583
100.422768
160.793839
355.226685
485.568817
374.821289
190.504501
112.353874
100.496719
100.557281
100.496437
100.49527
100.494354
126.44162
202.197266
320.961548
318.777893
201.210831
120.7948
101.995239
100.544037
100.542763
100.54287
53.8864136
52.1791077
118.031067
632.643616
543.627441
200.671478
51.8188095
52.6498604
50.55513
50.5387726
50.5229301
50.5168877
50.5109444
50.5050507
50.4988098
51.0464211
50.4874763
50.4814491
50.4753189
50.4697762
50.4638176
50.4582062
50.4524879
50.4472046
50.4418373
68.0056458
85.2161407
68.3592377
55.6742516
50.4159966
100.410759
166.474243
189.195526
138.605911
107.563034
100.389481
123.223068
111.172264
103.724632
100.368095
100.362694
100.357208
100.352165
100.346863
100.342049
100.337189
100.332611
100.328217
100.32386
108.743484
103.881889
101.475998
100.308907
100.305382
100.302177
100.298912
100.295853
100.2929
100.290077
100.286964
100.284332
100.326759
50.2790642
50.2778206
50.2764931
50.2751236
50.2734985
50.2721252
53.2275734
51.4869156
50.7436981
50.2666626
50.2653236
50.2637253
50.2624054
50.2607651
50.2590637
50.2574272
50.2559395
50.2542458
50.2526131
50.2517509
50.2499428
50.2480049
50.2462883
50.2443771
50.2425728
50.2408981
50.2390099
50.2372894
100.233627
104.879807
103.996407
101.669228
100.486351
100.230553
100.229172
100.225906
209.186157
187.330383
78.2644577
50.2308464
50.2309914
50.2304573
50.2297668
50.2289772
50.2278938
50.2272606
50.2271156
103.825768
95.283699
64.8491211
50.2308693
50.2305832
50.2297478
63.1976204
59.1733589
53.4056129
51.9961281
51.1291885
50.6299858
80.2250824
80.2242889
80.2230301
81.476944
80.552597
80.3445969
80.265892
91.6269531
136.988312
310.395752
735.857666
868.949707
575.709412
255.771881
119.639313
86.3940277
81.8548355
80.3121643
80.3077469
80.3025513
99.3213348
95.4187317
85.5302887
80.283287
80.2781296
81.2375946
80.3044586
80.2633896
80.2586975
80.2541733
100.250198
100.246696
100.243385
147.055313
148.013153
114.809387
100.265869
100.235184
100.233139
100.230942
100.228706
100.226677
100.224762
104.101463
165.462494
200.167496
156.478516
208.81044
361.967804
370.456421
312.194183
283.220184
223.062057
146.137314
107.330063
100.317749
148.843033
1117.88965
1603.05981
1071.7738
436.112244
127.022652
65.3194504
60.7235603
60.3909225
60.3863373
60.3802376
60.374485
60.3683205
60.3625259
60.3571739
102.878517
96.1081619
71.1519699
60.3382683
60.3854408
60.3354912
74.92379
69.8151474
63.2180214
60.3076782
60.3021698
60.2968826
97.3313293
89.6111984
69.1706238
63.0320282
329.682739
314.665192
140.660721
62.5971184
173.418686
378.30603
405.807007
392.266724
259.204651
140.863876
100.363327
100.361084
100.358391
100.355034
100.3517
100.348351
100.344536
100.341003
100.337303
101.335258
101.410187
100.668549
122.817062
120.610001
106.159065
100.31588
100.313164
100.310318
100.307533
100.30484
100.302177
100.299637
100.296906
100.294571
100.292099
101.455353
101.980125
100.722984
100.283508
100.281593
112.257011
111.677284
103.946823
104.205025
103.874451
101.139618
113.313477
210.131287
269.583069
195.936234
120.24691
100.295654
100.295708
102.569374
139.390656
145.077545
120.119568
110.878273
107.439545
102.146423
100.29818
149.006882
145.264633
277.284607
242.239929
144.684082
41.1988907
40.3250542
40.3219185
40.318325
40.3144379
40.3102798
40.3063164
40.3027496
40.2991753
78.0268555
77.6550598
52.7645226
41.2750282
50.9172859
264.723816
304.274963
149.897049
54.2136192
40.7160683
40.3163834
40.3764839
40.6314316
40.4822121
40.850647
40.9112587
40.5764503
40.2963791
40.2932777
40.2900925
40.2871475
100.283882
100.280685
100.27771
64.4637146
42.5837708
41.92202
40.4226799
40.2646027
54.9794922
79.9486008
77.2936325
55.2109909
41.9591827
40.2568092
40.2554893
40.2535896
40.2515564
40.2499809
40.2483749
40.2467155
40.2454033
44.7624741
47.5281906
44.0287857
40.5660553
40.2391548
40.4553947
42.7998161
42.9827957
40.5110207
40.23349
100.232689
100.2314
130.110229
208.671051
81.7222595
122.101089
100.247101
100.247894
100.247543
100.245636
102.766983
101.588593
50.7557487
10.1496086
90.3330612
100.239853
100.993729
100.505585
100.377846
100.237717
10.1474581
90.3253632
100.232101
100.232262
111.609619
106.437775
102.130196
100.227364
100.228027
100.227058
50.2287025
50.2276306
50.2260628
50.9269104
57.8861847
60.7964783
80.7498245
94.9226227
164.47377
127.24987
72.1671829
50.237114
50.2369194
50.2356873
50.2349434
50.2334518
50.2319641
50.2307129
50.229599
50.2282829
50.2272339
50.2260132
50.224575
50.2233353
50.2225113
50.2214165
50.2204437
50.2191162
50.2181587
54.9505615
51.9457779
50.7771568
65.2810211
166.789581
239.901917
159.967209
75.3636627
50.2410965
50.2409668
50.2397537
50.2382469
50.2371521
50.2356453
50.2341423
50.2327309
50.2313461
50.2300415
50.2286377
50.2273865
50.2261162
50.2248878
50.2236252
50.2225113
50.2216873
50.2208672
50.2198334
50.218895
50.9450874
50.4194107
50.3306656
50.2156448
50.2145233
50.2127686
50.2121124
50.2075729
50.2096596
50.2091751
50.205452
50.2050591
50.2041969
50.203392
50.2028008
50.2019463
50.2013016
50.2007408
50.2003937
50.1993828
50.1987534
50.1983643
50.1976662
50.197216
50.1967583
50.1960106
50.1955261
50.1949654
50.1944046
50.1937943
50.1931725
50.1925735
50.1921425
50.1902275
50.1901283
50.1897774
50.1897507
50.1894722
50.1892815
50.1890106
50.188755
50.1885796
50.1880951
50.1878281
50.1876183
50.1875534
50.1873245
50.187088
50.1868401
50.1864815
50.1861649
50.1858826
50.1860123
50.1854095
50.1852493
65.1939545
61.886879
54.1665878
50.471981
50.1908417
50.1870346
50.2223282
50.1898766
50.1864281
6190.51562
113.180435
104.65493
100.185295
100.184021
100.18335
100.293915
100.186729
100.180794
100.17997
100.179153
100.178337
100.177353
100.176506
100.175652
100.174789
100.173912
100.173203
100.172104
100.524353
100.181076
100.171997
100.1689
100.752045
113.083977
111.751762
104.723679
100.708504
244.813263
217.42453
138.112762
100.179955
100.180206
103.07148
103.789955
101.220665
100.176353
100.175339
100.217461
100.18573
100.171158
100.169556
104.975861
258.785004
405.811157
356.582031
205.296082
118.053482
100.225243
100.223106
110.536903
217.978363
246.467377
166.962112
110.152504
100.244347
108.071632
109.200317
102.84713
100.224876
100.221138
60.2169647
77.8738861
108.01725
290.879211
411.027283
285.678589
200.531067
366.026855
505.031464
335.551483
128.141251
63.0591927
60.3207932
72.0217133
101.619217
100.318771
109.639206
88.921051
68.2687759
197.067627
247.118912
151.623642
76.431839
60.3912811
105.627296
169.573975
252.617859
419.013275
397.970337
202.492096
123.412399
121.016045
120.981224
111.082481
126.271393
122.936981
106.701401
100.47831
100.391891
103.539627
108.128479
113.367172
171.381897
181.268112
314.504547
329.046783
228.127396
251.599457
344.644958
264.029053
140.383286
100.45005
100.447945
100.444504
154.558578
174.961868
271.453064
347.713837
307.435974
196.058121
120.998581
207.803772
255.382904
180.957886
116.294731
101.806633
101.842117
101.093391
100.911926
100.603241
100.506531
122.365509
199.509384
217.529465
417.581512
353.281769
173.569717
102.92276
103.942291
161.420044
188.032745
150.59549
121.897751
109.267998
135.457397
134.066162
113.893181
103.743599
103.112473
101.74585
117.785706
115.349945
107.701378
123.452286
93.1814575
58.3849831
43.9267006
40.6066551
136.150391
150.277527
105.245277
64.4057388
47.1720276
43.0267792
44.4038315
42.867794
41.1992607
41.1797295
41.4322205
57.8285713
57.3342705
46.4076004
43.5031357
87.2773132
85.9319916
54.3652992
40.5107536
44.4142685
100.15564
105.322388
64.9694748
49.072937
107.173767
108.220505
105.479301
144.334259
189.419205
171.012955
145.048981
156.728958
337.832947
392.147217
277.839539
206.566132
150.098373
111.198524
100.630875
100.827644
102.295052
102.559517
100.773041
100.737732
100.621399
100.565933
100.563515
101.054298
120.958107
120.77935
113.277046
143.964325
137.523483
142.756851
