0.0
0.0
0.0
0.0
0.0
0.0
0.0
0.0
0.0
0.0
0.0
0.0
0.0
0.0
0.0
0.0
0.0
0.0
0.0
0.0
0.0
0.0
0.0
0.0
0.0
0.0
0.0
0.0
0.0
0.0
0.0
0.0
0.0
0.0
0.0
0.0
0.0
0.0
0.0
0.0
0.0
0.0
0.0
0.0
0.0
0.0
0.0
0.0
0.0
0.0
0.0
0.0
0.0
0.0
0.0
0.0
0.0
0.0
0.0
0.0
0.0
0.0
0.0
0.0
0.0
0.0
0.0
0.0
0.0
0.0
0.0
0.0
0.0
0.0
0.0
0.0
0.0
0.0
0.0
0.0
0.0
0.0
0.0
0.0
0.0
0.0
0.0
0.0
0.0
0.0
0.0
0.0
0.0
0.0570519194
33.065155
77.5033188
138.723267
108.346146
40.6962166
10.0012922
6.83631372
0.00850577187
0.00941682979
0.00978694577
0.0101050306
0.0101857847
0.0102095949
0.0102324793
0.0106479945
7.9230485
25.9545879
13.1320877
10.00453
0.250688136
0.0119422702
0.0120618939
0.0121374447
0.0125820991
0.0122801829
4.10705519
2.97570872
1.32112062
0.581112742
0.187494949
0.0132715199
32.6479759
21.2561531
10.005003
10.0053101
0.379775614
0.0356178321
0.0196527056
0.0129938331
0.0129912198
0.0129869236
0.0129805319
0.0131460801
0.661909342
1.30972445
0.402234584
0.266614676
0.833871424
0.267057747
0.638339937
1.26610851
1.94850826
2.16936541
5.36418438
5.47881794
23.0318871
13.7364521
10.0172377
6.65464354
0.112197891
87.5001373
118.492752
63.1963043
54.5543785
34.7832832
10.5513515
35868.9727
222.467651
208.906372
158.347214
120.562935
105.451004
100.427422
100.069199
100.069962
100.070419
180.622009
454.07074
421.80658
202.391541
119.556534
169.050903
170.6595
124.806984
102.189346
100.145798
100.146423
60.1465302
60.298275
100.515594
101.436691
107.628998
114.478485
128.234848
196.107224
180.065308
122.037956
100.1576
100.15863
100.158791
100.158661
100.158417
100.158005
100.156578
100.251083
111.263351
110.962784
103.207184
100.765694
234.62204
332.667419
276.434357
206.588104
190.472763
159.724197
131.466644
110.045677
72.0870438
70.7529831
70.3238525
101.207123
101.930344
100.665215
100.211693
100.210068
100.208336
117.742538
190.387207
261.862366
224.180237
374.547241
378.974701
266.101807
214.229614
174.174927
125.352097
113.666946
111.488342
104.533157
100.815979
100.517891
100.407539
126.858261
127.54863
108.082031
101.998726
102.880493
100.960327
50.2779198
50.2762184
50.2750244
40.271637
43.4369431
43.0488358
53.1561813
55.6358185
50.0252228
70.7455597
189.096832
434.872437
419.770355
194.987167
62.5870361
200.838898
251.125153
150.410324
68.3889084
60.0096741
56.0103149
45.3253212
40.320034
40.3168907
40.3133698
40.3097801
43.535099
235.393387
272.915222
135.633087
59.3111191
48.1386223
42.8173561
100.324272
100.321671
100.318718
100.315941
100.312866
81.5107422
108.910065
101.446014
64.7490463
101.320717
117.749771
87.8285446
77.6086197
54.5375633
193.061554
181.632858
82.3456268
82.5271301
101.570183
98.6492081
65.8075943
173.743408
297.187073
211.802841
203.771149
270.972412
249.19809
157.184525
108.257614
100.907356
100.42598
100.382996
100.381538
100.379959
100.378723
102.47171
114.951111
260.746307
312.771729
203.196945
118.895386
100.439461
100.424713
100.404747
100.403801
100.402863
227.720184
220.926987
139.455795
317.743042
358.746887
203.712784
112.581657
100.457642
100.458008
100.45768
112.051849
176.966187
164.415146
119.173073
100.465424
50.4635048
50.4587936
52.9274445
79.6426544
189.313293
201.00325
110.053314
265.225586
241.664856
108.396927
50.4661484
50.4623795
103.15184
148.218628
184.576996
140.029388
257.321289
418.649475
439.164917
369.473206
228.361618
97.9357986
54.7128677
50.5289154
50.5237579
50.5184402
50.5130653
50.5072289
50.5008507
50.4952812
101.666336
164.333801
196.091812
147.461548
185.55246
175.923492
126.401154
102.648491
123.430428
113.860367
107.109428
101.587212
100.942047
100.834351
100.423508
100.413696
100.402863
100.396339
100.38974
100.383667
100.377472
100.371628
100.365837
100.360283
100.354805
100.562698
100.345184
100.340607
100.335747
100.331177
100.326607
100.322784
50.3203659
50.3188896
50.3172989
50.3156662
50.5804062
50.8900452
50.4788589
50.3960342
50.30756
52.9299774
51.7391434
53.152359
51.6188354
50.7621689
51.3242073
51.5064049
50.7619095
50.4531593
50.290451
50.2886772
50.2866058
50.2846527
50.2826424
50.2807503
50.2788544
52.6788292
51.6252594
50.9645805
100.319344
100.26825
100.266609
100.264709
100.263199
100.261253
68.068718
50.2576027
50.2561188
51.4085732
50.9619865
51.0725555
50.3088913
50.269577
50.2461967
57.1275444
77.5144196
67.2538528
55.6978645
50.2408752
117.730057
206.608154
155.170868
79.1593094
50.249794
51.7043114
51.9373512
54.1532021
52.4656715
51.8853836
50.2962379
80.2526398
80.4934158
80.2372742
80.2345047
80.2317886
80.2294159
80.2268906
80.224556
80.2220306
80.2201614
80.218071
80.2166061
80.2173843
80.2155762
80.2105331
80.2126541
80.2114563
90.5526505
190.131256
237.461319
167.865997
186.89151
734.048462
707.435181
443.810333
249.825958
132.373535
81.6470413
80.2818069
80.2769852
100.424774
100.862938
100.439766
100.262657
100.259064
100.570526
101.382225
100.649185
100.269272
100.243011
100.240196
100.237305
100.290138
101.927574
349.092865
722.926514
777.147888
790.044434
922.496887
656.091125
327.072784
182.118195
124.924774
115.089127
215.468246
285.09491
218.414871
132.955658
103.373444
101.806816
100.793365
60.3774719
60.3725433
123.858871
116.722588
77.3567047
60.359272
174.741577
370.245483
288.975983
119.685181
60.4891243
60.3763123
60.3714447
60.3665314
60.361515
60.3567963
96.7578659
306.288513
603.875549
515.953857
241.398468
107.291161
103.236771
418.009827
493.622955
265.597015
148.794739
137.758057
111.332901
100.426079
100.422119
100.417992
100.413872
100.409698
100.405235
100.400696
100.396576
100.39222
100.387985
100.383636
100.379158
100.375107
100.371239
100.367378
100.36367
100.359512
100.356102
105.161484
104.655174
101.450874
100.342072
100.338585
201.035004
252.211182
182.841629
116.56076
104.289963
125.087646
147.463562
130.497849
108.10833
101.634926
100.75045
100.454506
100.357079
100.328255
100.326065
100.323921
100.321579
100.440224
101.027847
101.335999
100.569427
162.930969
160.643188
118.326195
101.074631
103.963234
295.731506
335.661316
202.093948
114.536331
100.335762
100.33519
105.286011
105.4133
101.649498
100.329521
101.592499
102.365181
102.847916
118.853058
55.138073
96.0225677
104.03511
537.484375
512.369446
408.54892
358.468903
265.899017
172.277908
97.2760468
58.6170044
457.171295
795.220825
497.677277
142.560974
650.778259
509.567291
164.370651
100.433792
100.430161
100.426041
100.422173
105.267143
170.187103
380.059509
393.495789
451.912689
490.628906
483.427765
558.577515
873.90509
700.164795
599.987976
574.826233
600.676941
535.958008
321.347473
303.024994
308.130432
309.949554
134.716064
100.563118
100.561432
100.559616
100.557159
100.554558
100.552315
100.549355
100.546906
100.544373
100.541885
100.539368
114.560005
129.91597
118.680717
103.879173
100.529747
100.527893
100.525833
102.32164
105.300827
101.971504
100.991745
102.126884
101.695297
100.889229
100.557983
100.508362
100.506363
112.182983
106.612083
102.393333
100.88485
100.51619
364.103699
352.732391
176.709717
109.124756
104.477211
101.810944
100.523506
100.522781
100.521744
104.03952
102.369576
101.192894
100.51712
100.514641
100.513382
100.51226
110.32074
54.7920799
51.8264275
50.4964714
50.4904137
50.4844818
50.4782257
50.4720039
50.4661026
50.4599419
51.303566
116.584915
104.725632
66.7280273
50.435318
50.4303856
50.4250565
50.4196129
50.4142456
50.4089546
50.4036255
50.398201
50.3930931
50.3880196
50.3825912
50.3773918
50.3722458
50.3673134
50.3621407
50.3570709
87.3507385
127.390442
109.451996
100.594757
100.331223
100.325417
100.320374
133.309006
123.635521
107.547188
100.302872
100.298889
100.294601
50.2904587
50.2866859
50.2830429
50.2792702
50.2758102
50.2728539
50.269825
50.2669182
50.2643623
50.2617073
50.2592278
50.2564316
50.2541504
51.027565
50.4516258
50.3623352
50.2459869
50.2438202
50.24189
50.2375641
50.2364159
50.2351494
50.2339325
50.2334366
50.2324066
50.2305222
50.2294121
50.2280159
50.2270737
50.2256241
50.2242889
50.2232819
50.2219925
50.2203522
50.2188988
50.2177582
50.216404
50.2150345
50.2133865
50.2119637
50.2108536
50.2934875
74.9326935
68.5378799
56.1850929
50.2075691
50.2068253
50.2022018
50.2016525
50.2011032
50.2005653
50.1997604
50.199295
50.1990089
50.1984901
50.1980171
50.1976242
50.197403
50.1969948
50.1962624
50.1959114
50.1954231
50.1950073
50.1946297
50.194416
50.1939774
50.1939812
50.1934891
50.1934204
50.5498085
50.2039719
50.1951561
50.1949348
50.1919823
53.303154
53.1912994
51.3105164
50.4488869
50.1908264
80.1898575
80.1888733
80.1880722
80.9685135
80.2092056
80.1847458
80.1833649
80.1865768
80.1855087
80.1821594
10.1027489
83.0456238
88.2409668
195.489838
170.48613
109.2854
80.1850967
80.184494
80.1839294
85.7493362
90.9454651
86.5512161
81.9478607
10.1063185
100.137222
108.378204
91.2836075
88.3677139
85.4639664
82.0684128
61.9740372
61.9238739
62.1955605
59.4670639
56.1193542
67.9671707
84.8702621
253.367249
237.222809
294.842285
1224.04785
1573.01672
826.007446
242.080841
105.921944
107.102425
104.074203
103.204834
101.090088
100.270203
100.266365
100.262062
100.257378
100.252777
100.248268
100.280457
100.444557
110.445343
111.977386
104.466858
100.473
60.222538
60.2185287
61.0080948
62.3236847
63.5737801
89.3872681
100.959259
86.4179077
68.5836716
61.6768684
74.6042633
69.5753098
63.1029816
175.992706
218.559662
277.993317
331.28717
320.551544
425.084045
354.130432
193.121582
95.7722015
70.9225388
182.619339
535.974854
455.465088
170.978241
66.9034882
63.7207985
61.6624985
70.4475861
82.3573608
102.007561
93.2946701
75.9493179
70.298439
73.0528107
73.4300003
71.4456635
71.2640762
71.1633453
70.5395279
70.3453217
70.3027954
70.279213
70.2707901
93.6279602
108.576637
101.213295
83.3582382
72.6389999
70.3635025
87.3347168
94.7024155
83.5211411
73.116806
81.1271057
316.777161
424.78363
268.340302
115.552193
103.693069
100.573807
100.295311
102.189949
103.029831
101.005997
100.287811
100.285545
100.283409
100.281189
107.145348
107.372116
102.109833
100.273445
100.27153
103.138931
103.790756
110.937653
157.558609
222.092102
210.704742
221.042877
251.738495
192.95546
138.307373
155.152161
230.46228
230.526627
157.218674
197.540833
191.522415
67.481308
40.8362427
41.2789803
41.0930405
40.6581688
40.3344879
40.3302307
40.326149
40.3218498
40.3180542
83.1385651
270.883606
872.182007
763.538147
328.689697
284.291016
230.192352
91.199707
40.3972397
40.3954277
40.3926125
40.3892899
40.3861504
330.074799
338.616577
141.371704
54.6867828
47.0263519
62.4727478
66.2957993
113.481583
103.886742
103.135391
102.210243
144.657593
143.317505
152.576202
140.166946
110.75956
100.396461
148.382858
251.972626
272.143524
183.613785
114.878914
100.421692
100.420746
100.418999
107.446991
128.458023
122.201683
105.261658
164.461731
255.040192
212.617065
208.054993
223.173004
167.896698
167.050751
152.440475
115.971222
101.132858
100.759109
100.461662
100.460373
110.537178
105.559471
102.056267
149.695099
180.886459
278.75946
238.50824
140.494217
101.224602
100.594254
100.48452
100.483498
100.482513
100.481468
100.480148
100.478958
100.748566
100.476112
100.474518
131.626068
159.469925
134.287994
108.425148
104.864395
102.764069
101.285423
50.4716263
50.4663429
50.4605827
50.4547539
50.4490623
50.4431839
50.437851
122.410278
381.315735
359.961212
154.112961
59.1719093
77.524765
1053.51343
1295.70288
568.993469
118.607697
100.489853
659.291931
125.855247
100.476013
100.470375
100.465057
100.45945
100.453888
100.448112
100.442833
100.437218
100.431671
100.426353
105.676788
256.238525
653.207153
642.55011
312.256287
264.225769
237.235031
263.10614
101.125999
100.460114
100.436043
100.405861
100.399025
100.392395
100.386093
100.379753
100.373558
100.367729
100.362061
100.356544
100.351334
100.34597
100.341156
100.336403
100.331917
100.32756
100.323402
100.319481
100.315826
100.312111
100.308609
100.305527
100.303093
100.30146
100.299362
100.298294
108.28035
103.815414
101.481201
102.990944
101.345009
104.919067
109.308914
114.507393
115.750626
118.878784
108.506149
102.534889
100.280716
100.279137
103.398956
101.789787
56.5806618
50.2729111
52.3262291
50.4623299
50.2680664
56.8409386
53.5262718
58.3867607
111.923531
109.515854
112.220757
131.439087
119.711349
106.142029
122.225685
131.518311
149.088364
126.786934
107.974266
100.259285
102.689423
103.203842
101.370079
100.500824
100.253967
101.11132
100.342865
100.279297
100.248451
108.7033
105.252113
102.060242
101.291962
160.305298
201.621307
358.957825
461.05368
410.84491
253.080872
111.096176
80.6149597
80.301651
80.2983856
80.294632
80.2911224
80.2876663
80.760437
80.2805557
80.2769775
80.273468
80.2698593
80.2657089
80.2614136
80.2578278
80.2538986
80.2500839
80.2460938
80.242485
80.23909
80.235611
80.2324677
182.587402
321.21991
302.644745
192.52626
546.151306
589.248901
373.576447
206.610672
151.642899
106.87075
100.632332
100.922508
100.481277
100.304192
100.300392
101.715034
102.703262
101.052475
100.314194
100.281754
100.277992
100.274399
100.271004
100.267693
100.264473
100.260506
100.257095
100.2537
100.250221
100.246674
103.584267
167.503448
187.007446
180.726044
149.418808
113.127068
170.712128
491.177673
643.703735
361.772736
130.922089
65.6201782
60.8816261
60.2966461
60.6348419
60.8324051
60.4715538
67.5105286
117.990402
151.327927
127.616127
83.0377426
63.9489708
60.2724113
60.2682114
60.2639351
60.259758
60.2553787
61.1186981
60.5976105
60.3514748
60.2418823
60.3180504
60.2475967
60.2343636
60.231926
60.2296143
60.3002014
60.7133904
83.9656143
107.596397
97.2324142
77.1251526
70.2546539
145.840805
141.768204
91.2537079
70.2266693
77.5029678
77.1871185
73.2147369
87.8054352
86.7585373
75.0391083
393.742737
412.178589
881.820129
976.472168
853.172241
530.451233
212.024796
233.33699
251.045685
147.786331
104.507759
102.782738
100.879112
105.296783
104.818161
119.754944
423.721832
749.60498
669.018311
615.008423
399.851318
178.210861
297.773102
384.348816
173.736618
135.218719
110.816605
106.876472
120.554367
114.92189
113.345154
109.185707
102.71508
100.429016
100.426376
100.423744
100.420967
100.418259
122.519455
193.433151
173.532074
119.954697
119.10376
241.943176
648.846558
608.442322
279.159058
139.240021
174.394882
317.726105
178.808777
150.396606
161.72995
188.447723
204.909698
169.806732
143.10437
148.594025
112.085014
116.49041
108.334328
101.890739
100.454437
100.450455
100.446426
100.442513
100.43811
100.433838
100.429977
100.42556
100.421585
100.417542
100.413498
100.409668
100.405907
44.8254242
44.8113518
102.552032
100.71077
100.445694
100.385818
100.410797
100.388268
100.3759
100.372543
100.369179
101.657585
103.353493
102.267464
100.532028
100.353973
100.666977
100.4487
100.3461
100.343315
102.015678
103.575394
102.075768
140.874634
141.196503
117.936783
212.349091
325.808167
557.057617
533.299927
276.67218
123.980148
100.403526
100.403259
100.40229
100.401009
100.399582
100.398018
100.396301
100.394371
100.392433
100.390823
168.39093
372.645142
510.452728
395.231262
198.477325
113.673584
100.456612
100.526199
100.4562
100.45533
100.454269
130.013229
213.365219
329.992523
326.700104
210.098633
123.059547
102.137032
100.50016
100.498726
100.498795
54.0506592
52.27034
122.616364
632.197144
543.142517
200.393509
51.9583473
52.8258629
50.5155029
50.4975166
50.4804306
50.4749603
50.4690895
50.4634094
50.4577751
51.0743408
50.4471245
50.4411621
50.4355392
50.4302101
50.4246712
50.419281
50.4139748
50.4090195
50.4038544
70.5784683
89.8980331
70.9264984
56.3555717
50.379982
100.375076
172.580002
196.691315
142.886169
108.307434
100.355972
125.133957
112.634148
104.158775
100.33802
100.333473
100.328995
100.324692
100.320641
100.316856
100.312836
100.309006
100.305763
100.302528
109.776779
104.411293
101.636017
100.290024
100.287354
100.28492
100.282272
100.279663
100.277039
100.274887
100.272621
100.270393
100.319435
50.265274
50.2638245
50.2626305
50.2612343
50.2602463
50.2589035
53.662384
51.6694984
50.8066864
50.2538948
50.2524033
50.2511711
50.249855
50.2483978
50.2471313
50.2455864
50.2441673
50.2426147
50.2411079
50.2402191
50.2384453
50.2368355
50.235321
50.2339439
50.2321396
50.2308464
50.2292862
50.2281036
100.224541
105.600662
104.582947
101.895332
100.519325
100.223068
100.222
100.218437
220.259064
198.203674
131.667511
100.222061
100.222557
100.22216
100.221596
50.22089
50.2202377
50.2200813
50.2203445
110.200523
100.71727
66.6017685
50.2234192
50.2231827
50.222805
65.0106354
60.4018173
53.8348351
52.2431221
51.2513618
50.6817932
80.2204742
80.2205734
80.2197571
81.6617584
80.5989914
80.3608017
80.2706833
93.2965317
144.077866
325.907501
745.809448
873.4021
590.019592
267.123505
123.949074
87.1901779
82.0590897
80.3031235
80.2986145
80.2935028
102.034836
97.580658
86.2736969
80.2744141
80.2693405
81.3702774
80.3015366
80.2555542
80.2513199
80.2466583
100.243172
100.239861
100.236984
153.269455
154.43927
116.748886
100.262527
100.228493
100.226669
100.22477
100.22274
100.220749
100.218765
104.661057
173.277161
211.360046
162.532394
219.925446
383.902039
392.857544
332.134216
301.818817
236.053925
151.282822
108.161446
100.299828
154.987534
1121.21277
1601.59436
1082.9657
450.137421
132.71785
65.9159851
60.7480583
60.370079
60.3653259
60.3597755
60.3537827
60.3479195
60.3424988
60.3370094
108.640137
101.078636
72.6389999
60.3182411
60.3727303
60.3164978
76.9360352
71.1122055
63.6019783
60.288208
60.2830582
60.2781372
102.108566
93.4626923
70.3266525
63.3826599
334.547943
322.200134
143.559708
62.8900528
181.880371
382.912659
412.714905
394.808838
272.918823
144.269196
100.342529
100.340393
100.33812
100.335007
100.331963
100.328667
100.325233
100.321663
100.318451
101.472282
101.559456
100.7033
125.918953
123.604362
107.01577
100.299377
100.297241
100.294525
100.292007
100.28965
100.287231
100.285255
100.282936
100.280891
100.278748
101.617989
102.223717
100.776527
100.271187
100.269516
113.989189
113.34874
104.475845
104.748711
104.368935
101.251045
115.091698
220.91095
283.587311
205.072769
122.101349
100.281891
100.28212
102.85704
142.897675
150.374039
122.666382
111.961876
108.406685
102.386612
100.284988
152.734024
151.004105
284.801514
254.409637
148.602203
41.2928886
40.3092957
40.3063622
40.3030396
40.2993698
40.2951279
40.2915039
40.2879486
40.2845955
83.1762848
82.7847061
54.4587479
41.3925247
52.3567619
274.287109
317.517578
157.36467
55.8516388
40.7502327
40.2991409
40.3687401
40.6618118
40.4909172
40.9162254
40.9856491
40.6009827
40.2804527
40.2776413
40.2746735
40.2717628
100.269119
100.266533
100.263535
101.308601
102.921249
102.159904
100.433487
100.25145
117.143921
145.326828
142.058823
117.080673
81.3869476
67.2978363
56.6466522
40.2413063
40.2399063
40.2385674
40.2371025
40.2359619
40.2347794
45.4129028
48.5547066
44.5423698
40.6008492
40.2291641
40.4763832
43.148571
43.3578644
40.5399246
40.2238693
100.223579
100.222252
134.179489
220.036652
190.240677
124.331787
100.236305
100.236618
100.236252
100.234413
53.1315804
51.7779045
50.8213997
10.1432781
90.3178787
100.229103
101.09729
100.535896
100.388992
50.2281342
10.1417103
90.3119125
100.222458
50.2229385
23.2155952
97.4428558
102.4048
100.218254
100.218803
10.1348963
40.3036194
50.2196045
50.2185898
51.0239525
59.0110626
62.3099518
84.7576599
100.504059
175.69751
135.2659
74.4359055
50.228981
50.228775
50.2280312
50.2273369
50.2261696
50.2250061
50.2241936
50.2232933
50.2216682
50.2211456
50.2200432
50.218792
50.217926
50.2170601
50.2164192
50.2156143
50.2145081
50.2136917
55.6964417
52.2246437
50.8646545
67.553772
178.950714
258.369995
170.031174
77.5503769
50.2335625
50.2333069
50.232502
50.2311516
50.2301292
50.2289505
50.2276001
50.2264481
50.2251663
50.2240486
50.2229767
50.2218819
50.2209282
50.2197304
50.2187119
50.2179146
50.2171173
50.2160797
50.2152634
50.2143097
51.0546951
50.4492378
50.3461037
50.2116508
50.2109528
50.208416
50.2081299
50.2036705
50.2059441
50.205452
50.2017517
50.2011795
50.2004738
50.1998444
50.1996346
50.1988106
50.1982193
50.1973572
50.1969604
50.196579
50.1958199
50.1953278
50.1949577
50.1942787
50.1938019
50.1934395
50.192894
50.192173
50.191494
50.1911507
50.190567
50.1901245
50.1897583
50.1877213
50.187706
50.1873817
50.1872406
50.1870575
50.1868629
50.1867981
50.1864433
50.1862106
50.1858177
50.1856079
50.1853943
50.185173
50.1851006
50.184761
50.1844635
50.1842079
50.1839409
50.1836586
50.1837845
50.1831818
50.1830254
67.6140823
63.8711014
54.8467064
50.5129623
50.1886024
50.1847916
50.2243042
50.1876297
50.1841774
3315.51318
115.244568
105.357536
100.182922
100.181633
100.180885
100.306084
100.184303
100.178413
100.177589
100.176773
100.175949
100.17511
100.174263
100.173401
100.172531
100.171646
100.170929
100.169991
100.574188
100.179306
100.169815
100.166702
100.837517
115.036156
113.518883
105.420509
100.787239
255.254578
229.871429
141.945801
100.174614
100.175079
103.47744
104.278786
101.361549
100.171783
100.171082
100.220108
100.184113
100.167496
100.166267
105.69809
271.740173
428.782043
377.470001
215.080231
119.961823
100.216019
100.213806
112.029068
230.113708
261.358063
174.026825
111.283913
100.234047
109.197365
110.4814
103.214294
100.214447
100.210999
60.2072372
80.4041748
114.127892
304.85144
434.680115
302.886627
214.274719
383.34668
528.608948
351.855804
132.742752
63.3756981
60.2985039
73.6794815
106.960106
105.470779
115.702682
92.4477768
69.2346344
209.094681
265.155579
160.851593
78.1487503
60.3736954
111.400101
181.876221
271.228394
439.521484
419.190796
213.269684
125.770317
123.801453
123.762489
112.526215
129.693344
125.899353
107.511925
100.458122
100.360924
103.968185
109.215195
115.172264
211.952927
222.96846
360.46521
343.01059
239.527908
267.444458
366.896362
278.031677
143.702164
100.405914
100.404037
100.400696
161.351532
184.216415
287.373016
369.653015
327.153778
205.885742
123.21347
218.61615
271.415649
189.546677
118.03965
101.929916
101.978592
101.123192
100.916885
100.563141
100.453224
125.427284
210.70874
228.925873
404.11026
361.888092
176.048141
103.113419
104.383659
157.907593
190.958649
155.98822
123.376137
110.393585
134.042877
137.665924
115.586052
104.088364
103.423882
101.867065
117.682503
117.369698
104.349777
128.2509
97.7072983
60.497406
44.3039627
40.563652
142.447342
160.42308
110.472664
67.3340149
47.9628181
43.2678871
44.8461609
43.1399841
41.2365189
41.2189484
41.5076637
59.9952927
59.6340256
47.1653404
43.8514252
92.8466339
91.4831238
56.0011253
40.4539261
104.917274
107.252319
113.003464
67.824585
110.164047
108.038727
109.22242
106.104553
149.789551
199.788452
179.08197
150.406494
163.553177
353.234009
402.257629
287.440521
212.898514
155.833649
112.409294
100.57122
100.797958
102.474304
102.779778
100.735458
100.695122
100.562477
100.499161
100.496819
101.060913
123.63298
123.561264
114.915741
149.157654
141.994064
147.94606
