0.0
0.0
0.0
0.0
0.0
0.0
0.0
0.0
0.0
0.0
0.0
0.0
0.0
0.0
0.0
0.0
0.0
0.0
0.0
0.0
0.0
0.0
0.0
0.0
0.0
0.0
0.0
0.0
0.0
0.0
0.0
0.0
0.0
0.0
0.0
0.0
0.0
0.0
0.0
0.0
0.0
0.0
0.0
0.0
0.0
0.0
0.0
0.0
0.0
0.0
0.0
0.0
0.0
0.0
0.0
0.0
0.0
0.0
0.0
0.0
0.0
0.0
0.0
0.0
0.0
0.0
0.0
0.0
0.0
0.0
0.0
0.0
0.0
0.0
0.0
0.0
0.0
0.0
0.0
0.0
0.0
0.0
0.0
0.0
0.0
0.0
0.0
0.0
0.0
0.0
0.0
0.0
0.0
0.0570519194
33.065155
77.5033188
138.723663
108.348129
40.700695
10.005969
6.84723091
0.0176283456
0.0186143257
0.0192026496
0.0197901204
0.0201079734
0.0203445964
0.0204857662
0.0208202377
7.93310165
25.9645824
13.1377535
10.0101404
0.269522339
0.0224707741
0.0226841178
0.0227595139
0.0232044794
0.0229022522
4.11767673
2.98633075
1.33174276
0.591734827
0.198117182
0.0238935873
32.6586151
21.2667542
10.0111008
10.0114079
0.399820745
0.046334248
0.0303931758
0.0237720702
0.0237694569
0.0237650033
0.023758769
0.0239241607
0.672687411
1.32050252
0.413012654
0.277392775
0.844649553
0.277835965
0.649118066
1.27688658
1.95916748
2.18010569
5.37496233
5.48959589
23.0425262
13.7425308
10.0233355
6.67452812
0.122819602
87.5106125
118.504105
63.2111778
54.5721703
34.8040199
10.5743933
35847.7695
222.494766
208.938812
158.384827
120.604279
105.494232
100.471596
100.113937
100.115051
100.116135
180.667542
454.120911
421.866089
202.459167
119.626305
169.11911
170.726791
124.873802
102.25518
100.208344
100.20462
60.2006302
60.3504372
100.564705
101.483109
107.67395
114.522087
128.277054
196.148407
180.108322
122.083176
100.202805
100.202492
100.201584
100.199821
100.197845
100.195786
100.193459
100.286491
111.297104
110.995377
103.239731
100.797272
234.652649
332.702301
276.476746
206.637512
190.526642
159.780762
131.524567
110.103401
73.4272537
70.8076172
70.3764267
101.257637
101.978943
100.712341
100.256577
100.253517
100.250305
117.782356
190.425507
261.902649
224.225754
374.599457
379.036133
266.171448
214.305176
174.254623
125.43441
113.749245
111.569954
104.614029
100.895523
100.595627
100.483383
126.932144
127.621414
108.153679
102.068596
102.949066
101.027374
50.3439217
50.3405228
50.3371162
40.3313065
43.4938812
43.1032372
53.2078247
55.6850662
50.072319
70.7906265
189.140808
434.921478
419.830078
195.05658
62.6600227
200.912994
251.204178
150.494675
68.4760437
60.0970078
56.0967178
45.4100456
40.4029198
40.3973694
40.3916092
40.3858261
43.608429
235.464783
272.990662
135.714661
59.3958092
48.2230949
42.9007607
100.406273
100.401482
100.396576
100.39151
100.386375
83.6004181
109.658974
101.767204
64.9325562
101.458847
117.872742
87.9470978
77.7254257
70.5538483
199.647217
197.280411
94.3627548
103.234573
101.646645
100.496399
90.0935287
181.555344
299.761108
212.716339
209.423187
271.069641
249.30246
157.294693
108.369774
101.020203
100.538521
100.494934
100.492485
100.489738
100.487297
102.579597
115.059563
260.863617
312.882965
203.315506
119.018265
100.563652
100.548836
100.528351
100.526848
100.525017
227.844116
221.052689
139.58519
317.87619
358.887543
203.862167
112.735611
100.612648
100.61319
100.612328
112.206352
177.120087
164.571106
119.33149
100.624329
50.6205139
50.6123352
53.0764771
79.7899933
190.327057
205.771606
110.193878
295.461945
241.803314
108.537743
50.6058578
50.5985489
111.713058
159.923599
200.264801
143.292892
286.689789
446.096924
462.535034
392.986206
235.858017
98.4075012
54.8554726
50.669014
50.660675
50.651516
50.6415596
50.6320953
50.6218414
50.6117058
102.263245
171.436493
202.93219
147.711914
201.020309
179.054764
127.020195
102.793472
127.957184
113.929222
108.16143
101.646149
100.996223
101.066818
100.468796
100.454445
100.439415
100.429192
100.419365
100.409782
100.400871
100.392479
100.384308
100.376472
100.369011
100.60006
100.355804
100.349251
100.342896
100.336533
100.330414
100.325241
50.3220787
50.3193283
50.3171158
50.314724
50.5949364
50.9195404
50.4761391
50.392437
50.3032608
53.0082207
51.7504997
53.2176323
51.6261444
50.7550621
51.3487396
51.5253029
50.7527809
50.442543
50.2791138
50.276062
50.2751846
50.2725639
50.2698097
50.2676086
50.2638626
52.6959152
51.6176949
50.9522934
100.302177
100.251442
100.249481
100.247658
100.246048
100.244423
100.242928
100.241028
100.239609
101.406105
100.953232
101.065987
100.296074
100.254059
100.23098
107.148872
127.585938
117.266708
105.691383
100.228432
167.737366
256.665466
205.265747
129.182709
100.249168
101.703583
101.936409
104.151733
52.4638939
51.8830376
50.2933197
80.2480011
80.4883347
80.2319794
80.2268906
80.2238846
80.2205963
80.217598
80.2147522
80.2120514
80.2096252
80.2074127
80.2063599
80.2077637
80.2056503
80.2003479
80.2023926
80.2011566
90.5116348
189.842636
237.428558
167.861832
186.889542
734.051758
707.448486
443.832764
249.855316
132.406754
81.6792984
80.311554
80.303154
100.447403
100.882385
100.456688
100.276672
100.269974
100.578362
101.387848
100.652802
100.270714
100.242134
100.23671
100.232048
100.28299
101.91333
348.001862
723.01825
777.165161
790.072693
922.541504
656.149841
327.140259
182.189743
124.99752
115.16095
215.538452
285.16687
218.491577
133.034424
103.451378
101.882248
100.86615
60.4473228
60.4386978
123.921494
116.783226
77.415184
60.4149895
174.794769
370.301239
289.039215
119.753082
60.5561676
60.4400558
60.4313431
60.4227829
60.414566
60.4064484
96.8039093
306.333618
622.536072
520.189575
241.713959
107.399384
103.381477
418.198425
493.69696
265.678925
148.88028
97.8443069
111.417526
100.508171
100.501266
100.49411
100.486786
100.479088
100.471443
100.46376
100.455757
100.448074
100.440529
100.432961
100.425575
100.418221
100.411316
100.404465
100.397896
100.391022
100.384735
105.187515
104.678955
101.472145
100.361031
100.354736
201.048187
252.224182
182.856369
116.577316
104.306244
125.103073
147.478088
130.512344
108.122162
101.64785
100.76265
100.465607
100.366997
100.336998
100.333435
100.329498
100.325935
100.44342
101.03022
101.337509
100.569527
162.930206
160.642593
118.325684
101.074593
103.963226
295.731781
335.666809
202.106155
114.551926
100.351883
100.350578
105.300522
105.426712
101.662262
100.340828
101.602737
102.37468
102.856422
118.860703
55.1440735
96.0273056
104.039032
537.489929
512.382202
408.569733
358.497681
265.936493
172.321701
97.3232727
58.6651115
457.220825
795.27832
497.746368
142.637726
471.61673
531.381897
164.66008
100.505898
100.499557
100.493164
100.486763
105.3293
170.246979
380.120789
393.565399
451.99234
491.234863
485.367981
560.038513
882.269775
709.489258
602.109863
580.279541
617.006104
539.682007
326.628754
304.963654
317.954346
320.411926
136.79483
100.704475
100.701958
100.698723
100.695496
100.691902
100.687904
100.683998
100.680061
100.67643
100.672424
100.668503
115.08255
130.498169
118.923309
104.007271
100.653442
100.650269
100.64711
102.448517
105.424026
102.090652
101.108528
102.242218
101.809341
101.001732
100.669029
100.618225
100.614716
112.297142
106.726982
102.500916
100.988579
100.618591
364.353333
353.52713
177.123383
109.374847
104.636703
101.928139
100.640503
100.639389
100.63784
104.195259
102.497269
101.307304
100.630943
100.627625
100.625725
100.623421
110.45787
54.9082146
51.9297066
50.5953369
50.5849686
50.5744667
50.5637169
50.5533295
50.5427895
50.5324097
51.371788
117.007797
104.969994
66.8078537
50.4896927
50.4811707
50.4719086
50.4628563
50.4536972
50.4445
50.4352455
50.4260788
50.4173126
50.408371
50.3996773
50.3912315
50.3826561
50.3743362
50.3660469
50.3577614
87.4129944
127.42585
109.452728
100.584747
100.318367
100.310959
100.303604
133.336563
123.643318
107.530602
100.282341
100.277489
100.273064
100.268661
100.264816
100.260872
100.25724
100.254051
100.250778
100.247719
100.244987
100.242752
100.240173
100.237839
100.235596
100.233337
101.006912
100.431198
100.341911
100.225922
100.224258
100.222519
100.216515
50.2149849
50.2137451
50.2126656
50.2120285
50.2109261
50.2089424
50.2078323
50.2061462
50.2051773
50.2039223
50.2026787
50.2016411
50.2002907
50.1990585
50.1976624
50.1963615
50.1952019
50.1940727
50.1930504
50.1918106
50.1910515
50.2734299
74.7316589
68.5271149
56.167202
50.1898537
50.1891441
50.185379
100.185196
100.184937
100.184654
50.1844597
50.1842079
50.1838799
50.1837158
50.1834717
50.1832695
50.1831093
50.1826324
50.1821518
50.1817741
50.1815987
50.1812668
50.1809311
50.1807518
50.1804085
50.1803055
50.1798096
50.1795921
50.5325356
50.1902351
50.181282
50.1809158
50.1779709
53.2712479
53.1660233
51.2960739
50.4346275
50.176609
80.1753235
80.1736145
80.1724396
80.9466324
80.1926804
80.1677475
80.1660156
80.1689148
80.1676865
80.1640244
80.1627808
92.9028168
88.2224579
195.23584
170.470535
109.268387
80.1674576
80.1668701
80.1664124
85.731842
90.927948
86.5332718
81.9298553
80.1671295
110.040833
108.360527
91.2659836
17.300621
76.4959717
82.0510101
111.956604
111.906456
62.1781883
59.4500885
56.1023712
67.9501266
84.8536072
253.352814
237.214233
294.840607
1224.05627
1573.03979
826.0448
242.124664
105.965599
107.143593
104.113274
103.24102
101.123535
100.300522
100.293098
100.285309
100.277161
100.269173
100.260887
100.290131
100.451103
110.449486
111.978607
104.465752
100.469543
60.2170753
60.2103691
60.9978409
62.3114815
63.5600319
89.3722076
100.943161
86.401535
68.566803
61.6588211
74.5865097
69.5572433
63.0841293
175.97525
218.545685
277.985718
331.287903
320.562134
425.104126
354.160645
193.158997
95.8117218
70.9610443
182.656433
536.015991
455.514893
171.034256
66.959877
63.7751503
61.7139397
70.4970932
82.4039917
102.05143
93.3368988
75.9892807
70.3358536
73.0879364
73.4631119
71.4766464
71.29245
71.1895065
70.5637665
70.367569
70.3226852
70.2969131
70.2862473
93.6412888
108.588402
101.223648
83.3680038
72.6474686
70.3709641
87.3409424
94.7080154
83.5260468
73.1210098
81.1308212
316.781738
424.796112
268.362732
115.580475
103.722878
100.602402
100.322495
102.215897
103.054459
101.028976
100.308899
50.3050041
50.3014107
50.2977676
57.1605377
57.385952
52.1226463
50.2851791
50.2820473
53.1489601
53.7996483
60.9458847
107.566238
172.100174
160.716537
171.059235
201.760681
142.983597
88.3394394
105.186409
180.498901
180.568466
107.264603
147.589661
141.574417
67.5352707
40.8894157
41.3306046
41.1424561
40.7048264
40.3785286
40.3715935
40.3645706
40.3575363
40.3509674
83.1691284
270.91333
872.219421
763.588013
328.748596
284.356567
230.265717
91.2778015
40.4764442
40.4731979
40.4681892
40.4627151
40.4572716
330.145752
338.692719
141.453369
54.7704048
47.1098251
62.5552216
66.3768921
113.562386
103.966354
103.213791
102.287109
144.733093
143.392426
152.650818
140.242142
110.834854
100.471275
148.45665
252.047028
272.223389
183.699615
114.967957
100.511337
100.509567
100.506714
107.533356
128.543488
122.286041
105.345337
164.544739
255.125061
212.707123
208.323242
224.910294
167.998169
170.907532
152.546738
116.551353
101.241302
100.867592
100.56955
100.567856
111.370216
105.665253
102.161774
151.457382
182.935104
293.656677
239.674194
141.07724
101.340797
100.710327
100.600418
100.599442
100.597931
100.596169
100.594536
100.592468
100.93116
100.588768
100.586761
132.97966
160.887329
134.403183
108.536957
105.449509
102.875526
101.396133
50.5800171
50.5711098
50.5614281
50.5512733
50.5413933
50.531353
50.5218239
123.854919
401.39444
368.163269
154.194443
59.2535591
82.9832153
1085.38367
1295.8042
569.085632
118.705292
50.5869751
100.951843
100.57132
100.562202
100.552864
100.543449
100.533798
100.524406
100.514755
100.505081
100.495796
100.486313
100.477158
105.73658
256.666595
653.500977
642.6427
312.311432
298.772308
277.618835
276.402191
101.168449
100.497971
100.4692
100.434593
100.423744
100.413345
100.403496
100.393723
100.384743
100.375862
100.367676
100.360008
100.352951
100.345917
100.339554
100.333504
100.327805
100.322807
100.317711
100.312828
100.308449
100.304123
100.299721
100.29541
100.293121
100.291016
100.287666
100.28688
108.268692
103.803223
101.466904
102.977776
101.331055
104.904961
109.294754
114.492676
115.735786
118.863876
108.491165
102.519669
100.263855
100.261971
103.383537
101.774033
53.413887
55.8813324
50.253746
50.4458923
50.2517052
56.8246727
53.5100136
58.3706894
111.907806
109.500343
112.205566
131.424469
119.697525
106.128662
122.213402
131.506485
149.07782
126.77755
107.965385
100.251511
102.682137
103.196655
101.36274
100.49234
100.245071
101.103226
100.334625
100.269638
100.238365
108.694565
105.243164
102.049644
101.283157
160.296478
201.613922
359.062988
511.076782
460.859436
253.104706
131.124603
100.642822
100.327538
100.321899
100.315399
100.309059
100.303154
100.773811
100.291451
100.285416
100.279579
100.27343
100.266624
100.259933
100.253311
100.247383
100.241455
80.2357635
80.2299652
80.2254333
80.2210693
80.2174911
182.571838
321.207031
302.638733
192.526566
546.157593
589.264526
373.60141
226.64212
151.677719
106.905998
100.666405
100.954185
100.510353
100.330215
100.323265
101.735222
102.720505
101.066589
100.325668
100.290398
100.284103
100.277733
100.272156
100.266762
100.260956
100.255089
100.249054
100.243797
100.238609
100.23365
103.559151
167.216644
186.929565
180.632614
149.404755
113.114433
170.687759
491.164124
643.707336
361.789062
130.944733
65.6435699
60.9031487
60.3158302
60.6510696
60.8457565
60.481945
67.5183258
117.995438
151.331039
127.619888
83.0414047
63.9516869
60.2729683
60.2665215
60.2596931
60.2530594
60.246727
61.1082497
60.585495
60.3384018
60.2282867
60.3040543
60.2333488
60.2200432
60.2172279
60.2146759
60.2852974
60.6978569
83.9503937
107.58152
97.2178268
77.1104431
70.2398987
145.826599
141.756393
91.2439575
70.217926
77.4942322
77.1788864
73.2062836
87.7970963
86.7503967
75.0309067
393.736938
412.180908
881.832031
976.497192
853.212341
530.608765
212.174194
235.64212
251.112625
147.856369
104.5783
102.851364
100.945679
105.361275
104.880432
119.814735
423.782959
749.670166
669.095886
615.098877
399.952942
178.318741
100.555336
154.202087
174.065292
135.32193
110.918228
106.976601
120.652679
115.019035
113.440773
109.279305
102.806755
100.51825
100.513184
100.508492
100.503593
100.498276
122.596672
193.50885
173.607391
120.030655
119.17952
242.018463
648.925781
608.531738
279.257477
140.43309
238.556137
317.955261
178.905777
150.493469
161.826828
188.545105
205.00827
169.907776
143.980698
148.813904
112.185654
116.589188
108.431328
101.985695
100.547157
100.540504
100.533409
100.526787
100.520042
100.512871
100.505989
100.49926
100.492447
100.485718
100.479088
100.472404
100.466232
44.8832855
44.8669624
102.605637
100.762276
100.495117
100.433258
100.456139
100.431519
100.416939
100.411163
100.405525
101.692093
103.386139
102.298386
100.561005
100.380966
100.69223
100.472321
100.367859
100.3638
102.03447
103.592873
102.091484
140.803253
141.209061
117.942146
212.169281
325.806854
557.082031
533.338257
276.721863
124.035606
100.460266
100.459709
100.458168
100.455902
100.453423
100.450859
100.448082
100.445076
100.442299
100.439346
168.437927
372.694946
510.512146
395.304199
198.559647
113.760124
100.544533
100.613846
100.543694
100.542168
100.540489
130.098358
213.450806
330.082764
327.069702
210.271576
123.170906
102.250191
100.613541
100.612061
100.611366
54.1793594
52.3834572
122.897263
632.543213
543.263672
200.506042
52.0671539
102.931396
100.617065
100.595177
100.57402
100.564407
100.554398
100.544594
100.534569
51.1470757
50.5154724
50.5056419
50.4961319
50.4864693
50.477066
50.4675446
50.4585266
50.449852
50.441082
70.6595764
90.008606
70.9780579
56.3809547
100.401154
100.393066
172.734619
196.80835
142.918854
108.317352
100.362984
125.143127
112.638634
104.159988
100.337402
100.331306
100.325378
100.319534
100.314568
100.309731
100.305107
100.300743
100.296471
100.292511
109.767502
104.400948
101.624855
100.279037
100.276436
100.273499
100.27095
100.268166
100.265884
100.263527
100.261322
100.259003
100.308144
50.2518005
50.2501526
50.2487526
50.2471237
50.2455177
50.2441025
53.6501732
51.6570663
50.7910919
50.2380981
50.2366371
50.2351418
50.233963
50.2323685
50.2309761
50.2296829
50.2281189
50.226532
50.2251205
50.2240372
50.222374
50.2210579
50.2199059
50.2185631
50.2170563
50.2155418
50.2140007
50.212822
100.210228
105.588654
104.571152
101.882881
100.505882
100.20974
100.208267
100.204689
220.253616
198.195526
131.657745
100.213127
100.21373
100.213478
100.212906
100.212234
100.211449
100.211411
100.211266
160.193115
150.710251
116.59584
100.218307
100.218102
100.217636
115.005028
110.396194
103.82933
102.237236
101.24559
100.675728
80.2140961
80.2138367
80.212532
81.6545258
80.5914688
80.352417
80.2622223
93.2880707
144.069382
325.901306
745.812378
873.419006
590.051514
267.165771
123.9953
87.2363586
82.1036301
80.3448029
80.3371201
80.328125
102.066078
97.6085892
86.2974777
80.2950211
80.2859726
81.3834457
80.3114548
80.262146
80.2548828
80.2478027
100.241203
100.235298
100.230469
153.26152
154.430328
116.739502
100.252655
100.21769
100.21489
100.212471
100.209702
100.206879
100.203453
104.639923
173.136292
211.311966
162.520798
219.910095
383.89856
392.863983
332.150299
301.842773
236.083954
151.315689
108.194328
100.33033
155.015198
1121.24158
1601.63257
1083.01904
450.203339
132.789703
65.9882889
60.8181686
60.4371338
60.4290276
60.4191704
60.4093018
60.3990326
60.3895798
60.3802147
108.680046
101.115326
72.6723785
60.3482018
60.3990402
60.3392982
76.9552536
71.1282959
63.6145744
60.2971115
60.288311
60.2800903
102.107437
93.4593887
70.3218307
63.3762741
334.542084
322.199677
143.564819
62.8958015
181.885254
382.921021
412.732697
397.566528
272.954071
144.30864
100.382065
100.377922
100.373375
100.367897
100.362251
100.356453
100.350243
100.344383
100.338341
101.489624
101.574944
100.717049
125.98764
123.614243
107.024117
100.30616
100.30249
100.29866
100.29483
100.290894
100.287361
100.284645
100.28154
100.278709
100.275894
101.614784
102.219673
100.772072
100.266159
100.264153
113.991592
113.342659
104.469872
104.743149
104.362144
101.243561
115.087791
220.919952
283.735657
205.073517
122.106094
100.287872
100.288124
102.864044
142.971344
150.397842
122.672844
111.978882
108.414261
102.394188
100.292183
152.804077
151.011215
284.931061
254.423828
148.621429
41.3137321
40.3288422
40.3237495
40.318264
40.3118362
40.3051376
40.2987785
40.2932243
40.2875214
83.177124
82.7842636
54.4570312
41.3902092
52.3533707
274.284271
317.521179
157.375305
55.86549
40.7637291
40.3115845
40.3795357
40.670929
40.4981422
40.9219627
40.9895744
40.6035614
40.2811699
40.2766457
40.2722015
40.267746
40.2637444
40.2596931
40.2556229
41.3014488
42.9128761
42.1511383
40.4215317
40.2389679
57.1329117
85.315239
82.0469208
57.0691986
42.1439095
40.2322044
43.6988144
48.2549438
46.1024361
40.2243843
40.2224884
40.2207146
40.2190323
45.3961411
48.5383415
44.5255699
40.5832291
40.2116203
40.459301
43.1315193
43.3411674
40.5224609
40.206543
100.206207
100.204781
134.063141
219.833008
190.228088
124.322319
100.227577
100.228416
100.227989
100.225868
103.122269
101.768127
100.811317
100.22065
100.218964
100.217422
101.084625
100.523453
10.130372
90.4598694
100.21344
100.212059
100.207428
50.2076111
23.1904221
97.4256439
102.388748
100.202187
100.202477
10.1197338
40.2856407
50.2027588
50.2015305
51.0043335
58.9831161
62.2833176
84.7226028
100.481949
175.680969
135.255096
74.4274979
50.2213287
50.2211266
50.21978
50.218071
50.2163887
50.2144623
50.2132034
50.2115784
50.2097282
50.2082825
50.2069092
50.2054253
50.2041092
50.2028961
50.2020988
50.2011147
50.1994514
50.1985245
55.6745529
52.2097702
50.8498192
67.5205154
178.881195
258.359192
170.024872
77.5476761
50.2312241
50.2304993
50.2291336
50.2270012
50.224865
50.2227211
50.2205696
50.2183304
50.2165527
50.2148972
50.2130356
50.2113228
50.2096558
50.2086906
50.2072754
50.2058182
50.2047882
50.2037506
50.2025795
50.201561
51.0376701
50.4359818
50.3324394
50.1977043
50.1964378
50.1939888
50.1929131
50.1885185
50.1908607
50.1901894
50.1865921
50.1857986
50.1849785
50.1843872
50.1838112
50.1828766
50.1822701
50.1816597
50.181366
50.1806526
50.1800308
50.1795731
50.178894
50.1781807
50.1777229
50.1772652
50.1767082
50.1761818
50.1755409
50.1750793
50.174614
50.1739922
50.17342
50.1713028
50.1711426
50.1708412
50.1707039
50.1704636
50.1701622
50.1700363
50.1697655
50.1694069
50.1689873
50.1687698
50.1685524
50.1683273
50.1682472
50.1680069
50.1677551
50.1674919
50.1672173
50.1669273
50.1668968
50.1661301
50.1659851
67.5358353
63.8469849
54.829895
50.4951057
50.1714516
50.16745
50.2067451
50.1702461
50.1667976
101.628342
95.2270584
15.8667736
49.8871384
10.0856466
70.2407455
80.2874832
80.1657333
80.1596527
80.1586685
10.0800018
70.2347183
80.1560364
80.1551895
52.4869232
10.0757608
70.2305756
80.1523209
80.1513824
80.5549545
80.1613235
80.1521454
80.1493454
26.5101681
24.9201546
83.5856247
85.4048767
80.7717743
235.162613
129.859283
141.935654
100.16581
100.166122
103.467896
54.2695122
51.3521233
50.162468
50.1617851
50.2106781
50.1747551
50.158535
50.1572037
55.6898155
221.73291
378.780457
327.478271
165.096878
69.9811325
50.2343712
50.2305794
62.0433807
180.126419
211.373383
124.045815
61.3042908
50.2530556
59.2137451
60.4955673
53.2265358
50.2241821
50.218544
60.2121773
80.4071884
114.128624
304.852814
434.688721
302.905457
214.300278
383.378296
528.650757
351.909149
132.80217
63.4346046
60.3540344
73.731369
107.008713
105.517265
115.747635
92.4919205
69.2767334
209.134872
265.198242
160.89859
78.1974564
60.4203682
111.443741
181.918732
271.273438
439.574066
419.254364
213.341873
95.8452911
93.8762665
93.8361893
82.5982208
99.7639847
95.9685211
77.579422
70.5235672
70.4239883
74.0285492
79.2730026
85.2280197
182.007324
193.023895
330.525208
313.078705
209.602417
237.524109
336.9823
248.125565
113.80024
70.5037231
70.4997101
70.4939651
132.295013
154.889267
268.426208
357.382843
308.288269
175.988174
93.3181076
239.45282
280.178406
189.654434
118.149368
102.038918
102.086113
101.22892
101.020119
100.66436
100.551727
128.558304
222.632812
184.894379
387.069611
361.989624
176.155075
103.313454
104.490295
166.724945
196.975342
156.613174
124.524773
110.49897
139.147339
138.369553
115.689171
104.223846
103.524567
101.966232
119.922638
117.465195
113.060516
132.10672
99.0968857
60.5920601
44.3983955
40.6566429
145.190674
161.648315
111.960838
67.4278717
48.0565872
43.3961449
44.9664803
43.229599
41.3241234
41.304451
41.5908966
60.2182083
59.7132568
47.2423019
43.9329681
93.0472183
91.5555496
56.0733109
40.5251808
44.9878235
107.328247
113.071747
67.8940735
50.2331352
82.6064835
73.6454544
65.711998
108.824783
153.347198
130.869614
122.365326
163.623627
348.367615
378.325745
272.080566
219.584732
157.776794
112.655052
100.668991
101.017448
103.320663
103.100914
100.830261
100.841324
100.671577
100.590828
74.7478256
59.1598434
77.271431
75.1418915
66.131073
109.687706
104.051971
106.594933
