0.0
0.0
0.0
0.0
0.0
0.0
0.0
0.0
0.0
0.0
0.0
0.0
0.0
0.0
0.0
0.0
0.0
0.0
0.0
0.0
0.0
0.0
0.0
0.0
0.0
0.0
0.0
0.0
0.0
0.0
0.0
0.0
0.0
0.0
0.0
0.0
0.0
0.0
0.0
0.0
0.0
0.0
0.0
0.0
0.0
0.0
0.0
0.0
0.0
0.0
0.0
0.0
0.0
0.0
0.0
0.0
0.0
0.0
0.0
0.0
0.0
0.0
0.0
0.0
0.0
0.0
0.0
0.0
0.0
0.0
0.0
0.0
0.0
0.0
0.0
0.0
0.0
0.0
0.0
0.0
0.0
0.0
0.0
0.0
0.0
0.0
0.0
0.0
0.0
0.0
0.0
0.0
0.0
0.0439449735
26.9480057
63.2419853
121.160011
95.5305099
36.1268196
10.010622
6.0719285
0.0260686893
0.0273436252
0.0280078687
0.0284818485
0.0289937779
0.0291117448
0.0292342231
0.0294691026
6.57116985
21.6841679
12.6300011
6.94117355
0.0311857834
0.0316135287
0.0317520052
0.0318277106
0.0322726779
0.0320879109
3.44827247
2.50320053
1.12400472
0.509100974
0.178724423
0.0331251472
27.5697918
16.3951054
10.0164433
8.86151123
0.0339023545
0.0528744683
0.0392284133
0.0337608531
0.0337971002
0.0337937474
0.0337887593
0.0339547768
0.580664456
1.13083112
0.36222738
0.247791663
0.727880836
0.248231754
0.559491396
1.09234345
1.65934038
1.85461354
4.52954912
4.65189981
19.542654
13.1878071
10.0277948
2.78948426
0.119082689
77.446846
104.131584
56.3773651
47.1374626
29.8917274
10.0441656
45.4296188
96.2926483
94.831131
50.3892059
32361.3906
104.712685
100.446648
100.143845
100.144012
100.143677
169.447815
442.192139
446.082458
233.194397
116.99324
159.511353
160.675476
121.364891
101.981682
100.230171
100.224945
100.219254
100.342285
100.518578
101.278511
106.418724
112.141556
123.814301
183.412231
169.787415
119.271431
100.220406
100.219482
100.217125
100.214676
100.212212
100.209724
100.207253
100.283157
109.421494
109.165894
102.730072
100.706924
219.443985
305.974701
282.142548
219.251297
178.097153
151.250717
126.925644
108.639534
101.875519
100.746101
100.384613
101.115776
101.714272
100.660286
100.280411
100.276436
100.272743
114.877151
177.816254
241.455887
208.894669
358.45047
362.935028
249.771683
198.771835
164.073746
121.906441
111.687195
109.828194
103.979027
100.850571
100.597191
100.502739
122.726875
123.322968
106.946182
101.830231
102.568008
100.955612
100.381409
100.377853
100.373825
40.3677826
42.9956932
42.6715393
51.1364708
53.2406769
48.5732765
66.298172
172.153793
416.795258
403.01886
184.602158
59.8289642
184.834564
228.707825
137.431213
64.6224442
57.1237717
53.7089691
44.6881561
40.4591599
40.4536247
40.448082
40.4420013
43.1206856
221.769684
254.496658
126.789368
56.652256
47.0535851
42.5713043
100.4692
100.464554
100.45945
100.454071
100.448868
100.976357
141.734467
140.962952
111.628319
125.128242
132.272049
108.139778
51.6752052
42.4264946
164.813797
166.348862
77.6592407
42.8553543
41.5184708
40.552494
40.4648361
144.394791
257.773132
183.700333
135.703461
189.76712
170.844208
90.0221481
70.2926712
74.3920059
40.6237831
100.587021
100.584656
100.582039
100.579353
102.313644
112.736984
244.309967
290.718323
191.048096
116.941277
100.654022
100.641998
100.625221
100.624115
100.622757
226.862122
156.861084
86.0823975
361.36496
363.174011
196.418533
111.129433
100.700836
100.701424
100.701019
113.103554
186.378799
158.335114
116.761589
100.712189
50.7092628
50.7021561
53.552681
79.606842
198.149628
192.508545
102.675354
286.600708
227.185699
104.007141
50.704689
50.6977882
105.652679
149.2005
185.37439
131.809845
272.47168
434.940125
464.042725
399.742981
236.2827
97.7728348
54.763485
50.7734642
50.7655983
50.7566795
50.7470703
50.7372704
50.726841
50.7167511
102.120476
162.856506
193.512634
141.479858
192.742096
169.125198
123.582314
102.575821
124.741814
111.960373
107.308464
101.558472
101.008873
101.097061
100.557198
100.540756
100.52375
100.510139
100.497292
71.9704514
50.4726105
50.4610596
50.449913
50.4393959
50.4293823
50.6209679
50.411293
50.4022331
50.3935852
50.3852272
50.3773041
50.3706398
50.3664436
50.363781
50.3611603
50.3583679
50.5898132
50.8587837
50.4879608
50.4191437
50.3456993
52.5770149
51.5320435
52.7571373
51.4330711
50.7126999
51.2152443
51.3605728
50.7099571
50.4537659
50.3179474
50.3149338
50.3120003
50.3090096
50.3059616
50.3027763
50.2994995
52.3078423
51.4137039
50.8631325
100.326607
100.283653
100.281174
100.278419
100.2761
100.273384
100.271042
100.268402
100.265816
101.230331
100.853424
100.948372
100.309044
100.273445
100.253151
55.969738
73.1390762
64.428627
54.8127022
50.2486687
108.244049
188.918457
144.240707
76.4110489
50.274826
51.4860649
51.6803513
53.5297318
52.1166534
51.6337051
50.3071365
80.268364
80.466713
80.252594
80.2473297
80.2433167
80.239502
80.2359085
80.2326279
80.2288284
80.2256393
80.2225723
80.2204895
80.2214432
80.2185593
80.2125397
80.2143173
80.2126083
88.7087479
175.050537
217.235748
157.196091
173.292633
726.69519
704.208191
425.186157
232.012482
127.063568
81.5032349
80.3358383
80.3275528
100.44574
100.805275
100.450417
100.299423
100.292107
100.545052
101.212448
100.604042
100.286636
100.261566
100.255615
100.249916
100.290581
101.628853
342.432129
716.878296
760.785217
778.705933
920.290405
651.169006
312.966797
171.192352
121.681511
112.843781
200.842682
262.367004
203.836365
128.835159
103.041283
101.686127
100.834656
60.4824867
60.4740562
114.607788
108.377327
74.9055481
60.4529076
160.959778
348.585114
270.534973
115.343277
60.5822563
60.4826469
60.4739075
60.4653969
60.4569778
60.4486504
94.3174133
320.683411
622.450134
509.963867
231.054123
100.998901
98.0470886
412.17511
475.5047
249.398087
139.20874
92.4034348
69.8693008
100.564949
100.557907
100.550301
100.542236
100.534393
100.525963
100.517845
100.509644
100.501389
100.493233
100.485451
100.477196
100.469109
100.461845
100.454544
100.447159
100.439705
100.432892
104.386536
103.954948
101.319687
100.406235
100.399078
187.518311
233.909149
172.568008
114.757271
103.716919
121.918343
141.446136
126.047226
107.006012
101.486183
100.740601
100.489647
100.406189
100.379936
100.375526
100.371002
100.366478
100.462425
100.946808
101.199966
100.563087
154.96283
151.586624
115.62899
100.99144
103.46447
288.275848
315.169891
190.977966
112.681427
100.391838
100.390152
104.554932
104.617516
101.47979
100.377914
101.425247
102.066231
102.46743
116.033936
52.7697678
88.3890762
95.2769928
536.193481
511.050781
396.968811
334.679779
243.81488
156.871185
89.678299
56.1755905
453.679291
789.081848
495.233185
142.392014
109.838593
495.453613
164.769058
100.557762
100.551292
100.544884
100.538345
104.555611
160.163116
358.814392
376.054382
435.192413
429.557617
454.010437
497.613831
864.27832
694.154053
585.441101
573.19928
642.272278
555.71637
314.847992
281.847473
319.201538
360.047302
134.110657
100.772942
100.771019
100.768906
100.766434
100.763229
100.760246
100.756409
100.752647
100.748932
100.745369
100.741699
112.988358
126.152924
116.298264
103.576866
100.727448
100.724701
100.721573
102.253189
104.727463
101.931465
101.105888
102.052231
101.690674
101.01461
100.736008
100.692909
100.689575
110.468765
105.812347
102.269814
101.001198
100.69104
359.674561
346.119324
174.447159
108.187096
104.112465
101.796638
100.718735
100.717606
100.715965
103.736115
102.280869
101.271606
100.709122
100.7061
100.704315
100.70211
108.919617
54.2745934
51.7856636
50.6732101
50.6628494
50.6522484
50.6410446
50.6300888
50.6191025
50.6079216
51.3027344
107.497375
96.9758987
64.4467773
50.5642242
50.5551605
50.5460358
50.5361252
50.5261803
50.5160637
50.506546
50.496624
50.4867744
50.4770775
50.4673958
50.4578247
50.4483109
50.4389076
50.4294281
50.4202881
81.5659714
123.173981
108.063675
100.60202
100.371414
100.361191
100.351318
128.431259
120.18927
106.48542
100.320419
50.313118
50.306427
50.3002586
50.2945251
50.2886238
50.2835388
50.2788887
50.2742844
50.2703896
50.2665977
50.2632599
50.2599983
50.2566223
50.2535439
50.2506523
50.8881798
50.4129295
50.3383598
50.241272
50.2390137
50.2369537
50.2309494
50.2292404
50.2275505
50.2261772
50.2251396
50.2240295
50.2215958
50.2200737
50.2187729
50.2175179
50.2158661
50.2145424
50.2131767
50.2115288
50.2096596
50.2081909
50.2067146
50.2053947
50.2040062
50.2024574
50.2008629
50.1995697
50.2674561
70.6786346
65.3460388
55.1347313
50.1963272
50.1952286
50.1910172
50.1903687
50.1897621
50.1890488
50.1884956
50.1880455
50.1875954
50.1871605
50.1867104
50.1861954
50.1857414
50.185379
50.1848068
50.1843834
50.1839409
50.1837387
50.1834068
50.1830788
50.1828995
50.1828079
50.1821632
50.1819534
50.4765015
50.1916008
50.1836624
50.1833305
50.180397
52.7556992
52.6686554
51.1064606
50.3928185
50.1791763
80.1777649
80.1763535
80.1750946
80.8228149
80.1929855
80.1704559
80.1684341
80.1712494
80.1700439
80.1661835
80.1649017
90.6923523
86.7614441
181.243683
157.221146
105.12841
80.1727676
80.1721344
80.1709976
84.8820572
89.342514
85.6212082
81.6782074
80.1696243
105.831078
104.471291
10.5940332
86.9821396
10.9154396
75.5752258
60.2314606
60.1929779
60.4255562
58.1046295
55.2368774
65.3552246
79.9500885
236.852203
223.264633
274.095032
1209.3949
1569.84082
876.676941
242.182404
105.049744
106.03862
103.501854
102.774895
101.005058
100.316086
100.308533
100.300163
100.291832
100.283302
100.274895
100.29718
100.428551
108.68502
109.969398
103.752922
100.440071
60.2278214
60.2208405
60.8710823
61.9581451
62.9949722
84.6836777
94.6761093
82.5337982
67.3811646
61.4597549
72.4281464
68.1651764
62.6571045
163.001541
199.198151
253.713928
302.341309
291.62381
400.092346
333.663605
180.411224
90.7438278
69.4145203
168.196243
524.705994
452.848907
171.196213
65.9367828
63.2543449
61.529747
70.5109634
80.4508743
97.0405884
89.740242
75.1364975
70.3719635
72.6723022
72.9859543
71.3230286
71.1658554
71.0781555
70.5547638
70.3897095
70.3506851
70.3277893
70.3174133
89.8556976
102.549622
96.5283585
81.4527893
72.3255692
70.3832703
84.7087708
91.0104599
81.5590439
72.721199
79.4515381
307.521393
404.176025
250.971802
109.948677
103.25164
100.593651
100.357185
101.929626
102.62709
100.941551
100.34185
100.337486
100.333
100.32885
106.013397
106.207367
101.839676
100.313332
100.310226
102.686462
103.229721
109.186264
149.033371
206.186462
146.634796
205.30632
232.221069
181.155548
133.018372
147.10025
213.513031
213.875641
149.802216
184.864075
179.790756
64.0371475
40.861412
41.2270775
41.069088
40.7021523
40.4281654
40.4211998
40.4139519
40.4066086
40.3997993
76.4758682
250.963104
858.471924
758.808777
321.956848
284.054474
212.062088
86.701828
40.5332603
40.5306778
40.5263329
40.5212898
40.5162773
328.882599
330.604126
138.637482
52.9205055
46.1273155
60.8056564
62.4670372
111.614136
103.485291
102.84697
102.060913
138.702606
137.039474
145.282684
134.598145
109.390785
100.537315
141.670898
235.245758
257.546631
173.276215
113.114006
100.58255
100.581284
100.57885
106.747696
125.11203
118.989799
104.653992
157.554581
243.050781
199.06427
209.144104
222.006378
162.986816
178.306183
148.920959
114.727272
101.263809
100.897034
100.647255
100.645607
110.731735
105.110695
101.974564
147.905853
176.712204
301.555542
230.353485
136.779938
101.308487
100.773521
100.681473
100.680458
100.679352
100.677681
100.676163
100.674232
100.959862
100.670914
100.668915
129.197784
154.052338
129.881454
107.461716
105.217949
102.688393
101.348122
50.6646843
50.6559372
50.6459846
50.6358681
50.6253166
50.6148186
50.6047249
114.990471
395.71582
355.847198
148.498322
58.0668869
79.093483
1086.01758
1289.047
556.341309
114.682404
50.6753769
50.9919853
50.6591644
50.650177
50.6400871
50.6300583
50.6199875
50.6098022
50.5994225
50.5890656
50.5791817
50.5688171
50.5588531
104.939186
244.679901
641.386292
632.517944
301.621246
126.626274
100.569016
100.556709
101.150597
100.564484
100.536812
100.504494
100.491272
100.478485
100.465965
100.453964
100.442413
100.431305
100.42054
100.410393
100.400566
100.391365
100.382675
100.374367
100.366592
100.359489
100.352798
100.346344
100.340347
100.334511
100.328911
100.323746
100.320549
100.317856
100.315178
100.313339
106.851227
103.169113
101.272202
102.540611
101.163963
104.133835
107.783493
62.1483612
63.2274475
65.9304962
57.2320366
52.2051659
52.1241379
100.285408
52.8962593
51.5604744
50.8297424
50.2766533
50.2747002
50.4328651
50.2708206
55.7722092
53.0062027
57.105484
110.118561
108.092545
110.427452
127.022369
116.830795
105.26181
119.082794
127.113419
142.519089
123.16507
106.900406
100.271179
102.299202
102.736122
101.201721
100.471489
100.263329
100.97596
100.336082
100.281975
100.255219
107.305443
104.43631
101.770645
101.124313
151.75206
188.710342
356.595184
485.138184
433.755524
237.645248
127.536949
100.628899
100.357025
100.350983
100.344185
100.337547
100.3312
100.719528
100.318092
100.3116
100.305283
80.2987747
80.2913284
80.2837524
80.2765503
80.2700195
80.2630844
80.2559509
80.2490692
80.2425613
80.2366562
80.2315903
168.13353
294.48056
278.769531
179.339661
543.256714
578.657104
353.628418
210.655991
145.073898
106.009232
100.644157
100.882294
100.509972
100.35836
100.351402
101.51844
102.33532
100.962883
100.346809
100.31588
100.308762
100.302032
100.295639
100.289513
100.283272
100.276543
100.269783
100.263466
100.257004
100.251022
102.978775
156.829391
174.142242
169.776001
142.985077
111.440636
161.03244
481.571075
625.739075
343.216919
123.856133
64.8862762
60.8378754
60.3418236
60.6194801
60.779129
60.4756317
66.3220901
109.442894
138.454819
118.21196
79.9004135
63.4483719
60.3007507
60.2933731
60.2852783
60.277771
60.2704048
60.9809761
60.5462723
60.3396225
60.2459984
60.3061371
60.2462502
60.2337418
60.2299728
60.226532
60.2834625
60.6211357
81.5730362
101.4543
92.8207016
76.0006866
70.244072
136.030777
132.397125
88.4709702
70.2305832
76.3213272
76.0789032
72.7371674
85.0004349
84.1614838
74.2835159
385.525146
402.990265
878.388123
960.403198
864.251709
556.852722
239.90033
263.371765
234.38887
142.467117
103.942368
102.476051
100.881432
104.573441
104.155205
116.854858
416.651184
741.11615
654.7677
596.031616
390.01123
176.410645
100.584206
100.580902
134.183807
129.90918
109.317917
106.068283
117.805321
112.773544
111.616081
107.929482
102.476883
100.548569
100.543198
100.538246
100.533356
100.528145
119.399521
183.885986
163.782684
117.446266
116.982559
231.761902
637.189758
601.654419
272.555878
114.588043
100.602196
135.049728
168.112732
143.544083
154.128738
177.583725
193.376678
160.953247
120.71666
103.01104
110.644073
114.181374
107.242264
101.815895
100.597878
100.591057
100.584229
100.577309
100.570389
100.563515
100.556641
40.5493774
40.5424461
40.5359154
100.529152
40.5227928
40.516037
44.1832581
44.1611023
102.286903
100.759361
100.535294
100.48262
100.500786
100.478973
100.465775
100.460251
100.454391
101.528992
102.942352
102.027611
100.579811
100.42955
100.690582
100.504349
100.415451
100.411163
101.81929
103.124435
101.860435
134.622025
134.923172
115.255577
199.490234
301.371613
541.805664
519.525085
265.973328
121.051216
100.522255
100.521965
100.520203
100.518051
100.515503
100.512955
100.510361
100.507339
100.504318
100.501442
158.520432
351.320923
478.855347
368.832886
188.128754
112.056084
100.622864
100.682472
100.622452
100.621048
100.619202
125.52887
199.019058
327.664642
325.002686
202.883987
120.690842
102.08606
100.692963
100.691437
100.691071
53.9054756
52.2583237
117.867447
637.731079
546.053284
201.01889
51.9182014
52.7238426
50.6939201
50.6736755
50.6540909
50.6439705
50.63377
50.6233521
50.6128273
51.1346664
50.5925484
50.5821762
50.5717659
50.5615425
50.5511742
50.5415611
50.5316734
50.5218086
50.5121536
67.447876
84.1668701
67.7714691
55.5306816
50.4671555
100.457817
165.158142
188.042633
137.422577
107.364487
100.421585
122.452209
110.739876
103.603546
100.386475
100.377747
100.369293
100.361237
100.353828
100.346825
100.34034
100.333817
100.327858
100.322342
108.383629
103.712921
101.417885
100.303528
100.299446
100.295586
100.291939
100.288223
100.284805
100.281654
100.278938
100.275856
100.315979
50.2681007
50.2665863
50.2647934
50.263092
50.2610664
50.2592278
53.078968
51.4167519
50.7068863
50.2521896
50.2502861
50.2484512
50.2466698
50.2447433
50.2431641
50.2412262
50.23946
50.2378807
50.2360382
50.2349243
50.2329979
50.2310486
50.2293549
50.2277298
50.2262115
50.2247467
50.2233238
50.2219353
100.219109
104.648026
103.806389
101.587166
100.459976
100.217293
100.215919
100.212357
205.841141
183.984482
127.209076
100.224556
100.224838
100.224182
100.223221
100.221733
50.2205391
50.2196045
50.2191086
101.795601
93.5638123
64.2922516
50.2267189
50.2264252
50.2252083
62.6313171
58.7846909
53.2646141
51.9130096
51.0843964
50.6062241
80.2180634
80.2171555
80.2158356
81.4124603
80.5297928
80.3301239
80.2553329
91.1089706
134.774414
306.424805
733.309082
869.077271
572.400879
252.682541
118.466248
86.1981049
81.8482513
80.3614807
80.3535538
80.3447418
98.5890961
94.7922745
85.33284
80.3112411
80.3021851
81.2178726
80.3199615
80.2767868
80.2689209
80.2615662
100.254379
100.248024
100.242622
145.166138
146.036789
114.207344
100.25975
100.228928
100.225845
100.22274
100.219131
100.216003
100.213043
103.912735
162.909241
196.589417
154.533173
205.287613
355.185944
363.560333
305.953522
277.367523
219.001526
144.563019
107.113823
100.364929
146.980255
1116.83911
1603.49866
1068.44971
431.975128
125.375854
65.2192383
60.799839
60.4781342
60.469677
60.4598198
60.4497719
60.4392548
60.4296188
60.420475
101.16584
94.6405334
70.7451553
60.3881454
60.4291306
60.377533
74.3384628
69.4454651
63.1256676
60.3355293
60.3264656
60.3168297
95.8621521
88.4300613
68.8198013
62.9269104
327.978088
312.752045
139.894531
62.5211639
173.915268
384.016479
400.10022
386.174194
254.946564
139.849091
100.420578
100.416214
100.410912
100.404968
100.398819
100.392181
100.385536
100.379059
100.372375
101.320488
101.389832
100.680222
121.872482
119.721008
105.91568
100.334679
100.329926
100.325035
100.320297
100.315636
100.310944
100.306992
100.303085
100.299294
100.295387
101.404686
101.904114
100.703087
100.283035
100.280121
111.723129
111.165123
103.779839
104.032104
103.716438
101.098198
112.759949
206.736877
265.347534
192.997681
119.649292
100.308189
100.307777
102.488121
138.32663
143.474686
119.338631
110.546371
107.151146
102.081863
100.31134
147.965286
143.49649
274.484741
238.472397
143.486237
41.1946526
40.3540268
40.3485222
40.3426247
40.3356514
40.3288994
40.3221245
40.316021
40.309948
76.4542389
76.0882111
52.2472229
41.2390404
50.4728279
262.499115
300.730408
147.73793
53.7118187
40.7239647
40.3384819
40.3939857
40.635788
40.4912148
40.8409119
40.8970795
40.5749054
40.305336
40.3001099
40.2949753
40.2902908
100.285522
58.6706696
40.2761726
41.1376991
42.4742546
41.8415909
40.4080086
40.256073
54.3145943
78.2928772
75.8118362
54.6192589
41.8860016
40.248848
40.2469101
40.2447815
40.2423134
40.2402039
40.2380867
40.2358704
40.2337952
44.5498428
47.1993828
43.8551407
40.5387802
40.2252388
40.4317017
42.6752701
42.8498611
40.4834404
40.2181625
10.1326389
90.2997742
128.769745
204.938324
179.022903
121.385811
100.241753
100.242668
100.242043
100.240532
102.646927
101.520607
100.72496
100.234146
100.232414
100.230667
100.949165
100.483078
100.360329
100.226418
100.224792
100.223564
100.219414
100.218887
111.071884
106.142738
102.030052
100.213005
100.21331
100.211929
50.2138939
50.21241
50.2104874
50.8777046
57.5187912
60.3100357
79.4834595
93.169075
160.887421
124.705368
71.4419861
50.2334518
50.2325745
50.2311821
50.229023
50.2268219
50.2243652
50.222374
50.2202682
50.2179756
50.2164192
50.2145271
50.2126312
50.2108765
50.2098274
50.2084999
50.206955
50.2058067
50.2044487
54.7059288
51.8474808
50.7355652
64.5642395
162.964172
234.051666
156.746063
74.6574707
50.2444611
50.2432327
50.2410431
50.2384567
50.2359352
50.2330627
50.2304535
50.2281151
50.2259598
50.2236977
50.2217941
50.2197723
50.2179794
50.2162247
50.2147293
50.2131805
50.2118912
50.2104034
50.209198
50.2082443
50.896698
50.3982697
50.313839
50.2040253
50.2023888
50.1998978
50.1992455
50.1943703
50.1963387
50.1956177
50.1920166
50.1911774
50.190403
50.1896439
50.1891785
50.1881065
50.1872711
50.1865425
50.1861992
50.1853828
50.1846886
50.1842041
50.183548
50.1828766
50.1822968
50.1816978
50.1810303
50.1805573
50.1800728
50.1793556
50.1786804
50.178215
50.1775932
50.1755753
50.175312
50.1752586
50.1749496
50.1747437
50.1745949
50.1743164
50.1739502
50.1735458
50.1731377
50.172924
50.1727066
50.1724815
50.1722488
50.1720085
50.1717567
50.1714973
50.1712265
50.1707802
50.1707497
50.1701431
50.1699905
64.3437195
61.2710152
53.9502411
50.4424973
50.1754379
50.1715965
50.2049217
50.1741295
50.170681
98.0838165
92.5473633
84.4277954
80.1688766
80.1674347
80.1664734
80.271759
80.1693268
80.1632919
80.1620331
80.161026
80.1600571
10.0812197
70.2359238
80.1570587
80.156044
80.1551743
80.1544647
80.1535263
80.4887085
80.1624985
10.0758915
70.2288132
80.7061005
92.4590988
91.1986084
84.497261
10.0745869
212.444748
193.56691
86.9150543
100.171997
100.171989
102.935226
53.6278458
51.1663513
50.1665688
50.1651878
50.2052612
50.1748276
50.161129
50.1594849
54.7449493
204.875458
348.848389
300.098907
152.22937
67.4722519
100.25013
100.24585
110.099632
164.211197
191.822128
114.763298
109.819733
100.271179
107.749626
108.827888
52.7516747
58.2551041
50.2351303
60.2275085
77.1087112
106.132462
287.738129
404.709015
280.568634
196.217377
362.438965
500.128479
331.486755
126.909286
63.028595
60.3939667
71.5783844
100.029099
98.7818756
107.803177
87.8768616
68.0217896
193.417053
241.540192
148.782074
75.9505997
60.4585152
103.900505
165.773163
246.815674
414.778809
393.084839
199.661697
92.7438202
90.2559662
90.2209702
80.7332153
95.308197
92.1133423
76.5401459
70.5708389
70.4855728
73.4900284
77.8754196
82.8909149
168.143616
177.670319
310.9505
296.490295
197.026855
230.880127
332.68573
229.744339
109.456871
70.5777359
70.5733948
70.5672607
131.748596
145.719315
264.791321
331.456848
284.225342
163.075073
90.425705
228.575043
260.627991
178.384583
115.876801
101.901497
101.93161
101.213104
101.036896
100.739166
100.643929
124.428101
211.497284
219.336243
422.544617
351.714813
173.271805
103.140312
104.056152
161.865723
187.707733
149.898422
122.037277
109.345078
136.510162
133.972916
113.649101
103.948074
103.211502
101.899445
117.818504
115.02829
107.914368
122.66526
92.9364395
58.175808
43.9406929
40.7503014
136.002899
149.405304
106.33519
64.4141846
47.1714249
43.3410149
44.6580429
42.9747124
41.3142815
41.3211594
41.5485992
57.4886856
56.8339005
46.2968597
43.5231857
85.7456665
84.3612137
53.9704552
40.640728
44.3716545
98.0682068
103.037552
64.187706
48.8879356
47.0372467
48.0468864
45.4033203
82.8548584
128.791855
112.381233
89.5335312
105.086365
301.258911
352.238007
230.564087
162.632477
92.7633972
51.1142311
56.1241684
70.7995453
59.7016678
55.2520676
51.987957
51.5810852
51.2968445
51.1813965
51.1620216
51.7006683
71.8523941
70.9880447
64.0927048
102.827026
96.8688889
101.98967
