0.0
0.0
0.0
0.0
0.0
0.0
0.0
0.0
0.0
0.0
0.0
0.0
0.0
0.0
0.0
0.0
0.0
0.0
0.0
0.0
0.0
0.0
0.0
0.0
0.0
0.0
0.0
0.0
0.0
0.0
0.0
0.0
0.0
0.0
0.0
0.0
0.0
0.0
0.0
0.0
0.0
0.0
0.0
0.0
0.0
0.0
0.0
0.0
0.0
0.0
0.0
0.0
0.0
0.0
0.0
0.0
0.0
0.0
0.0
0.0
0.0
0.0
0.0
0.0
0.0
0.0
0.0
0.0
0.0
0.0
0.0
0.0
0.0
0.0
0.0
0.0
0.0
0.0
0.0
0.0
0.0
0.0
0.0
0.0
0.0
0.0
0.0
0.0
0.0
0.0
0.0
0.0
0.0
0.311337829
47.068779
75.9275131
93.0878448
60.9252853
20.9285374
10.0
3.54520416
2.81103373e-26
3.02680468e-43
0.0
0.0
0.0
0.0
0.0
0.0
4.50799227
14.0187912
9.52440739
2.8980062
5.33317279e-10
2.6117006e-26
2.80259693e-43
0.0
0.0
0.0
2.10767221
1.49711168
0.658190846
0.320177794
0.0923593044
1.33204428e-11
15.868557
12.6627045
8.63800526
8.76532622e-30
3.93366322e-26
0.00970876776
0.00308428542
1.13024011e-15
1.52739019e-32
0.0
0.0
0.0
0.325258493
0.719734788
0.203675672
0.128267542
0.465240568
0.135125548
0.338200569
0.730647326
1.09675217
1.27496159
3.14347267
3.26605153
13.0676804
12.088316
4.91560411
0.0
0.0
40.4794617
46.4998169
26.8581715
28.3768044
13.0705233
9.92990875
20.366909
50.4609413
37.3667908
26.4456787
12.905571
10.0720959
0.10312064
0.0
0.0
0.0
41.3374634
140.603745
150.259186
61.5363579
32958.3164
145.24794
142.10199
114.798531
101.216599
99.915802
99.9157639
99.9161377
100.04351
100.187523
100.828125
105.217285
109.499687
118.335724
156.905243
141.355942
111.263542
99.9141922
99.9140854
99.9139786
99.9138641
99.9137421
99.9141235
99.9309158
99.9944687
107.503708
106.283699
101.684402
100.32415
174.584412
215.395142
202.231674
172.288116
152.506546
136.224213
89.2547379
76.0697861
71.2090149
70.2979431
69.9879456
100.662079
101.072655
100.210579
99.9117661
99.9115372
99.9116821
113.231384
158.752045
193.842209
167.151764
257.132996
250.903625
204.021088
182.174835
153.591476
118.427612
111.223999
109.27047
103.418602
100.373703
100.110641
100.035751
122.438995
71.9728012
56.10672
51.3334923
52.0163956
50.4559708
49.9284363
49.9092979
50.0052986
40.0053139
42.7313728
42.242382
50.5260468
51.762043
47.2492943
62.2015762
132.704773
260.923584
252.848175
131.446457
55.0236893
156.573669
191.993164
122.219994
62.5751152
57.655117
53.9403343
44.4231071
40.0092773
40.0098877
40.0099983
40.0099983
43.027874
173.807037
199.58432
106.460114
55.44627
46.9067421
42.208931
40.0112457
40.0112457
40.0113449
40.0115204
40.0116577
40.6082039
80.8549423
78.767601
50.7934456
63.1776695
68.8805771
61.5358353
50.0697212
41.7857285
136.863419
135.347534
68.651619
42.5116539
41.1193504
40.1023102
40.0128098
128.84111
214.46405
150.129272
125.046333
176.085007
157.539124
85.4146805
46.6848373
40.5239639
40.0486603
10789.4678
99.996376
99.9923553
99.9853439
102.409103
114.91423
228.232788
264.549469
176.868011
114.012825
99.9782639
99.9519806
99.9370499
99.9178696
99.9089127
212.792206
194.920761
131.300812
278.715118
298.708252
178.51442
109.859604
99.8162918
99.8227615
99.813942
114.327293
181.320877
158.645264
116.239288
99.7819748
49.8292389
49.7946472
53.2439156
83.5963745
180.367218
178.868439
96.791069
242.183746
189.645325
90.8431244
49.7119789
49.7462616
111.242157
147.067749
176.982422
126.387543
247.516953
373.72345
388.811768
346.272278
215.449738
267.489105
433.45871
253.534653
99.7061157
99.7456894
99.7862701
99.7559204
99.723175
99.7572784
102.269096
180.01651
201.017792
144.163971
187.770905
167.639725
122.868172
101.951347
126.910095
112.540344
107.745171
100.984398
100.369026
100.662895
99.9118271
99.9034271
99.9047623
99.9135208
99.922226
99.9299545
99.9371185
99.9438171
99.9501038
99.9567642
99.9638748
100.383751
99.9849167
99.9846954
99.9919205
99.9969406
100.001839
99.9670029
49.9953575
49.9822731
49.9903679
50.0161743
50.5015411
51.044281
50.1728935
50.0982628
50.0184288
53.7651367
51.5842133
53.758625
51.4070854
50.4156418
51.5708275
51.6423492
50.4032593
50.1495514
50.0178108
50.0175705
50.0173759
50.0172005
50.0171814
50.0170631
50.0169067
53.0954781
51.3494873
50.5310097
99.9451752
99.9069595
99.9072723
99.9075699
99.9074554
99.907402
99.9076614
99.9076385
99.9079132
101.410194
100.740532
100.926117
49.9547729
49.9255524
49.9091454
57.7893562
76.3936768
64.9100494
54.544899
49.9300652
102.066628
148.70137
105.493355
64.1063309
49.9091759
72.6022263
51.5583725
53.4574165
51.1002274
51.2979965
50.041378
80.0188446
80.3820877
80.0119095
80.0118713
80.0118713
80.0117569
80.0115967
80.0114365
80.0110245
80.0108185
80.0107803
80.0106583
80.0105057
80.0103455
80.0099335
80.0098419
80.0097275
87.8230362
142.105896
155.7798
117.841072
133.327881
355.079071
316.822693
275.589142
186.238785
112.965942
81.0422516
80.0090027
80.0091782
100.138077
100.498543
100.15696
100.009216
100.009216
100.274414
100.928856
100.349548
100.029633
100.008751
100.008751
100.008621
100.058884
101.511337
251.204514
432.771881
483.389771
553.884033
685.914429
499.825836
291.139099
175.616791
122.709946
116.093086
209.894562
261.642853
198.926559
127.689926
102.78508
101.487526
100.38372
59.9407501
59.9565849
122.100555
109.826981
75.0217514
59.9571228
158.157669
295.987213
215.538025
99.6775284
60.0343437
59.9420929
59.9577675
59.9578171
59.9578018
59.9578323
98.4731293
257.216583
457.782776
370.914124
195.666946
102.661827
101.319595
344.878632
399.119324
225.463684
147.612946
98.3046951
71.4631577
59.9473457
99.947258
99.947197
99.9471283
99.9470596
99.9468613
99.9467468
99.9466553
99.9465637
99.9464645
69.9462128
69.9460754
69.9461441
69.961319
69.9454575
69.9451752
69.9450226
69.9605713
75.7754745
74.433197
71.1010284
69.9431686
69.9431
174.055908
195.56311
129.429443
80.7789154
73.3907394
92.265274
109.117264
91.9811783
75.65979
100.920082
100.275024
100.034294
99.9752502
99.9380493
99.9377823
99.9374008
99.9370956
100.063255
100.576248
100.774689
100.138229
158.562073
143.083542
112.769005
100.462669
102.985443
188.737411
192.612701
110.485168
58.7476997
49.9306564
49.9304886
54.5124588
54.1197433
51.0033112
49.9289398
51.0631561
51.6402702
52.1735039
68.3909607
51.8238678
90.9782028
88.3321304
352.060181
284.012512
295.795258
288.930237
225.371841
158.305405
90.1341553
57.9608917
375.56369
630.086426
383.502808
118.254097
40.0293312
40.0295181
40.0296364
40.0296745
40.0296745
40.0296745
40.0296745
47.8548813
129.63324
323.849792
313.15506
380.899597
391.216003
256.656342
200.601715
726.036377
789.858765
650.50293
622.56842
696.863525
641.429077
417.082825
368.042664
418.01004
386.378754
167.404877
100.029678
100.029678
100.029678
100.029678
100.029678
100.029678
100.029678
100.029678
100.029678
100.029678
100.029678
123.894035
147.567154
128.321426
105.18647
100.029678
100.029678
100.029678
102.958946
107.568069
102.309044
100.766891
102.514313
101.835342
100.598557
100.072197
99.9901276
99.9803696
117.538406
109.187309
102.766975
100.502571
99.9846878
361.597504
357.682343
177.983612
112.008957
105.568756
101.728477
99.88974
99.8842773
99.8734741
105.263893
102.725487
100.88958
99.8123016
99.7734451
99.7572632
99.7470016
114.518883
56.3551979
51.8433189
49.8302536
49.8238945
49.7856789
49.7479095
49.7397385
49.7336082
49.7280922
51.031189
128.844604
114.549591
69.17939
49.7559509
49.7423782
49.7384605
49.700634
49.6982574
49.6974335
49.6970596
49.6970749
49.6973534
49.6981659
49.6992455
49.7010231
49.7033157
49.7059326
49.70895
49.712677
88.5746002
76.5054016
58.7819023
50.0179062
49.7896996
49.7953377
49.8277779
80.1882477
69.4826584
55.9635887
49.8486061
49.8335953
49.8385735
49.8442879
49.8502655
49.8563766
49.8633308
49.8709335
49.8793983
49.8888054
49.9058495
49.9082832
49.9122086
49.918045
49.9235992
49.9304161
50.9990845
50.1024895
50.0345688
49.9581909
49.9657631
49.9737091
49.9663048
49.975853
49.9855995
49.996933
49.982151
50.0102501
50.012619
50.0126495
50.0125313
50.0124931
50.0124931
50.0122147
50.0121803
50.0120621
50.0120201
50.0120201
50.0119019
50.0117683
50.0117111
50.0115929
50.0114212
50.0112839
50.1110001
74.5115509
67.2022858
55.4002228
50.0109711
50.0108147
49.8934021
49.8931503
49.8933449
49.8933868
49.8934555
49.8936272
49.8937263
49.8939438
49.8939476
49.8939896
49.8939934
49.892662
49.8900185
49.8896904
49.8894653
49.8895607
49.8896027
49.8896904
49.8898506
49.8898239
49.8900414
49.8914948
50.2572174
49.8986168
49.9174004
49.89188
49.8927116
53.048111
52.8889351
51.0348434
50.1482582
50.0073776
80.0073395
80.0072403
80.0071869
80.716011
80.0224533
80.0068741
80.0068741
10.0039091
70.0097275
80.0064468
80.0064087
93.065834
11.8150444
152.102081
142.073227
99.3142014
80.0060883
80.0060883
80.0060883
83.2706909
85.8988037
10.4590569
73.6379471
10.0034399
85.5830841
93.5580521
85.1834183
84.1169968
82.3623199
80.8460083
105.723221
55.58918
55.6364174
54.3262978
52.7242126
58.3123322
65.6392441
127.668274
118.570068
152.12207
540.285278
777.376587
471.865875
139.931213
105.653229
106.777435
103.750381
102.847733
100.804123
100.014046
100.014046
100.014038
100.013794
100.013756
100.013527
100.048553
100.209496
109.715584
60.9994812
53.9495811
50.1657562
59.9448891
59.9282265
60.6615372
61.837944
62.9188194
84.1406555
92.1160736
79.6121368
65.953064
60.9755058
70.0003357
66.4255066
61.9207039
128.149109
154.259949
186.123138
218.860321
221.528641
298.30603
251.346542
157.384659
89.7330933
69.2389069
161.812241
393.194519
310.929138
129.666489
66.4713745
63.305294
61.2804527
1779.67712
112.514137
130.876266
120.45929
104.955124
99.9341049
102.419441
102.7155
100.937241
100.814926
100.716629
100.153763
100.005882
99.9546356
99.9365005
99.9317627
123.073463
133.121933
125.037796
109.823883
101.707878
100.028534
114.955666
118.553772
109.518379
101.976387
109.057449
264.389496
314.679535
216.095551
128.263062
102.380508
100.128288
99.9267883
101.661377
102.242455
100.521828
99.9253616
99.9250641
99.92453
99.9239807
107.092789
105.884949
101.44017
99.9220123
99.9395752
102.695641
102.808861
110.544266
151.316895
192.225601
173.840271
189.755035
209.367416
159.867935
129.70668
148.958893
209.252716
198.470367
140.935425
191.554779
169.27124
60.1903191
40.4420776
40.863884
40.6913986
40.3011284
40.0148239
40.014843
40.0147057
40.0145493
40.0145302
83.6055603
216.131454
570.635498
447.158508
242.188065
270.639099
192.951523
80.0587463
40.0223236
40.0229683
40.0233383
40.0235672
40.0236855
285.927917
243.735428
113.858292
54.9674492
46.3875847
67.555603
66.1000443
112.683731
104.09848
102.812386
102.304375
150.736481
139.750031
154.665039
134.933044
108.831161
100.026558
152.716431
241.193573
248.469452
167.616074
111.612312
100.026863
100.026863
100.026863
109.971428
134.320496
122.505096
104.716751
171.356476
249.886475
196.604446
211.107147
223.351196
164.177567
178.03421
153.703186
115.694878
100.736916
100.304443
100.026917
100.018105
114.34996
105.888275
101.621765
161.889694
189.313843
283.448517
224.181534
133.625839
100.624153
100.026558
99.9213943
99.920639
99.9159393
99.8976593
99.886322
99.881073
100.363121
99.8962708
99.8765106
143.453339
171.889709
136.289841
107.708961
106.100319
102.477463
100.663864
49.7901802
49.7770042
49.7684822
49.7604713
49.7529449
49.7460098
49.7725601
133.565643
330.68457
284.534546
123.960083
56.9879265
83.7298279
826.876099
944.72876
453.329071
116.751205
49.7896843
100.26561
99.7912674
99.7486572
99.7022476
99.7000504
99.7015533
99.7035675
99.7061234
99.7091446
49.7126503
49.716629
49.721199
107.907204
271.239502
561.907043
535.813721
278.507385
129.213882
153.400742
236.160278
100.794891
99.9518661
99.9056931
99.8647232
99.8718262
99.8807831
99.8901749
99.8986969
99.9073715
99.9166412
99.9254608
99.9338531
99.941803
99.949234
99.9636383
99.9699936
99.9690628
99.9758301
99.9810944
99.9893112
99.9941788
99.9999771
100.009712
99.9702911
49.9800682
50.0091209
50.0148392
50.0036697
60.9603462
53.918972
51.3464241
53.8522377
51.0998154
55.9773598
60.5556183
65.3175125
65.737114
67.8915253
56.9591293
51.868
50.020649
50.0206184
53.7112198
51.1245842
50.4922447
50.020359
50.0203094
50.3062897
50.020031
56.8748322
52.3758316
57.5191345
110.116096
107.606483
109.98703
124.317818
114.749428
104.394066
117.106514
122.591301
133.709152
116.857872
104.976837
99.9128418
102.532623
102.564316
100.626419
100.074738
99.9124298
100.978241
99.9958496
99.9346695
99.934288
107.370995
102.907059
101.055328
101.178131
142.716782
163.825363
194.448578
265.780121
299.129669
186.14534
99.2107544
80.2726517
80.0159531
80.0158157
80.0156555
80.0155029
80.0151901
80.8044128
80.015152
80.0150146
80.0149994
80.0148773
80.0146027
80.0143127
80.0140762
80.013916
80.0136642
80.013588
80.0134659
80.0130768
80.0128326
80.0125656
159.882874
229.133408
207.223999
146.577713
351.331512
357.298523
280.327332
179.090134
139.369461
105.275871
100.310486
100.562531
100.175392
100.014839
100.014839
101.4319
102.15239
100.724937
100.043861
100.014679
100.014565
100.014404
100.014366
100.014366
100.01413
100.013924
100.013771
100.013626
100.013481
100.013443
103.365715
157.088272
163.976532
155.21817
130.162811
108.030434
146.644073
312.102051
402.948761
240.490677
107.360428
64.2998352
60.4601173
59.9462776
60.2620583
60.4511795
60.1240273
66.8391266
110.938095
133.032196
111.406555
76.4904785
62.6355629
59.930275
59.9302979
59.9302101
59.9301682
59.9303474
60.6921768
60.2384567
60.025177
59.9453545
60.0107841
59.9550171
59.9449883
59.9280014
59.9277573
60.0028915
60.3603439
8127.48291
130.44841
119.267151
104.89315
99.9477158
153.807739
141.775543
112.511803
99.9256287
105.036629
103.983536
101.761642
112.655777
109.427696
102.748093
273.853027
245.042206
548.429688
593.195374
652.176025
420.105469
204.576691
256.774872
406.76944
333.842041
195.909241
184.74292
100.445686
104.854774
104.201248
120.100922
346.759949
565.121338
511.033173
710.242798
734.930603
812.921509
558.267517
363.42215
166.497986
137.969528
111.173615
107.403267
122.806969
115.712746
114.46006
109.45813
102.397758
99.9385223
99.9384003
99.9556198
99.9375458
99.9372406
125.732788
194.63623
167.594971
117.556908
119.041092
224.772781
526.286377
470.191559
237.821136
116.136696
100.029678
151.666809
191.386414
153.4991
170.715897
197.684296
212.525665
173.973068
124.775574
130.320938
119.92569
120.25573
109.541878
101.725212
100.029678
100.029678
100.029678
100.029678
100.029678
100.029678
100.029678
100.029678
100.029678
40.0296745
40.0296745
40.0296745
40.0296745
46.0921974
45.5079498
102.65686
100.446487
100.104904
100.029358
100.066856
100.041275
100.029358
100.029358
100.029358
101.689247
103.614075
102.167969
100.218094
100.029083
100.405304
100.148468
100.0289
100.02877
101.959389
103.520355
101.818985
141.958023
139.837433
116.948441
188.953125
264.974976
409.720215
398.416656
229.102707
119.542992
100.029358
100.021233
100.014587
100.016006
100.025162
99.9887619
99.9996338
99.9886856
99.977951
99.985611
175.281738
344.317749
460.386108
368.086243
193.542206
113.927467
99.9307098
100.034943
99.9163284
99.8854065
99.8819504
142.610626
240.571167
363.709045
354.560913
225.917038
127.412292
102.057243
99.7863388
99.7474136
99.7640305
54.7881927
52.431385
145.786438
589.791626
489.42688
181.579483
52.0834579
52.8842964
49.822319
49.7877045
49.750946
49.7139015
49.7100639
49.7068367
49.7042618
50.6814117
49.7547379
49.7089005
49.6980515
49.6976776
49.6978264
49.6984634
49.6996231
49.7393913
49.7791328
78.9768372
101.347107
75.7879257
57.3705978
49.7804146
99.7939835
175.098373
193.234039
139.601807
106.769226
99.8349838
123.057236
110.94828
103.345535
99.8403473
99.8486938
99.8575897
99.8666153
99.8923492
99.8909988
99.8922348
49.8997231
49.9075279
49.9152374
60.3943291
53.2568817
51.039772
49.942894
49.9488373
49.9572144
49.9668884
49.9680138
49.9670448
49.9758682
49.9929428
49.984951
50.0700645
49.9894829
49.9997978
50.0082474
50.0130157
50.0164604
50.0164032
54.3551712
51.1254997
50.4471703
50.0162659
50.0161285
50.0160904
50.0160904
50.0160904
50.0159492
50.0157928
50.0156555
50.015522
50.0153389
50.0153008
50.0152054
50.0151482
50.0151482
50.0148926
50.0148354
50.0148354
50.0148354
50.0145645
49.902977
55.9860535
54.3331261
51.3995056
50.182045
49.9241905
49.8997459
49.8999405
137.480469
119.64328
71.714859
49.9024353
49.9026451
49.9029388
49.9031334
49.90308
49.9038162
49.9262619
49.9045219
88.2109985
76.7200851
58.6047363
49.9052162
49.9051704
49.9060059
60.1620674
55.0023689
51.6874924
51.8323746
50.3935814
50.1258736
80.0102081
80.0100327
80.0099945
81.4864349
80.2259674
80.0913773
80.0790024
89.0145111
116.432167
192.719788
362.722473
440.282776
354.889191
199.467468
113.831879
85.867012
81.7633286
80.0102692
80.0103073
80.0103073
102.461281
95.0745087
85.2527695
80.0103073
80.0103073
81.4264603
80.0452499
80.0103073
80.0101929
80.0097733
100.009689
100.009583
100.009529
143.607315
139.082016
112.12513
100.032463
100.009087
100.009071
100.009071
100.009071
100.008705
100.008591
103.304802
147.803711
164.769806
134.133881
167.366058
251.35495
259.477325
242.108215
234.685913
194.432968
136.890671
106.001419
100.009026
145.272415
675.025513
1011.46484
794.438965
390.956421
127.807655
65.7009888
60.335556
59.95681
59.9414635
59.9408226
59.9408379
59.9410667
59.9574318
59.9572983
112.055069
98.3305588
71.5799713
59.9408035
60.0066528
59.9482307
76.6066132
68.8952408
62.6828461
59.93927
59.9391975
59.9393196
99.8342209
86.2839813
67.9566803
62.1979904
247.53273
210.794189
108.12011
61.7346344
145.61496
288.842285
291.098663
306.418152
196.694397
102.342026
69.9389038
69.9393311
69.9549332
69.9392471
69.9389114
69.9385452
69.9383621
69.9382248
69.9380875
71.0613251
71.1352081
70.306366
97.2191238
91.0824585
76.0688553
69.9362411
69.9519424
69.9353409
69.9348679
69.9343872
69.9343414
69.950386
69.9334641
69.9330444
69.9328079
51.1055717
51.6377182
50.3685837
49.9311943
49.9308395
64.4957809
60.7449265
53.4099426
53.9907379
53.1139488
50.6946068
64.4168015
145.443008
168.942291
108.284332
61.536129
49.9255066
49.9252968
51.9496269
84.8801727
84.7901154
64.5409698
58.8236885
55.5749664
51.3683167
49.9214439
92.4312439
83.6191711
173.404556
138.349548
77.1040421
40.6845016
40.0150681
40.0148964
40.0148392
40.0148392
40.0147209
40.0145454
40.0145264
40.0142899
80.2843323
71.278183
50.0711555
40.8005104
51.1172562
196.933472
203.688934
107.863487
50.044651
40.3567352
40.0134506
40.0780678
40.3323135
40.1860657
40.5810204
40.6269531
40.2896767
40.0131416
40.0130196
40.0129662
40.0128288
40.0125542
40.0124969
40.0124969
40.9591408
42.335556
41.6256294
40.1623878
40.0120277
55.653244
76.6604843
70.4942932
51.4140816
41.2337379
40.0114021
40.0114021
40.0114021
40.0113029
40.0112457
40.0112457
40.0112457
40.0112457
44.3547783
46.1652222
43.0317841
40.2641296
40.0109329
40.202919
42.2386971
42.2297745
40.2247047
40.0021248
33453.3164
100.008408
125.862457
175.52359
151.357086
113.287445
99.9551239
99.9513626
99.9508743
99.9377213
102.458321
100.966866
100.28154
99.9004211
99.8920975
99.8826828
100.743172
100.092819
99.9756775
99.8658295
99.8614731
99.8485794
99.8091202
99.7966614
110.065598
104.623405
101.168404
99.7275162
99.7443848
99.7343597
49.7556
49.8038864
49.7978592
50.5515671
56.5150223
58.4128342
72.7441635
80.6305847
118.809448
93.024147
61.6739426
49.6717911
49.666832
49.6620598
49.6570587
49.6527672
49.6498718
49.6889381
49.6889458
49.6465645
49.6805267
49.6793251
49.6392708
49.6363792
49.6733856
49.7098503
49.6736946
49.6374931
49.638443
54.1021423
51.0062027
50.1143646
62.2751541
121.438705
153.035553
102.702614
61.401062
49.8081398
49.7832413
49.7830734
49.7870178
49.7653999
49.7667999
49.7726898
49.7985687
49.8060646
49.7956238
49.802906
49.8125496
49.8230438
49.8342094
49.8459587
49.8579979
49.8801346
49.9007568
49.9013062
49.9037247
50.8722076
50.0832901
50.0126801
49.9390945
49.9467278
49.9459457
49.9705811
49.9762459
49.9666748
49.9985657
50.0021477
50.0050583
50.0059433
50.0059433
50.0059433
50.0059433
50.0059433
50.0059433
50.005825
50.0057831
50.0057831
50.0057831
50.0057831
50.0056267
50.0056267
50.0056267
50.0056267
50.0056267
50.0056267
50.0056267
50.0056267
50.0056267
50.0056267
49.8922501
49.8925133
49.8927803
49.893013
49.8931656
49.8932266
49.8931656
49.8928642
49.8920326
49.8909225
49.8911171
49.8913689
49.8916245
49.8918762
49.8921356
49.8922348
49.8924942
49.8927231
49.8929214
49.893177
49.8936157
49.8947105
68.2805176
64.0183792
54.5924568
50.2027779
49.8982048
49.9205246
49.9514275
49.8980484
49.8982811
98.1284332
92.8870621
84.2904205
80.0054626
80.0053101
80.0053101
80.0952072
80.0053101
80.0053101
80.0051498
80.0051498
80.0051498
80.0051498
80.0051498
80.0049973
80.0049973
80.0049973
80.0049973
80.004837
80.3032913
80.0078354
10.0032835
70.0063934
80.5250397
93.4365158
92.9215317
85.1053696
10.0031271
153.099487
94.765831
74.1470184
50.0045319
50.0045319
51.7113991
52.1366692
50.6117172
50.0043755
50.0043755
50.0297127
50.0122681
50.0042191
50.0042191
52.8887634
120.453445
181.415375
164.827469
101.136322
59.6051979
50.0040627
50.0040627
57.3429031
119.339592
135.208878
89.4239807
56.0516319
50.0095024
55.8303986
56.7063713
10.0021887
91.9697495
100.003738
59.91716
72.692688
91.5149765
177.71489
246.758087
184.844147
154.81131
260.25
356.384277
248.210541
109.213455
62.570858
59.924263
72.423645
100.49897
98.0362778
105.034981
85.4540863
67.0403214
166.901154
204.789688
130.211914
72.5918198
59.9948006
103.183746
153.620895
213.230194
323.397705
311.042053
170.860748
90.0616837
92.6575623
90.9952087
81.1440887
97.1495132
91.9676208
76.146553
70.0354309
69.9536591
73.2823563
78.0380249
83.2929535
159.633514
159.560287
257.831665
229.172821
176.242493
210.475235
286.065979
202.925934
102.186218
69.9352798
69.9517441
69.9358597
131.413635
143.52449
228.846252
284.283112
254.592896
154.284149
88.7329865
223.113022
251.770844
172.944183
114.395706
101.412872
101.395432
100.622696
100.383087
100.038887
99.9378052
131.502258
213.846893
210.291855
372.108398
278.212921
149.933121
103.070869
104.032021
171.915573
192.345398
150.503281
123.025551
109.65313
141.993164
136.993027
114.055756
103.793686
102.911591
101.465408
122.234383
116.776443
116.315018
126.402451
93.4920883
57.5589523
43.3546219
40.1008263
149.790298
146.556793
105.459503
64.5311737
46.895607
43.4235077
45.1799469
42.8643761
40.8088722
40.9606743
41.2096138
64.1594696
59.5450516
46.6029816
44.0146179
96.0087433
85.7388
53.4268532
40.0276451
45.3728905
106.74482
103.16201
63.0051003
50.5080566
47.4673691
49.5735092
45.446434
89.5962677
128.244354
105.685814
85.0691147
99.2924957
250.754669
280.300354
201.565643
151.3349
154.676727
111.4636
100.098923
100.501396
103.225456
103.257919
100.338135
100.342896
100.128242
60.2271881
40.0282707
40.9634018
71.033989
67.3814621
57.9463043
96.8368301
82.5144196
92.6548767
