0.0
0.0
0.0
0.0
0.0
0.0
0.0
0.0
0.0
0.0
0.0
0.0
0.0
0.0
0.0
0.0
0.0
0.0
0.0
0.0
0.0
0.0
0.0
0.0
0.0
0.0
0.0
0.0
0.0
0.0
0.0
0.0
0.0
0.0
0.0
0.0
0.0
0.0
0.0
0.0
0.0
0.0
0.0
0.0
0.0
0.0
0.0
0.0
0.0
0.0
0.0
0.0
0.0
0.0
0.0
0.0
0.0
0.0
0.0
0.0
0.0
0.0
0.0
0.0
0.0
0.0
0.0
0.0
0.0
0.0
0.0
0.0
0.0
0.0
0.0
0.0
0.0
0.0
0.0
0.0
0.0
0.0
0.0
0.0
0.0
0.0
0.0
0.0
0.0
0.0
0.0
0.0
0.0
0.0816723108
142.09523
279.406342
326.030396
198.876053
61.1182899
9.99025345
31444.2207
99.9910202
99.9910126
99.9909973
99.9909897
99.9909821
99.9909744
99.9909592
99.9911652
108.681351
133.214355
123.15506
107.256149
99.9912796
99.991272
99.9912643
99.9912567
99.9917297
99.9922867
104.787552
103.483887
101.537247
100.695122
100.207512
99.9935226
150.26828
150.423477
115.582123
99.9917984
99.9933319
100.018059
99.9994202
99.9915466
99.9915314
99.9915237
99.9915161
99.9917297
100.746361
101.673325
100.465988
100.294037
101.084923
100.309326
100.742874
101.706886
102.374367
103.039917
106.991089
108.113426
138.090729
141.215347
112.354904
100.143204
60.1357346
232.191696
280.240112
157.695908
127.550217
102.486168
72.8358459
112.84166
221.971863
201.961624
131.763611
83.4493561
66.1779022
60.3907204
59.9952927
59.9961472
59.9962616
177.939255
544.779785
547.861389
244.581329
82.9560013
150.959351
149.978516
90.9158554
62.2678909
60.0050697
60.0050583
60.0050354
60.15979
70.3861618
71.3615875
78.3034973
86.7469788
105.781609
205.344574
187.540695
102.727669
70.0028381
70.0026703
70.0023804
70.0020676
70.0017624
70.0015564
70.0009232
70.0979919
82.4570618
82.0571136
73.387886
70.7047958
283.985962
415.06543
345.776917
237.827942
177.70607
139.58812
105.837631
81.0524597
72.040657
70.5723877
70.1181946
51.0545959
51.8233147
50.4834099
50.0045013
50.0044289
50.0043869
70.9416046
180.067245
225.527557
213.21347
426.957825
427.731354
263.234802
188.935104
188.514725
129.055969
114.818169
112.409615
104.711174
100.587547
100.252556
100.135406
132.780624
83.6523285
59.5914001
51.8793221
102.837166
50.7485466
50.007019
50.0074425
50.0087471
40.0084877
43.4882889
43.0935745
55.8677368
59.1310081
52.1600914
79.8928528
260.046631
590.89563
545.13147
237.700897
67.1181564
271.517212
330.233093
181.243591
72.1942596
62.5882187
58.0177116
45.7683945
40.0081787
40.0081215
40.0081215
40.007946
43.5017776
334.611023
377.669312
170.196579
61.1725578
48.559063
42.7511177
100.007698
100.007393
100.007118
100.006767
100.006401
100.692299
166.506042
165.174149
117.680992
135.361267
145.026917
132.616394
115.281158
102.68882
304.554504
306.910248
161.145386
103.057152
101.361229
100.116768
100.006905
273.69516
443.256714
318.732788
241.814331
322.786316
290.125427
169.747711
108.924805
100.554726
100.052361
100.009071
100.009071
100.008949
100.008911
102.24366
116.984772
342.475433
401.143127
236.461105
121.971436
100.044518
100.029144
100.009071
100.009071
100.009071
288.798737
277.577423
156.392471
408.510193
454.090576
235.423874
113.79937
100.009048
100.008911
100.00856
112.950859
204.608093
186.365829
125.407478
100.009857
50.0098572
50.0091896
52.6595116
86.3417435
253.015594
260.522919
129.641571
353.154938
323.711548
133.012039
50.0089493
50.0093727
119.272614
174.814789
222.52948
162.652206
340.653259
560.469727
580.412109
529.226257
894.365112
774.117676
518.332642
271.707306
100.00988
100.010002
100.009895
100.009735
100.009254
100.009338
101.27581
194.232986
230.963303
163.412338
212.752914
198.258286
133.215225
102.431953
127.117126
115.708427
107.528061
101.286819
100.577682
100.422768
100.016876
100.013199
100.008453
100.008423
100.008316
100.008278
100.008179
100.007866
100.007812
100.007683
100.007652
100.228264
100.007652
100.007225
100.006966
100.006721
100.006302
100.004257
100.004448
100.003845
100.004135
100.003098
100.284798
100.627197
100.180809
100.092117
100.002525
102.925621
101.622459
103.462143
101.647781
100.602928
51.2682037
51.5684853
50.6861877
50.238575
50.0007744
50.0007744
50.0032234
50.0029297
50.0019188
50.0019913
50.0001144
52.831234
51.8288612
50.9911079
100.073463
99.9981384
99.9981461
99.9981461
99.9981384
99.9981155
99.9981003
99.9979248
99.9979248
101.404434
100.931923
101.067505
100.091446
100.03186
99.9978485
59.2093468
97.3721619
82.1560593
60.845356
50.0020981
190.552551
342.583252
248.401459
100.002464
50.0057793
101.531395
101.820274
85.8810806
52.3822632
51.7916908
50.0647392
80.0169067
80.2806473
80.0068741
80.0025482
80.0016937
80.0011368
80.0005875
79.9999924
79.9992599
79.9990082
79.9989929
80.0002823
80.0035477
80.0019836
79.9987488
80.0025406
80.0024033
91.7647095
275.03717
335.173615
210.123154
221.084015
861.941101
830.249023
545.912964
313.896484
152.1716
81.4252625
80.0069809
80.0064697
100.162926
100.618629
100.185326
100.005913
100.005661
100.334785
101.19075
100.427231
100.028969
100.003113
100.00248
100.003639
100.062874
101.757935
494.312286
956.649292
983.476685
984.509094
1127.05688
779.002502
375.805878
200.767136
702.023438
350.363953
271.203125
349.300659
269.696045
263.46524
231.370499
170.203064
100.441193
100.007027
100.006851
189.446411
178.188171
123.597824
100.007339
265.292755
531.792358
415.690002
252.033951
281.263123
254.176254
109.202339
100.006378
100.006226
100.00618
147.023041
455.459961
840.177734
684.21875
829.139587
708.063354
703.664001
708.827515
666.952393
662.638672
690.448914
664.981018
360.054596
119.543182
100.006561
100.006493
100.006416
100.006233
100.006088
100.005936
100.005638
100.005302
100.005081
100.00489
100.004707
100.004539
100.003906
100.004417
100.004074
100.003937
100.003143
105.028191
104.55526
101.159752
100.002815
100.002609
269.296997
338.260773
221.276001
121.161514
104.164055
126.618553
153.893219
136.961288
109.521263
101.392334
100.448418
100.134224
100.03212
100.004463
100.004196
100.003876
100.003738
100.129272
100.751564
101.080078
100.272789
186.525543
189.225037
126.45137
100.812561
103.786606
363.55188
422.555847
235.494171
116.318344
100.005737
100.005501
104.800468
105.436256
101.414345
100.004852
101.375183
102.218727
102.737137
120.327576
58.3444252
112.481827
124.051392
643.926025
632.87561
503.252869
455.401245
322.842743
254.660126
168.51001
120.572525
609.39856
1036.84729
971.058105
999.456116
1074.65039
611.309387
175.784088
100.008591
100.008476
100.008217
100.007988
105.185295
198.092468
495.879669
497.337402
546.331299
787.946106
769.098328
689.614746
1050.51868
900.026855
722.233032
696.42572
703.738708
621.835083
402.400665
376.274689
382.082794
359.935974
143.062057
100.01046
100.010345
100.010307
100.010307
100.010193
100.010155
100.009865
100.009712
100.009445
100.009277
100.009071
116.249466
136.506119
123.377861
104.366264
100.008896
100.008896
100.008896
102.001488
105.329361
101.623802
100.533791
101.835754
101.36129
100.436737
100.061882
100.006882
100.006729
113.90847
107.287056
102.290794
100.445038
100.028915
488.665009
480.532043
215.195541
109.275253
104.279686
101.409164
100.008125
100.008125
100.007988
103.829117
102.004608
100.739601
100.007965
100.004852
100.004707
100.004562
111.241211
54.8601456
51.520298
50.007431
50.0066833
50.006073
50.0047569
50.0046043
50.0043564
50.0041161
50.942009
156.090912
133.763748
75.2394867
50.0060883
50.0055809
50.0056305
50.0049324
50.0048027
50.0045242
50.0044098
50.0041618
50.0039139
50.0037193
50.0035362
50.0033722
50.003212
50.0030632
50.0029259
50.0027885
102.270782
137.699051
112.871849
100.404823
100.004333
100.004044
100.004028
148.759933
135.412842
110.924385
100.005928
100.004761
100.004433
100.004112
50.0037994
50.0035133
50.0032387
50.0029831
50.0027428
50.0025101
50.0022087
50.0023613
50.0019341
50.0017471
50.0015678
50.0013962
50.8288116
50.2246704
50.1244926
50.0007858
50.0004768
50.0003395
49.9987869
49.9987755
49.9986343
49.9986191
49.999588
49.9996109
49.9984818
49.9983826
49.9983597
49.9986038
49.9981689
49.9980888
49.9978867
49.9977531
49.9974823
49.9974136
49.9972954
49.9972343
49.9971733
49.9971008
49.9968681
49.9969025
50.0833549
92.0530548
81.0372162
60.0730896
50.0008392
50.0009422
49.9965668
49.9964638
49.9964294
49.9963989
49.9963799
49.9962044
49.9959488
49.9958267
49.9957809
49.9956093
49.9955711
49.9952621
49.9944611
49.9943123
49.9942741
49.9942436
49.9941101
49.99403
49.9940033
49.9942245
49.9939003
49.9941216
50.4130936
50.0104866
49.9969215
49.9966087
49.9941254
54.7711334
55.1154709
52.1617088
50.5009613
49.9957657
79.9956589
79.9954453
79.995491
81.0512848
80.0367508
79.9944458
9.99091339
70.0018845
79.9989853
44.1027756
9.99280739
95.7827377
97.7791138
376.267975
349.108948
165.609436
80.005722
80.0038147
80.0021515
86.2896118
92.8805618
87.6836624
82.1607895
80.005394
121.864975
119.284615
95.2879105
89.7575455
11.1542511
77.3572083
114.421913
65.321022
64.8868484
62.4048157
57.5714378
72.7437897
96.5900879
352.531128
339.213959
400.899414
1395.46716
1828.84082
994.063965
269.238403
105.961456
107.257675
104.076645
103.210999
100.900429
100.006866
100.006866
100.006615
100.006569
100.00634
100.005943
100.044281
100.221809
111.662949
113.618355
104.999222
100.319092
60.004261
60.0013962
60.9605637
62.6253357
64.3376999
104.441116
119.898529
97.3466644
71.4808884
61.9000359
77.4362411
71.4586182
63.5389099
236.906616
292.611816
362.576294
430.927521
407.701538
549.997925
451.364594
228.545593
101.370705
72.2596588
235.312088
679.15918
567.137939
200.269135
67.0384369
125.849159
189.825577
100.148941
113.744118
138.529022
128.782639
107.171585
100.005966
103.000839
103.444511
101.283012
101.084702
100.978142
100.291527
100.077286
100.034142
100.01078
100.00444
129.712753
150.167816
141.010361
117.371445
103.100418
100.115242
120.389442
130.024384
116.488686
103.534554
112.580727
456.845154
606.891357
370.335144
156.619034
103.643753
100.301178
100.005722
102.001923
102.899117
100.76223
100.005272
100.005058
100.004829
100.004478
107.60527
107.96315
102.062965
100.003563
100.003044
103.307686
104.092964
113.17437
183.300003
271.2005
247.232208
255.060272
292.405823
216.689423
144.996887
165.783493
268.611816
266.860504
170.122589
229.225815
222.816818
76.4322586
40.5157661
40.9790764
40.8074112
40.3512802
40.0090599
40.0089417
40.008667
40.008194
40.0079651
98.4044571
377.401276
1061.25049
885.448364
713.789185
1019.21411
737.331543
705.899719
435.700134
297.932251
100.009071
100.008713
100.008438
505.978271
516.172363
282.717468
420.322449
386.109192
148.715729
130.757385
115.500648
103.954994
103.073242
102.028809
157.511368
155.749146
165.328445
149.436981
112.820084
100.008301
161.759842
304.868652
326.25531
205.311127
117.261955
100.008583
100.008583
100.008583
107.891815
133.836639
126.701599
105.864906
186.824615
306.873718
248.55719
240.156067
254.863678
182.180817
181.9814
164.756561
118.832939
100.712616
100.321907
100.009682
100.009682
111.245064
105.687378
101.805862
166.229218
202.28186
344.7854
292.32251
155.829453
100.78685
100.124443
100.010002
100.010002
100.010002
100.010002
100.009926
100.009842
100.293465
100.009842
100.009842
139.54985
175.370377
143.650101
110.386284
104.736115
102.463287
100.882103
50.0088882
50.0086937
50.0084152
50.0083084
50.0082932
50.0079002
50.0080032
159.781006
514.030212
482.911865
189.834137
109.771835
132.15625
1223.36353
1528.91333
1025.61877
1295.52051
1236.87244
779.075073
130.421112
100.008492
100.007889
100.007683
100.007568
100.00753
100.00753
100.00753
100.007416
100.007385
100.007278
105.079147
342.507294
804.068115
782.934692
368.081726
588.336487
483.90155
324.427124
100.470963
100.050552
100.032013
100.007492
100.007301
100.007294
100.007317
100.007217
100.007195
100.007217
100.007149
100.006897
100.006721
100.006332
100.007019
100.007019
100.005615
100.006287
100.006287
100.007019
100.006912
100.006836
100.006516
100.002594
100.004486
100.003265
100.001213
100.003685
108.813835
103.985275
101.365494
103.35006
101.465782
106.079102
112.95311
122.304382
125.268456
130.832458
113.629936
103.483757
100.003815
100.003563
103.885201
101.945992
100.789085
50.0037041
50.0040436
50.2138367
50.0063248
58.9805832
54.4553795
61.5544777
117.295586
113.309921
117.092461
147.56424
130.607101
109.406952
129.194077
143.266785
166.641037
138.578415
111.531975
100.005821
102.60228
103.308731
101.289368
100.291084
100.004578
100.932106
100.103439
100.035599
100.003151
109.610023
105.92466
52.2214241
51.1949272
139.07782
195.092926
411.78598
605.478577
524.155884
300.430847
119.273651
80.3505249
80.0076904
80.0074387
80.0073395
80.0073395
80.007103
80.4677963
80.0068741
80.0068741
80.0068741
80.0068741
80.0055084
80.0043106
80.0049973
80.0048981
80.002327
80.0017166
80.0012131
80.0005875
80.0001755
80.0040207
257.61203
452.151611
393.998291
222.027328
664.818909
720.963562
452.209717
259.727173
163.758499
107.432388
100.342308
100.645355
100.188446
100.007057
100.00692
101.49408
102.569206
100.82251
100.0382
100.006546
100.00605
100.006195
100.00602
100.005165
100.004814
100.003845
100.00222
100.002731
100.002258
100.001892
103.50428
212.351105
240.004517
211.359314
162.525269
116.421761
194.704742
617.785461
820.402832
457.948212
151.288971
65.7874451
60.6387939
60.0061531
60.3633804
60.5768394
60.2021675
68.0271072
140.032578
179.777802
145.132233
87.5156326
64.222084
60.0055809
60.0055389
60.0055313
60.0053864
60.0049286
60.9052773
60.3682518
60.1149864
60.0039558
60.0882378
60.0174294
60.005146
60.0025215
60.0014763
60.079628
60.5023499
116.190697
151.746765
139.925171
110.433899
100.048286
214.641449
216.844238
134.623337
100.002663
107.88353
107.585373
103.265251
120.964752
119.88932
105.744942
513.181213
538.401733
1033.4032
1185.47632
1076.18188
673.875488
271.69574
1255.94617
855.161072
440.411377
268.424133
222.645157
100.548454
105.19677
104.832504
121.016937
513.570496
928.144775
827.547607
1332.26123
1314.52478
1152.88489
751.663635
452.015686
183.160477
142.727509
112.658829
106.419899
121.278
116.93544
113.792229
109.980324
102.609337
100.008018
100.007835
100.007339
100.007629
100.007484
124.510025
220.373077
204.904083
128.602859
118.61322
271.842529
759.188843
719.398804
317.619354
350.778656
336.758911
327.671692
195.647552
162.383835
173.790802
205.724792
225.956512
233.045135
205.135193
171.70314
117.024811
118.117157
109.079201
101.688416
100.009132
100.008949
100.008911
100.008781
100.008629
100.008339
100.008278
100.007645
100.007126
100.006783
100.006485
100.006134
100.005753
44.848362
44.8833504
102.431755
100.385666
100.074036
100.003777
100.038376
100.015495
100.003448
100.003448
100.003258
101.59314
103.821007
102.493019
100.229568
100.002525
100.391563
100.128082
100.00354
100.004059
102.126518
104.292557
102.408058
159.666855
161.478882
123.927979
276.280273
431.66156
712.14563
660.446655
325.209503
128.840561
100.008118
100.007965
100.007843
100.007454
100.007339
100.007278
100.007324
100.006783
100.006927
100.006859
197.719543
483.126373
670.397522
493.685913
224.071991
115.253387
100.008278
100.080513
100.008278
100.007683
100.008278
136.450195
255.330261
417.804016
398.438141
235.870102
126.586456
101.817535
100.009384
100.007477
100.008911
103.126915
101.697472
194.089478
781.83606
669.617249
284.979279
348.779816
579.385803
230.619507
100.019707
100.007637
100.007584
100.007576
100.007462
100.007278
100.491127
100.007652
100.007065
100.00692
100.006783
100.006752
100.006744
100.006744
100.00708
70.3803177
74.0434189
105.566147
79.936409
58.5893021
100.007034
100.006927
209.03009
234.615631
160.637375
110.434631
100.00692
125.298874
114.478073
104.534111
100.006622
100.006638
100.006645
100.00666
100.006699
100.00676
100.006294
100.005997
100.005699
100.00531
110.201447
104.764542
101.566544
100.003952
100.004166
100.006714
100.006714
100.003365
100.004608
100.006714
100.006119
100.006386
100.057274
50.0001907
50.000145
50.0000954
50.0000496
50.0000076
49.9999809
53.9039574
51.763649
50.6972275
49.9997864
49.9997711
49.9996338
49.9996529
49.9995079
49.9995003
49.9994049
49.9992561
49.9992943
49.9993629
49.9993591
49.9990234
49.9989548
49.9989128
49.9988441
49.998745
49.9987411
49.9987373
49.9987335
99.9969025
106.847755
106.146873
102.509125
100.480598
99.9995499
99.9988098
49.9960976
316.169769
294.141357
127.252419
50.0021782
100.00174
100.001259
100.000755
50.0002518
49.9998512
50.0000687
50.0004196
137.070343
125.797226
74.5709991
50.0032043
50.0024033
50.0018196
66.9897232
61.6912537
54.1755905
52.2505569
51.1600151
50.5190315
80.0020294
80.0034027
80.0034256
81.5835419
80.4211349
80.1603241
80.064003
95.8580475
175.391357
443.147614
945.080322
1084.81079
730.685303
318.347443
132.951767
87.4584351
101.899254
100.00708
100.006668
100.006401
126.184525
120.68058
107.184608
100.006401
80.0064011
81.219429
80.0516968
80.0038834
80.0027618
80.0027466
100.000786
100.000336
100.000053
181.116455
183.067261
125.261337
100.04319
100.003616
100.002769
100.003235
100.00209
100.001732
100.0009
104.853577
210.737549
260.091675
183.643127
264.696106
492.01178
491.470947
401.997131
359.577454
270.363525
161.298172
108.983658
100.007965
172.440262
1251.40723
1810.1792
1270.14661
541.987
835.351929
1362.81384
522.683655
122.433205
100.00782
100.00679
100.006645
100.006477
100.007187
100.006905
167.381485
155.696442
116.869759
100.005737
100.069145
100.014969
119.681572
112.876266
103.948639
100.004761
100.004524
100.004349
158.176865
146.438309
74.0443802
63.4586334
488.573456
451.074158
182.53302
102.759766
211.945587
490.794067
520.363525
489.151398
510.079468
349.064697
368.082458
254.856125
100.005981
100.00621
100.00573
100.005493
100.005394
100.005318
100.005257
101.202271
101.305695
100.420204
130.211105
128.963058
108.254448
100.004616
100.00338
100.004196
100.003792
100.003517
100.003128
100.002655
100.003242
100.002426
100.002151
101.514191
102.243034
100.584961
100.001587
100.001526
116.979752
117.246246
105.596626
105.965981
105.720474
101.39679
120.386993
299.166992
380.427612
248.933197
128.051331
100.004196
100.004105
102.616631
148.785706
161.144379
127.275612
112.323845
108.990082
102.329239
100.004562
162.498672
166.547272
331.82251
319.813507
168.05249
41.0246277
40.0080032
40.0077286
40.0076561
40.0076561
40.0075378
40.0074997
40.007206
40.0069504
97.2766418
97.6675339
59.0191231
41.2241135
54.0276031
380.689728
432.429993
196.827118
57.9535789
40.4924545
40.0071869
100.081482
40.3926735
40.2156754
40.6613617
40.7570229
40.3475227
100.00399
40.003582
40.0032806
40.0030365
100.002495
100.002266
100.002045
101.151993
103.077011
102.217232
100.207413
100.000877
120.955589
162.084671
157.163254
122.166847
102.434448
100.003868
100.003212
100.002686
100.002121
100.001389
100.00071
100.000366
100.000427
105.891457
109.888763
105.361847
100.467903
99.9995728
100.269135
103.40226
103.633095
100.362846
99.998703
99.9994278
99.9988327
146.883881
279.832672
239.620834
138.603683
100.006393
100.006401
100.006401
100.003204
103.100616
101.642097
100.631683
100.001923
100.001587
100.001305
100.955299
100.337181
100.17926
100.006248
100.006248
100.005669
9.99673367
90.0042953
115.302254
108.2883
102.571098
20.1076965
41.9420586
9.99741459
40.0064735
50.0041389
50.0045433
50.9077682
60.5703392
65.2163239
98.7135773
118.377823
228.532135
176.859756
86.6127167
50.0053673
50.0052872
50.0052071
50.0050507
50.004734
50.0043983
50.0061378
50.006115
50.0030708
50.0043907
50.004528
50.0021019
50.0018005
50.0014458
50.0023003
50.0021553
50.0008812
50.0006752
55.917717
52.1025009
50.6893272
72.6916199
278.78302
385.634094
234.200256
88.6810303
50.0064049
50.0060043
50.006218
50.0062256
50.0055504
50.0054474
50.0049896
50.0053329
50.0055962
50.0038109
50.003437
50.0030861
50.002758
50.0024452
50.0021515
50.001873
50.0064049
50.0064049
50.0064011
50.0009537
50.8957291
50.2458687
50.1403465
50.002388
49.9998665
50.0029984
50.0029907
49.9982262
50.0018349
50.0018501
49.9980507
49.9980202
49.9980011
49.9978638
49.9979591
49.9976006
49.9975891
49.9974289
49.9975548
49.9973526
49.9973145
49.9972839
49.9972496
49.9970856
49.9970398
49.9970016
49.9969597
49.9968987
49.9968147
49.9967613
49.9967079
49.9966507
49.9965935
49.9958038
49.9957619
49.9957199
49.9955673
49.9954414
49.9953423
49.9952164
49.9950256
49.9947166
49.9943161
49.9942589
49.9942131
49.9941711
49.9941292
49.9940796
49.9940414
49.9940071
49.993969
49.9939117
49.9941177
49.993763
49.9939423
79.7729645
73.6393356
58.3716087
50.6585579
49.9997826
49.9964104
50.0442848
49.9988823
49.995533
3170.76978
139.004211
113.396187
100.00071
99.9989395
99.9980621
100.133659
100.002602
99.9959717
99.9951019
99.9944992
99.9942398
99.9940262
99.9935608
99.9934311
99.9933319
99.9932404
99.9934311
99.9937057
100.437798
100.010193
99.9960709
99.993309
100.820381
132.031845
131.516373
113.182899
101.700752
469.022308
451.456879
210.401428
100.003242
100.002609
103.500061
104.625114
101.30056
99.9997711
100.000366
100.052795
100.014664
99.9978485
99.9979858
106.096642
382.174927
598.942749
479.564697
245.190002
123.861832
100.006279
100.006393
113.147247
290.917542
328.260315
197.584824
112.634438
100.01638
109.82663
111.296326
103.300781
100.006462
100.006332
60.0042191
84.993927
133.589081
409.871552
593.16333
389.953186
263.269867
495.902496
696.066406
450.438263
154.936035
63.3051491
100.00676
115.105904
159.551865
156.10202
168.244827
139.501694
111.052353
316.574463
385.092102
231.952728
121.317345
100.091736
166.246155
258.605499
385.48761
614.614014
682.824402
719.5047
702.557373
543.06604
267.329407
113.762985
135.099823
130.975845
108.684944
100.134682
100.034782
103.931732
109.94474
117.401192
263.740784
277.663757
464.640991
433.398651
280.678192
445.674774
597.734497
554.101807
464.512146
396.713196
249.219772
100.008743
182.389725
209.431595
359.438446
470.386475
457.578064
469.73584
438.710449
482.765991
378.67926
292.134796
266.057281
252.843842
118.256691
100.702095
100.489906
100.121704
100.009369
130.546234
255.001038
275.83255
515.227661
458.442261
254.503479
325.39267
368.77771
188.639252
215.09256
167.80658
126.077621
110.931297
140.591034
144.83078
117.853745
103.957161
103.150902
101.484169
119.987045
119.861969
185.823639
214.229095
170.403442
123.172874
104.335785
100.094856
246.735352
267.154968
188.801605
131.037994
108.68325
102.972855
104.770012
102.964218
100.862129
100.815117
101.139381
123.85704
123.443062
108.200706
103.788116
170.833527
109.15332
61.0995674
100.009537
104.823303
190.428223
136.985138
75.4596024
110.753387
108.375854
109.968048
106.571457
164.67923
228.150467
198.250153
159.273453
176.08815
447.693878
509.361816
339.249756
233.031799
166.544525
114.191032
100.074043
100.310226
102.19973
102.495369
100.259583
100.216591
100.075508
100.009842
100.009842
100.62484
128.169983
128.426193
117.161659
163.127716
154.429733
159.125092
