0.0
0.0
0.0
0.0
0.0
0.0
0.0
0.0
0.0
0.0
0.0
0.0
0.0
0.0
0.0
0.0
0.0
0.0
0.0
0.0
0.0
0.0
0.0
0.0
0.0
0.0
0.0
0.0
0.0
0.0
0.0
0.0
0.0
0.0
0.0
0.0
0.0
0.0
0.0
0.0
0.0
0.0
0.0
0.0
0.0
0.0
0.00156182004
0.00156182004
0.00156182004
0.00156182004
0.00156182004
0.00156182004
0.00156182004
0.00156182004
0.00156182004
0.00156182004
0.00156182004
0.00156182004
0.00156182004
0.00156182004
0.0
0.0
0.0
0.0
0.0
0.0
0.0
0.0
0.0
0.0
0.0
0.0
0.0
0.0
0.0
0.0
0.0
0.0
0.0
0.0
0.0
0.0
0.0
0.0
0.0
0.0
0.0
0.0
0.0
0.0
0.0
0.00156182004
0.00156182004
0.312899649
47.0703392
75.9290771
93.0894012
60.9268494
20.9300957
10.000782
3.54754663
0.00156182004
0.00156182004
0.00156182004
0.00156182004
0.00156182004
0.00156182004
0.00156182004
0.00156182004
4.50955391
14.0203524
9.52596951
2.89956784
0.00156182062
0.00156182004
0.00156182004
0.00156182004
0.00156182004
0.00156182004
2.10923409
1.49867344
0.659752607
0.321739614
0.0939211324
0.00156182004
15.8701191
12.6634865
8.64034748
0.00156182086
0.00156182004
0.0112705873
0.00464610569
0.00156182004
0.00156182004
0.00156182004
0.00156182004
0.00156182004
0.326820344
0.721296668
0.205237493
0.129829362
0.466802359
0.136687383
0.339762419
0.732209206
1.09831393
1.27652323
3.14503455
3.26761389
13.0692434
12.089098
4.91794586
0.0
0.0
40.4810219
46.5013847
26.8597298
28.3775883
13.0713053
9.93069077
20.3708115
50.4617233
37.3691292
26.4472408
12.906352
10.0744381
0.104682468
0.0
0.0
0.0
41.3390236
140.605316
150.260757
61.5380707
32953.3125
145.250107
142.104279
114.801033
101.21936
99.9186172
99.9187241
99.9191055
100.046478
100.190659
100.831261
105.220413
109.50296
118.338837
156.908371
141.359238
111.266815
99.9176254
99.9175186
99.917572
99.9174576
99.9173355
99.9178696
99.9346695
99.9982147
107.507614
106.287613
101.688316
100.328064
174.588013
215.398865
202.23587
172.292511
152.511536
136.229324
89.2600708
76.0757904
71.2151031
70.3041992
69.9943466
100.668892
101.079681
100.217606
99.9187927
99.9187241
99.918869
113.238731
158.759247
193.849548
167.159424
257.14032
250.912308
204.031036
182.185959
153.604111
118.441734
111.239616
109.287056
103.436211
100.392097
100.129814
100.055542
122.459396
71.9936829
56.1278915
51.3550339
52.0382156
50.4781036
49.950779
49.9316368
50.0276527
40.0277748
42.7537384
42.2647438
50.5478592
51.7837486
47.2712326
62.2229385
132.723175
260.938202
252.865173
131.468964
55.0497246
156.597855
192.019455
122.2509
62.6096306
57.6918869
53.9786072
44.4630432
40.0502357
40.0512123
40.051754
40.0524597
43.0706406
173.842056
199.610001
106.502762
55.4882965
46.9539261
42.2572784
40.0606995
40.061264
40.0615349
40.0620079
40.0624123
40.6588554
80.8841095
78.816925
50.8440475
63.2164612
68.9272537
61.58255
50.1208687
41.8375397
136.859604
135.395615
68.7036285
42.5655365
41.1742554
40.1578331
40.0688171
128.843002
214.466431
150.183411
125.070648
176.10202
157.587189
85.481781
60.8812599
99.7018661
75.7602081
100.093948
100.074181
100.071045
100.064865
102.484566
114.977844
228.188232
264.55838
176.943115
114.095901
100.064644
100.039642
100.0261
100.007767
99.9998856
212.75882
194.998169
131.387695
278.560516
298.706909
178.605347
109.961327
99.9201202
99.9281082
99.9206009
114.410461
181.304794
158.697205
116.339485
99.8928528
49.9404907
49.9061356
53.3479233
83.6512222
180.277573
178.82785
96.8669891
241.993408
189.639877
90.933548
49.8254356
49.860199
111.255661
147.050766
176.928268
126.426987
247.3237
373.522949
388.704407
346.1539
215.417694
94.3235474
54.3608398
49.8288193
49.8312378
49.8707924
49.9111633
49.8806038
49.847805
49.8819122
102.391167
180.029633
200.992279
144.218033
187.77562
167.661316
122.954147
102.067398
126.995872
112.637543
107.850555
101.098366
100.482651
100.775124
100.023529
100.013695
100.013191
100.020271
50.0273438
50.0335617
50.0388908
50.043438
50.0479393
50.0531158
50.0585365
50.4758644
50.0759811
50.0736809
50.079071
50.0828285
50.0856934
50.0491943
50.0762329
50.0629654
50.0710373
50.0965157
50.5805092
51.1225204
50.2524529
50.1770668
50.0971527
53.837719
51.6600685
53.8302536
51.4828606
50.4925041
51.644783
51.7159424
50.4788132
50.2248611
50.0929985
50.0923233
50.0920563
50.0917435
50.0910759
50.090435
50.0897713
53.1620445
51.4193306
50.6018448
100.016388
99.9775314
99.9772644
99.9768906
99.976532
99.9760666
99.9757538
49.9751778
49.9750481
51.4732437
50.8050308
50.9890823
50.0195351
49.9893303
49.9723778
57.8387032
76.4185257
64.9599991
54.6019936
49.990818
102.04866
148.645721
105.513069
64.1534424
49.9668159
51.5460739
51.6113968
53.50597
51.1553955
51.3500443
50.0951424
80.0720825
80.4339752
80.0642471
80.0632935
80.0626526
80.0617523
80.0606918
80.0596008
80.0586243
80.0575638
80.056572
80.0558167
80.0551147
80.0542526
80.0531998
80.0523605
80.0514603
87.8505478
142.060364
155.752411
117.855507
133.305115
354.853699
316.760284
275.485962
186.236771
112.992645
81.0807953
80.048172
80.0484085
100.177055
100.537544
100.195892
100.047974
100.047958
100.312576
100.966599
100.387039
100.06723
100.046394
100.045799
50.0452576
50.0952072
51.5450783
201.028656
382.482422
433.125977
503.595428
635.637634
499.785492
291.155792
175.637833
122.770012
116.172569
209.928772
261.617126
198.92952
127.757164
102.880669
101.584846
100.483299
60.0415726
60.0573616
122.17691
109.895767
75.1121979
60.0576859
158.213196
295.95755
215.5289
99.7505341
60.1378517
60.0461769
60.0619392
60.0620155
60.0617218
60.0615654
98.5541077
257.20047
457.601624
370.832855
195.696487
102.753578
101.397385
344.635162
398.68454
225.282669
147.576172
98.3605423
71.5648193
60.0724106
70.0725937
70.0726013
70.0725403
70.0725784
70.0724258
70.0721664
70.0718231
70.0716476
70.0713196
70.0708847
70.0704803
70.0699692
70.0847778
70.0686035
70.0677567
70.067215
70.0821228
75.8820724
74.5471268
71.2194824
70.0621338
70.0612259
173.943512
195.456116
129.45961
80.8800812
73.4976044
92.333931
109.159622
92.06707
75.7656174
51.0317192
50.3870506
50.14608
50.0868568
50.0492058
50.0483589
50.0472565
50.0464096
50.1717033
50.6831436
50.8815079
50.2450409
108.540245
93.1378098
62.8597298
50.567234
53.0836334
188.544266
192.520874
110.528549
58.8431282
50.0336266
50.0329666
54.6055756
54.2180824
51.1039352
50.0297813
51.161335
51.7388611
52.2695923
68.4520798
51.9129829
90.9820328
88.3741074
351.645477
283.92453
295.604919
288.834839
225.330414
158.295151
90.2227783
58.0543633
375.025269
629.039917
382.81012
118.207237
40.1545868
40.1555824
40.1559525
40.1560249
40.1561432
40.1561813
40.1561813
47.9655304
129.54631
323.220642
312.3927
380.121643
390.31958
256.12326
140.449554
536.324341
605.091675
349.680176
152.956558
182.518875
423.033813
393.698364
199.546722
162.152039
151.506866
140.553726
100.156181
100.156181
100.156181
100.156181
100.156181
100.156181
100.156181
100.156181
100.156181
100.156181
100.156181
123.991211
147.623764
128.396942
105.30172
100.156181
100.156181
100.156181
103.082123
107.684143
102.43074
100.891495
102.637222
101.958153
100.723381
100.198479
100.116623
100.106873
117.631218
109.291527
102.885872
100.628288
100.111206
361.182007
357.193909
177.912384
112.110657
105.681503
101.850044
100.016243
100.010788
99.9999847
105.379303
102.844505
101.013107
99.9388046
99.8999405
99.8837814
99.8735199
114.609367
56.4633369
51.9637489
49.9567604
49.9503975
49.9121857
49.8744125
49.8662415
49.8601112
49.854599
51.1546059
128.767395
114.484459
69.2460251
49.8820038
49.868412
49.8644981
49.8264313
49.8235054
49.8220825
49.8213272
49.8208847
49.8207932
49.8209343
49.8213501
49.8220329
49.8231773
49.8247452
49.8267632
49.8295631
88.5961914
126.545761
108.869949
100.128937
99.899025
99.9030991
99.9338684
130.21669
119.529953
106.04657
99.947731
99.9306793
99.9334946
99.9376068
99.9416809
99.9457474
99.9506836
99.9566116
99.9632645
99.9706192
99.9858246
99.9863892
99.9886398
99.9922485
99.9959869
100.000908
101.063683
100.168709
100.099014
100.020828
100.026527
100.032478
100.023628
50.0322342
50.0417595
50.0527725
50.0376816
50.0653191
50.0673561
50.0671005
50.0667343
50.0663376
50.0657272
50.0652466
50.0648918
50.0643272
50.0639381
50.0632896
50.0628433
50.0622978
50.0616684
50.0611877
50.0605736
50.0600929
50.1589012
74.5089569
67.2293167
55.4405556
50.0573921
50.0568657
49.9389839
99.9386139
99.9380722
49.937664
49.9371834
49.9368248
49.9364967
49.935997
49.9357872
49.9353828
49.9349518
49.932991
49.9295692
49.9287987
49.9282951
49.927784
49.9272346
49.9270554
49.92659
49.9263992
49.9261971
49.9271126
50.290905
49.9334869
49.9518738
49.9260101
49.9267578
53.0738678
52.9174423
51.0680008
50.181282
50.0398254
80.0393066
80.0389328
80.0385208
80.7443695
80.053154
80.0372162
80.0368042
80.0361786
80.0358047
80.0352783
80.034874
93.0727234
89.1869125
154.694641
142.100403
99.3412781
80.0328445
80.0325317
80.0322189
83.2911835
85.9183578
83.235878
80.9118195
80.0306549
95.5864716
93.5785522
85.2073593
84.1356201
82.386261
80.8696365
55.7408638
55.6124535
55.6558228
54.3492699
52.7464294
58.3281021
65.6536484
127.631973
118.592102
152.08519
540.088623
777.304749
471.893707
139.972977
105.703819
106.832031
103.807915
102.906769
100.86396
50.074276
50.0744362
50.0743637
50.0737
50.0729752
50.0721245
50.1062622
50.2664375
59.7713242
61.0543976
54.0042076
50.2196541
59.9978905
59.9803886
60.7132149
61.8884659
62.9681396
84.1861572
92.1594009
79.6567383
65.9990158
61.0213661
70.0438995
66.4685669
61.9635658
128.179199
154.283188
186.14119
218.872711
221.541504
298.311768
251.315491
157.374268
89.7775574
69.2879333
161.693771
392.836395
310.953735
129.720337
66.5347672
63.3737564
61.3508148
38829.1797
112.568893
130.916672
120.530228
105.027069
100.006325
102.491493
102.787285
101.008751
100.885918
100.787109
100.22345
100.07489
100.023308
100.004471
99.9987106
123.096313
133.157974
125.086723
109.885689
101.771263
100.09166
114.99131
118.605415
109.578316
102.036766
109.103058
264.121216
314.548279
216.127502
128.315811
102.439873
100.188194
99.9868011
101.72068
102.301651
100.581421
99.9846878
99.9840317
99.9829254
99.9820709
107.137711
105.940102
101.496742
99.9786148
99.9954987
102.747833
102.862198
110.578392
151.270309
192.136612
173.822906
189.661392
209.273621
159.88913
129.721832
148.933533
209.130219
198.435333
140.971863
191.430176
169.303009
60.2407837
40.5027008
40.9256096
40.7534599
40.3634911
40.0773163
40.0771179
40.0769844
40.0766487
40.0763168
83.6196594
216.042557
570.276062
447.082581
242.120941
270.514984
192.993546
80.1446915
40.1179008
40.1213799
40.1234512
40.1249313
40.1259613
285.705963
243.772537
113.939148
55.054657
46.4878273
67.6206741
66.1587296
112.770752
104.200539
102.917557
102.410744
150.747101
139.793182
154.67421
134.985107
108.932854
100.139732
152.7211
241.034882
248.315353
167.621521
111.711334
100.14135
100.141724
100.142036
110.062454
134.359711
122.578651
104.826309
171.318893
249.701202
196.545868
210.998886
223.227631
164.181946
177.991348
153.723587
115.790634
100.856178
100.424576
100.1474
100.139015
114.440994
106.000153
101.741661
161.878876
189.25676
283.195679
224.07373
133.693298
100.747032
100.150391
100.045815
100.04512
100.040665
100.022339
100.011078
100.005974
100.487289
100.021324
100.00161
143.462906
171.822906
136.316849
107.81234
106.209663
102.594818
100.786385
49.9152756
49.9021072
49.8934898
49.8851967
49.8774605
49.8703651
49.8966599
133.464691
330.097687
284.116882
123.926765
57.0987282
83.7737122
825.464783
943.275024
452.395264
116.639687
49.9161949
100.391968
99.917778
99.8751755
99.8287582
49.826561
49.8280563
49.8300705
49.8326302
49.8356552
49.8391609
49.8430405
49.8475533
108.021568
271.092651
561.102905
534.879883
278.110657
129.255402
99.9745712
99.9553604
100.920204
100.077332
100.030914
99.989502
99.9957504
100.003975
100.012566
100.020103
100.027588
100.035362
100.042625
100.049683
100.056
100.061668
100.074081
100.079056
100.07608
100.08107
100.084785
100.09124
100.094307
100.098289
100.106369
100.065353
100.074005
100.10247
100.107964
100.096535
111.038162
104.005188
101.436081
103.937782
101.189568
106.059303
110.631424
115.386429
115.804199
67.9562149
107.037094
51.9540482
50.1097946
50.1091156
53.7931442
51.210701
50.5788803
50.1075516
50.1068268
50.3920975
50.1058731
56.9491997
52.4580803
57.591835
110.185883
107.679855
110.055344
124.364975
114.804047
104.467743
117.160706
122.633827
133.737183
116.907936
105.048141
99.9922943
102.606354
102.638046
100.70385
100.151695
99.9889297
101.05175
100.071014
100.009529
100.008652
107.430168
102.977402
101.126503
101.246399
142.709259
163.789413
244.285217
315.533783
298.938293
186.13414
119.26149
100.340233
100.083672
100.083443
100.082893
100.08213
100.081627
100.868904
100.08004
80.0796738
80.0789261
80.0778732
80.0768967
80.0760574
80.0748215
80.0736694
80.0725555
80.0714493
80.0702744
80.0689926
80.0680313
80.0670547
159.857178
229.042191
207.158997
146.569031
351.137451
357.136932
280.239746
179.09906
139.416306
105.335045
100.372528
100.624519
100.23912
100.079193
100.079147
101.4953
102.212067
100.786797
100.107048
100.077698
100.077003
100.076538
100.075638
100.075188
100.074394
100.073692
100.07299
100.072052
100.071251
100.070335
103.418182
157.073853
163.948975
155.204666
130.179398
108.074394
146.638718
311.908508
402.690613
240.398468
107.387955
64.3554993
60.5173912
60.0037537
60.3195953
60.5086899
60.1819
66.8918228
110.949127
133.023026
111.423523
76.5403061
62.6918945
59.9868317
59.9862633
59.9854584
59.9848289
59.9844055
60.7445641
60.2911339
60.0772171
59.9964027
60.0612984
60.004879
59.993927
59.9761429
59.9749908
60.0495491
60.4057999
33984.6875
130.444092
119.285889
104.930878
99.9909439
153.752655
141.76506
112.53904
99.967186
105.071587
104.019623
101.799637
112.677986
109.456177
102.783638
273.63562
244.927032
547.897278
592.766602
651.768921
420.033295
204.605408
320.917297
225.354233
169.213928
159.718887
102.371185
100.538017
104.947525
104.295372
120.189857
346.751709
565.177368
510.784729
646.215027
582.120239
381.457733
403.74115
363.545563
166.704468
138.003418
111.268974
107.515778
122.889526
115.802246
114.554642
109.562462
102.518234
100.064774
100.064583
100.081711
100.063583
100.063156
125.802437
194.546936
167.541733
117.63166
119.124382
224.617996
525.5271
469.488037
237.616898
116.225266
100.156128
151.712784
191.334259
153.494186
170.71521
197.616837
212.426483
173.934326
124.842476
130.731079
120.070404
120.343002
109.648743
101.848808
100.156181
100.156181
100.156181
100.156181
100.156181
100.156181
100.156181
100.156059
100.155922
100.155861
100.155861
100.155861
100.155861
46.2067032
45.6213455
102.776886
100.571541
100.230659
100.155106
100.192345
100.166702
100.154778
100.154663
100.154533
101.809486
103.729309
102.287155
100.342003
100.153427
100.528442
100.272263
100.152954
100.152565
102.077026
103.634407
101.937988
141.97142
139.84671
117.020088
188.853485
264.686523
409.140503
397.827881
228.899673
119.617027
100.154686
100.147018
100.140686
100.142311
100.15139
100.115067
100.125984
100.11515
100.104454
100.112114
175.177826
343.673676
459.352966
367.31958
193.335754
114.001427
100.057213
100.161133
100.042831
100.011909
100.008453
142.614502
240.271988
363.016418
353.862732
225.613495
127.435524
102.174004
99.9128571
99.8739243
99.8905411
54.9019699
52.5495148
145.668152
588.515381
488.245667
181.283234
52.203083
53.0046043
49.9487076
49.9141541
49.8774529
49.8404045
49.8365669
49.8333511
49.8307686
50.8065147
49.8812485
49.8354034
49.8244553
49.8240318
49.8241806
49.8246803
49.825695
49.8654213
49.9050789
79.0443192
101.358856
75.8411636
57.4735794
99.9040985
99.91716
175.082077
193.153137
139.624359
106.870628
99.9526672
123.135101
111.041046
103.451363
99.9519577
99.9587631
99.9659424
99.9734116
99.9973526
99.9943237
99.9939194
99.9998093
100.005569
100.011497
110.469818
103.344505
101.128815
100.032318
100.03624
100.042984
100.05098
100.049988
100.047409
100.054359
100.06971
100.060081
100.143181
50.0620232
50.0718994
50.0801315
50.0846252
50.087719
50.0873871
54.4167671
51.1946831
50.516552
50.0858421
50.0855141
50.0849648
50.0844193
50.0842438
50.0837097
50.083168
50.0826378
50.082077
50.0818825
50.0812721
50.0806656
50.0801201
50.0795937
50.0791283
50.0784416
50.0781326
50.0772285
50.0767822
99.9643936
106.036072
104.388176
101.459099
100.241676
99.9834824
99.9585876
99.9580383
187.406235
169.620758
121.744499
99.9584427
99.9582138
99.9577789
99.9570465
99.9567184
99.9568939
99.9785995
99.9564667
138.199722
126.750885
108.648041
99.9548264
99.9546051
99.954628
110.190437
105.047325
101.733322
101.872917
100.439064
100.170639
80.0545044
80.0537796
80.0530777
81.5239716
80.2672043
80.1323547
80.1192932
89.0357666
116.411118
192.602509
362.446747
440.032715
354.75592
199.454849
113.854362
85.9078445
81.8051605
80.054306
80.0549622
80.0551376
102.480713
95.1141586
85.2957764
80.0549316
80.0544662
81.4676056
80.0886459
80.0534363
80.0530624
80.052597
100.051994
100.051743
100.050987
143.586823
139.096466
112.155891
100.072517
100.048599
100.048058
100.047585
100.04702
100.046265
100.045845
103.336319
147.773865
164.746399
134.143951
167.313248
251.235382
259.385223
242.0242
234.619644
194.411224
136.910233
106.037003
100.04821
145.266037
624.589966
961.078369
744.003662
390.648254
127.778954
65.7851791
60.4330444
60.0564728
60.0422668
60.0421104
60.042305
60.0423279
60.0579262
60.057724
112.125916
98.4009171
71.6693039
60.0387115
60.1036758
60.0444298
76.6929016
68.9902496
62.7769547
60.0324059
60.0311356
60.0302658
99.8946991
86.3605042
68.0411148
62.2852669
247.465179
210.788803
108.177917
61.8189354
145.636047
288.757294
291.060425
306.38031
196.733597
102.418831
70.0320511
70.0336761
70.0501328
70.0349121
70.03479
70.0347061
70.0342178
70.0336075
70.0332642
71.1557083
71.2292938
70.3997955
97.2998657
91.1613235
76.1560516
70.0269775
70.0417099
70.0243607
70.0232697
70.0220261
70.0209732
70.0360718
70.0185089
70.0171661
70.0162277
51.1880951
51.7180405
50.4488411
50.0111389
50.0101814
64.5636749
60.8158112
53.4853516
54.0655479
53.1879807
50.769413
64.4789734
145.433151
168.930267
58.3253441
61.6020966
49.997509
49.9966736
52.0194588
84.9167938
84.8385315
64.6026459
58.8853264
55.6405563
51.435379
49.9888611
92.4520721
83.6702499
173.339203
138.376236
77.1568909
40.7494583
40.0797539
40.0792732
40.078331
40.0780029
40.0769806
40.0761032
40.0756798
40.0747566
80.3122635
71.3262634
50.127018
40.8586731
51.1661186
196.881622
203.656433
107.890701
50.0978813
40.4137611
40.0706253
40.1352425
40.3891678
40.2429504
40.6380386
40.6836319
40.3461533
40.0693893
40.068573
40.0683212
40.0677528
40.0671654
40.066658
40.0660706
41.0121727
42.387516
41.676651
40.2141418
40.063179
55.6921158
76.6823425
70.5215759
51.4548721
41.2826233
40.0611763
40.0607109
40.060379
40.0601654
40.0597725
40.0593224
40.0589523
40.0588989
44.3994522
46.2082634
43.0756454
40.3105583
40.0574112
40.2490654
42.2845268
42.2735252
40.2700768
40.0476036
12731.4688
100.053085
125.872215
175.47644
151.348724
113.31694
99.9992828
99.9955521
99.9946823
99.9813538
102.49707
101.009544
100.324539
99.9435806
99.9349442
99.9254913
100.78334
100.135162
100.017952
99.90802
99.9036407
99.8903809
99.8507233
99.8383179
110.089706
104.660309
101.208076
99.7685928
99.785347
99.7752762
49.7961998
49.8437233
49.8368912
50.5869598
56.5382843
58.434803
72.7413864
80.6207809
118.741348
93.0177765
61.6966591
49.7059708
49.7005196
49.6952248
49.6901588
49.6852417
49.6819649
49.720829
49.7208061
49.6780624
49.7116165
49.7102737
49.6699219
49.6668358
49.7035522
49.7398529
49.7035599
49.6672096
49.6680222
54.1194801
101.03495
100.14315
62.2757874
121.341599
152.955627
102.713348
61.4249687
49.8356667
99.8108826
49.8106461
49.8144417
49.792778
49.7939568
49.7996292
49.8254776
49.8329849
49.8222961
49.8296547
49.8393478
49.8496056
49.8607063
49.8724632
49.8845139
49.9065475
49.9271317
49.9276886
49.9299889
50.8939133
50.1096458
50.0389595
49.9652138
49.9728088
49.9719124
49.9965096
50.0021744
49.9926071
50.0243797
50.0279274
50.0308418
50.0316048
50.0315628
50.0314064
50.0312881
50.03125
50.03125
50.03125
50.0311317
50.0310974
50.0310974
50.030941
50.030941
50.030941
50.0308228
50.0306244
50.0306244
50.030468
50.030468
50.030468
50.0303116
50.0303116
49.9167824
49.9170418
49.9173088
49.9175453
49.9176941
49.9177551
49.9176979
49.9173965
49.9165649
49.915451
49.9154892
49.9157448
49.9159966
49.9162521
49.9165077
49.9167671
49.9170227
49.9170952
49.9172974
49.9175529
49.9179878
49.9190865
68.2770538
64.0393219
54.6166763
50.2266846
49.9224205
49.9447403
49.9754868
49.9222679
49.9223442
98.1268616
92.9109726
84.3141708
80.029068
80.0289078
80.0287552
80.118187
80.028595
80.0282822
80.0281296
80.0279694
80.0278168
80.0276566
80.027504
80.0273438
80.0271912
80.0268784
10.018137
70.0351486
80.323761
80.0292511
80.0260925
80.0259399
80.5447311
93.4440079
92.9391861
85.1259918
10.016573
153.071777
158.016769
74.1671753
50.0245285
50.0242157
51.7301445
52.156353
50.6312447
50.0235901
50.0234337
50.0486145
50.0311699
50.0229645
50.0228081
52.9057922
120.44046
181.410355
164.835266
101.154289
59.6230125
50.0217133
50.0215569
57.3580513
119.337219
135.21933
89.4406433
56.0686798
50.0266876
15.8358555
46.7318954
51.9852295
50.0207748
50.020401
59.9335632
72.702095
91.5176468
177.674225
246.72345
184.850311
154.800735
260.209198
356.355957
248.224976
109.237976
62.599781
59.955719
72.4560471
100.53093
98.0695343
105.068405
85.4885941
67.0761108
166.932327
204.820251
130.247269
72.6309967
60.0351868
103.222855
153.658035
213.265808
323.430481
311.079041
170.908646
32888.5977
122.686195
121.056351
111.204567
127.181305
122.032585
106.212349
100.101646
100.020317
103.348755
108.100471
113.349457
189.555222
189.603012
287.634338
259.2117
206.230194
240.393585
315.93634
233.000717
132.267349
100.020638
100.038864
100.024689
161.392075
173.579376
258.672394
314.143402
284.534943
184.372131
118.831726
222.94104
251.745544
173.042542
114.502663
101.520836
101.505501
100.733383
100.494568
100.150566
100.049858
131.547989
213.760559
210.315491
371.692627
278.294983
150.047531
103.184013
104.14537
171.959778
192.36972
150.572861
123.120361
109.761108
142.062927
137.071503
114.160568
103.909195
103.028503
101.583801
122.324585
116.87606
116.328743
126.408257
93.5398254
57.6530762
43.4699516
40.221035
149.77002
146.535522
105.49334
64.6133957
47.0052109
103.537399
45.2902832
42.9785271
100.926933
41.0784225
41.3264046
64.2432175
59.6296501
106.710724
44.1262131
156.040024
85.7810364
53.5247269
100.145699
105.480843
106.754074
103.170784
63.082859
110.605553
107.56884
109.67067
105.551582
149.630096
188.213806
165.69313
145.110275
159.311035
310.547119
340.03067
261.427185
211.272232
154.712173
111.567047
100.217812
100.620056
103.338882
103.371056
100.457817
100.462616
100.248528
100.148964
100.148987
101.082237
131.091553
127.451874
118.031952
156.840607
142.557724
152.672028
