0.0
0.0
0.0
0.0
0.0
0.0
0.0
0.0
0.0
0.0
0.0
0.0
0.0
0.0
0.0
0.0
0.0
0.0
0.0
0.0
0.0
0.0
0.0
0.0
0.0
0.0
0.0
0.0
0.0
0.0
0.0
0.0
0.0
0.0
0.0
0.0
0.0
0.0
0.0
0.0
0.0
0.0
0.0
0.0
0.0
0.0
0.0
0.0
0.0
0.0
0.0
0.0
0.0
0.0
0.0
0.0
0.0
0.0
0.0
0.0
0.0
0.0
0.0
0.0
0.0
0.0
0.0
0.0
0.0
0.0
0.0
0.0
0.0
0.0
0.0
0.0
0.0
0.0
0.0
0.0
0.0
0.0
0.0
0.0
0.0
0.0
0.0
0.0
0.0
0.0
0.0
0.0
0.0
0.0816723108
142.09523
279.406342
326.029724
198.874847
61.1167526
9.98947144
31444.2324
99.9894485
99.9894409
99.9894333
99.9894257
99.9894104
99.9894028
99.9893951
99.9896011
108.679787
133.212799
123.153496
107.254578
99.9897079
99.9897003
99.9896927
99.9896851
99.9901581
99.9907227
104.785988
103.482346
101.535675
100.693565
100.205956
99.9919586
150.266708
150.421753
115.580399
99.9900742
99.9916077
100.016342
99.9976883
99.9898224
99.9898071
99.9897995
99.9897919
99.9900055
100.744644
101.671616
100.464272
100.292313
101.083191
100.30761
100.74115
101.705162
102.37265
103.0382
106.989372
108.11171
138.089005
141.213516
112.352806
100.141029
60.1335487
232.189026
280.237854
157.694077
127.54837
102.484245
72.8339691
112.83992
221.969635
201.959076
131.760956
83.4467087
66.1751099
60.3879051
59.9924736
59.9933281
59.9934425
177.936279
544.776367
547.857361
244.577103
82.9517746
150.955154
149.974014
90.9113235
62.2633591
60.0005302
60.0005188
60.0004959
60.1552544
70.3816376
71.3572083
78.299118
86.7426071
105.777237
205.339905
187.535858
102.722832
69.9979935
69.9978333
69.9975357
69.9972229
69.9969177
69.9967117
69.9960861
70.0931473
82.4522171
82.052269
73.3830414
70.6999588
283.98114
415.060303
345.771759
237.822403
177.700317
139.582321
105.831749
81.046524
72.0347214
70.5665512
70.1124191
51.0489388
51.8178291
50.4779396
49.9990349
49.9989624
49.9989204
70.936142
180.061783
275.52182
213.207581
426.95163
427.725128
263.228546
238.928864
188.508347
129.049576
114.811768
112.403198
104.704765
100.581139
100.246269
100.129166
132.774353
133.646072
109.585152
101.87307
52.830925
50.7422981
50.0007744
50.0011978
50.0025024
40.0024986
43.4823532
43.0875015
55.8618851
59.1252213
52.1543121
79.8872299
260.040771
590.889648
545.125549
237.694839
67.1121826
271.511261
330.226898
181.237259
72.1878586
62.5818176
58.0112991
45.7623291
40.0023613
40.0023422
40.0023422
40.002327
43.4961548
334.605408
377.663513
170.190796
61.1667747
48.5532913
42.7454948
100.002075
100.00177
100.001495
100.001007
100.000763
100.686684
166.500427
165.168533
117.675377
135.355637
145.021301
132.610779
115.275536
102.683205
304.548889
306.90448
161.139603
103.051376
101.355438
100.110985
100.001137
273.689392
443.250977
318.72702
241.808319
322.78006
290.118896
169.741165
108.918243
100.54818
100.045784
100.002495
100.002495
100.002495
100.002495
102.237373
116.978531
342.469177
401.136658
236.454559
121.964882
100.037956
100.022583
100.002495
100.002495
100.002495
288.792145
277.570862
156.385925
408.50351
454.08374
235.416992
113.792366
100.002014
100.001877
100.001686
112.943985
204.601257
186.358978
125.400352
100.00267
50.0028114
50.0024185
52.6527977
86.335022
253.008865
260.516205
129.634689
353.148041
323.704651
133.005173
50.0021973
50.0026588
119.2659
174.808075
222.522781
162.64534
340.646362
560.462769
580.404968
479.218689
330.722961
586.65332
518.313354
271.68811
100.002617
100.00296
100.00296
100.002846
100.002487
100.002716
101.269249
194.226288
230.956726
163.405792
212.746231
198.251556
133.208405
102.424957
127.110313
115.701729
107.52121
101.280083
100.570969
100.416046
100.010147
100.006645
100.002144
100.002167
100.002182
100.002182
100.00209
100.002029
100.002029
100.002029
100.002029
100.222641
100.002029
100.001602
100.00135
100.001106
100.000687
99.998642
99.9988327
99.9983902
99.9986725
99.9977341
100.27948
100.621765
100.175308
100.086662
99.9970779
102.920174
101.616989
103.456657
101.642319
100.597458
51.2627373
51.5630188
50.6807213
50.2331123
49.9954643
49.9954643
49.9980354
49.9979019
49.9969254
49.9969978
49.995121
52.8262367
51.8238602
50.9861183
100.068474
99.9931488
99.9931564
99.9931564
99.9931488
99.9931259
99.9931183
99.9929352
99.9929352
101.399445
100.926941
101.062508
100.086456
100.026855
99.9928513
109.204353
147.367188
132.150955
110.840202
99.9969482
240.547394
392.577911
298.396118
149.997177
100.000473
101.526093
101.814964
104.315979
102.376961
101.786385
100.059418
100.011749
100.275497
100.001724
99.9973984
99.9965439
99.9959869
79.9955521
79.9951477
79.9944229
79.9941711
79.9941559
79.9954376
79.998703
79.9973984
79.9942169
79.9980087
79.9978714
91.7601776
275.032532
335.168823
210.118301
221.079193
861.936157
830.244141
545.907532
313.890442
172.165619
101.419609
100.001724
100.001541
100.158089
100.6138
100.180466
100.001076
100.000824
100.329948
101.185913
100.422371
100.024132
99.9982758
99.9976501
99.9989624
100.058205
101.753258
494.307617
956.644653
983.471802
984.503967
1127.05127
778.996338
375.799591
200.760895
130.06839
116.397934
260.16748
349.294464
252.050888
228.341095
231.34108
170.188126
100.434944
100.0009
100.000984
189.440628
178.182404
123.592049
100.001564
265.286987
531.78656
415.684143
251.986023
281.253601
254.108963
109.188828
100.001198
100.001175
100.00119
147.018158
455.455017
840.172485
684.213074
829.107788
708.012817
703.65033
708.814453
666.937866
662.628723
690.429626
664.966797
360.039551
119.527733
100.000626
100.000549
100.000481
100.000404
100.000328
100.000252
100.000183
99.9999771
99.9997787
99.999588
99.9993973
99.9992371
99.9986038
99.9991074
99.998764
99.9986343
99.9978409
105.022888
104.54995
101.154442
99.9975128
99.9973068
269.291687
338.255432
221.270523
121.156059
104.1586
126.613083
153.887772
136.955826
109.515793
101.386864
100.442955
100.128761
100.026649
99.9990005
99.9987411
99.9985733
99.9984283
100.1241
100.746513
101.075066
100.267776
186.520538
189.219788
126.44606
100.807266
103.781303
363.54657
422.550171
235.488007
116.311989
99.9994583
99.9993973
104.794487
105.430328
101.408401
99.9989243
101.369255
102.212784
102.731201
120.321632
58.3384933
112.476013
124.045616
643.920227
632.86969
503.246948
455.395264
322.836548
254.65361
168.503464
120.566116
609.392212
1036.84082
970.789429
999.047119
1074.63354
611.292847
175.767685
100.002342
100.002342
100.002228
100.002052
105.179359
198.086517
495.873749
497.33136
546.325073
787.892639
769.026245
689.595459
1050.50305
900.006653
722.21405
696.406738
703.719666
621.81604
402.383057
376.262054
382.053558
359.916168
143.042267
100.002808
100.002693
100.002655
100.002655
100.002655
100.002655
100.002655
100.002655
100.002556
100.002495
100.002495
116.24292
136.499573
123.371414
104.359863
100.002495
100.002495
100.002495
101.995094
105.32296
101.617554
100.527534
101.82962
101.355202
100.430649
100.055794
100.000793
100.000641
113.90239
107.280968
102.284569
100.439041
100.022987
488.659119
480.526001
215.189468
109.26918
104.27359
101.403076
100.002037
100.002037
100.0019
103.823029
101.99852
100.733505
100.001877
99.9987717
99.9986267
99.9984818
111.235123
54.8541527
51.5145874
50.001812
50.0012016
50.0006065
49.9995689
49.9994545
49.9993439
49.9991188
50.9370117
156.085907
133.758575
75.2343369
50.0009384
50.0004311
50.0004768
49.9997826
49.9996529
49.9995308
49.9994164
49.9992867
49.9990768
49.9988861
49.998703
49.9985352
49.9983749
49.9982262
49.9980888
49.9979515
102.265945
137.694214
112.867012
100.399986
99.9995041
99.9992065
99.9991989
148.755096
135.408005
110.91954
100.001091
99.9999313
99.9995956
99.9992752
99.99897
99.9986801
99.9984055
99.9981537
99.9979095
99.997673
99.9973755
99.9975281
99.9971008
99.9969177
99.9967346
99.9965668
100.823975
100.219833
100.119652
99.9959488
99.9956436
99.9955063
99.9939575
49.9939346
49.9939156
49.9939384
49.9949074
49.9949341
49.9938049
49.9937019
49.993679
49.9939232
49.9934959
49.9934158
49.993206
49.9930725
49.9928017
49.992733
49.9926147
49.9925537
49.9924965
49.9924202
49.9923439
49.9923782
50.0788269
92.0485229
81.0325623
60.068409
49.9961586
49.9962616
49.9918823
99.9917831
99.9917526
99.9917221
99.9916992
99.9915314
99.991394
99.9913025
99.9912643
49.9910851
49.9910469
49.9907379
49.9899483
49.9897881
49.9897499
49.9897194
49.9896851
49.9896622
49.9896355
49.9898567
49.9895325
49.9897499
50.4087219
50.0061188
49.9925537
49.9922409
49.9897575
54.7667656
55.1110992
52.1573372
50.4965897
49.991394
79.9912872
79.9910736
79.9911118
81.0469055
80.0323715
79.9900742
79.9895096
79.9945526
79.9946136
79.9913788
79.9914017
105.775406
97.7747269
376.263458
349.104309
165.604767
80.0010376
79.9991302
79.997467
86.2849274
92.875885
87.6789856
82.156105
80.0007095
121.860291
119.279922
95.283226
89.7528534
86.2728729
82.2292175
114.417236
115.316345
114.882156
112.400131
107.56675
122.739105
96.5854034
352.526428
339.20929
400.894714
1445.46216
1828.83508
994.057678
269.2323
105.955467
107.252159
104.071312
103.205696
100.895119
100.001564
100.001564
100.001564
100.001564
100.00145
100.001122
100.039452
100.216972
111.658112
113.613503
104.994392
100.314247
59.9996338
59.9969788
60.9561882
62.6209717
64.3333282
104.436752
119.893944
97.3419724
71.4761963
61.8953514
77.4315491
71.4539337
63.5342255
236.901901
292.607117
362.571442
430.922302
407.695984
549.992065
451.358643
228.539673
101.364777
72.2537231
235.306152
679.153259
567.131775
200.262939
67.0323181
63.6432762
61.4473419
100.143166
113.73851
138.523407
128.776947
107.16597
100.000359
102.995232
103.439148
101.277702
71.0793915
70.9729767
70.2863846
70.0721283
70.0289841
70.0056229
69.9992828
99.7075958
120.162659
111.005211
87.3662872
73.0952682
70.1100922
90.3842773
100.019234
86.4835281
73.5294037
82.5755768
426.839996
576.886108
340.329468
126.613121
103.637939
100.295395
99.999939
101.99614
102.893349
100.756462
99.9994888
99.9994125
99.9992065
99.9990082
107.599823
107.957787
102.057671
99.9983978
99.9978943
103.302544
104.087799
113.16922
183.294861
271.195221
247.226395
255.05426
292.399445
216.682999
144.990463
165.7771
268.605286
266.85379
170.11586
229.218948
222.809998
76.425293
40.5088387
40.972477
40.8008499
40.344841
40.002655
40.0025368
40.0022621
40.0020485
40.0020294
98.3985291
377.395355
1061.24414
885.441956
379.45105
370.440125
301.614532
196.852097
435.68396
297.91629
100.002495
100.002357
100.002342
505.972137
516.166138
282.669983
420.31192
386.059296
148.699097
130.751495
115.494621
103.949013
103.067314
102.022873
157.505432
155.743225
165.32251
149.431061
112.814148
100.002251
161.75386
304.862701
326.249359
205.305115
117.255867
100.002495
100.002495
100.002495
107.885727
133.830658
126.695663
105.858978
186.818558
306.867676
248.550964
240.149445
254.856674
182.173523
181.97406
164.749207
118.8256
100.705269
100.314728
100.002495
100.002495
111.237869
105.68045
101.798973
166.222336
202.274719
344.778046
292.315155
155.821991
100.77935
100.11705
100.002655
100.002655
100.002655
100.002655
100.002579
100.002655
100.286278
100.002655
100.002655
139.542801
175.363464
143.642822
110.378952
104.728767
102.4561
100.875053
50.002121
50.0021019
50.0019798
50.0019035
50.0017548
50.0015945
50.0018616
159.77478
514.023926
482.905365
189.827606
109.765266
132.149689
1223.3573
1528.90686
1025.27869
1295.5094
1236.36804
779.05835
130.403702
100.002052
100.001495
100.001442
100.001442
100.001442
100.00145
100.00145
100.001335
100.001305
100.001305
105.073479
342.501373
804.061951
782.928406
368.075195
588.267822
483.796021
324.409149
100.464676
100.044296
100.025909
100.001511
100.001495
100.001518
100.001534
100.001549
100.001572
100.001587
100.001526
100.001427
100.001251
100.000977
100.001724
100.001724
100.000328
100.000999
100.000992
100.001724
100.001625
100.001541
100.001328
99.9974442
99.9993362
99.9981232
99.9960709
99.9985352
108.808685
103.980133
101.360504
103.345062
101.460793
106.074104
112.94812
122.299393
125.263283
130.827301
113.624786
103.478592
99.9986725
99.9984131
103.880211
101.940971
100.784096
49.9987106
49.9990501
50.2088394
50.0013313
58.9755898
54.4503784
61.5494766
117.290581
113.304916
117.087456
147.559235
130.601944
109.401802
129.188919
143.261627
166.635895
138.573151
111.526657
100.000534
102.596985
103.303421
101.284164
100.285934
99.9994278
100.926956
100.098282
100.030449
99.9980011
109.604874
105.919502
102.21627
101.189781
189.072647
245.087769
461.780548
655.473145
574.150024
300.424561
139.267303
100.344498
100.001724
100.001724
100.001724
100.001724
100.001724
100.462646
100.001724
100.001724
100.001724
100.001724
100.000359
99.999321
100.000008
99.9999084
99.9973373
99.9968414
99.9963837
99.9957581
99.9954987
99.9993439
257.607208
452.146729
393.993256
222.022339
684.813843
740.958374
472.203918
259.721008
163.752243
107.426132
100.33606
100.639366
100.182732
100.001724
100.001724
101.488922
102.564148
100.81752
100.033195
100.001564
100.001068
100.001221
100.001045
100.000191
99.9998398
99.99897
99.9975433
99.9980545
99.9975815
99.9973297
103.499855
212.346619
239.999878
211.354507
162.520432
116.416924
194.699905
617.780518
820.397339
457.942413
151.283081
65.7815018
60.6329575
60.0007744
60.3580627
60.5717468
60.1972885
68.0222702
140.02774
179.772842
145.126953
87.5103302
64.2170563
60.0006943
60.0006905
60.0006866
60.0005379
60.0000801
60.9004288
60.3634109
60.1101418
59.9992294
60.0835495
60.0127373
60.0004578
59.9978333
59.996788
60.0749397
60.4976578
116.186005
151.741943
139.920334
110.429062
100.043434
214.636597
216.839386
134.6185
99.9978333
107.878693
107.580528
103.260429
120.959915
119.884483
105.740112
513.176392
538.396606
1033.39807
1185.47083
1076.17603
673.869202
271.689362
404.419128
855.145203
440.396301
268.408356
222.629333
100.542046
105.190575
104.826424
121.010948
513.564575
928.138794
827.510132
1332.25024
1314.47168
1152.86792
751.646606
451.998718
183.142853
142.72081
112.652107
106.413177
121.271286
116.928719
113.785507
109.97361
102.602631
100.001282
100.001221
100.0009
100.001228
100.001091
124.503624
220.366669
204.897568
128.596176
118.606491
271.835632
759.182007
719.391907
317.612244
350.677246
336.596252
327.653229
195.640686
162.376816
173.783783
205.717773
225.892197
233.03302
205.109009
171.68335
117.005264
118.110069
109.072205
101.681396
100.002495
100.002495
100.002495
100.002495
100.002495
100.002357
100.002342
100.001869
100.00135
100.001007
100.00071
100.000359
99.9999695
44.8425827
44.8775673
102.426109
100.380295
100.068863
99.998642
100.033241
100.010361
99.9983139
99.9983063
99.9982605
101.588158
103.816132
102.488266
100.224884
99.9978485
100.386887
100.123405
99.9988708
99.999382
102.121841
104.28788
102.403374
159.66217
161.474091
123.923042
276.275238
431.656555
712.140381
660.44104
325.20343
128.834305
100.001877
100.001724
100.001724
100.001724
100.001724
100.001663
100.001717
100.001266
100.001724
100.001724
197.714417
483.120972
670.391663
493.679596
224.065567
115.246994
100.001877
100.074112
100.001877
100.001289
100.001877
136.443802
255.323868
417.797607
398.431702
235.863556
126.579895
101.810974
100.002808
100.0009
100.002342
103.120224
101.69088
194.082886
781.82959
719.610779
284.972717
417.642639
459.728668
230.603073
100.013466
100.001526
100.001495
100.00148
100.001373
100.00119
100.485161
100.001724
100.001137
100.001129
100.001129
100.001122
100.001122
100.001114
100.001595
68.3480377
74.0381088
105.560944
79.9312592
58.584053
100.001724
100.001724
209.024948
234.610245
160.631775
110.429123
100.00145
125.293549
114.472763
104.528801
100.001312
100.00132
100.001335
100.00135
100.001381
100.00145
100.001091
100.000862
100.000565
100.000175
110.196312
104.759399
101.561501
99.9989624
99.999176
100.001724
100.001724
99.9983749
99.9996185
100.001724
100.001122
100.001549
100.052437
99.9953613
49.9953041
49.9952583
49.9952126
49.9951706
49.9951439
53.8991203
51.7588043
50.692379
49.9949455
49.9949303
49.9949188
49.9949684
49.9948235
49.9948196
49.9947319
49.9945717
49.9946098
49.9946823
49.9946747
49.994339
49.9942703
49.9942284
49.9941673
49.9940643
49.9940567
49.9940567
49.9940529
99.9922256
106.843079
106.142174
102.50444
100.475922
99.994873
99.994133
99.9914169
366.164978
344.136475
177.247574
99.997345
99.9969101
99.9964294
99.9959259
99.9954224
99.995018
99.9952393
99.9955902
187.065506
175.792358
124.566162
99.9983749
99.9975662
99.9969864
116.984894
111.686409
104.170746
102.24572
101.155174
100.514198
99.9972
99.9985733
99.9985886
101.578705
100.41642
100.15564
100.059326
95.853363
175.386566
443.142792
945.0755
1084.80603
750.680054
338.341522
152.945679
107.452591
101.893707
100.001724
100.001724
100.001564
126.179688
120.675735
107.179756
100.001564
100.001564
101.214592
100.04686
99.9990463
99.9979324
99.9980698
99.9962311
99.9958115
99.9955368
181.111816
183.062576
125.256645
100.038506
99.9989395
99.9980927
99.998558
99.997406
99.9970551
99.9962234
104.848892
210.73288
260.087006
183.638443
264.691437
492.00708
491.465576
401.991333
359.57135
270.357269
161.291916
108.977417
100.001717
172.434021
1251.40112
1810.17273
1270.14038
541.980713
152.72699
606.186462
522.668701
122.418282
100.001694
100.000824
100.000694
100.000656
100.001556
100.001564
167.376312
155.691391
116.864662
100.000679
100.06427
100.010132
119.676743
112.871422
103.943802
99.9999237
99.9996948
99.9995117
158.172028
146.433472
74.0395355
63.4537849
488.568604
451.069244
182.528214
102.754921
211.940735
490.78894
520.358154
489.145721
509.974243
349.055573
367.92865
254.841202
99.9999313
100.000389
100.000099
100.000023
99.9999466
99.9998703
99.9998093
101.196922
101.300392
100.414902
130.20578
128.957764
108.249123
99.9993134
99.9980774
99.9988937
99.9984894
99.9982147
99.9979858
99.9975052
99.9980927
99.9972839
99.9971008
101.509201
102.238037
100.580223
99.9969101
99.9968567
116.975082
117.241562
105.591949
105.961296
105.715775
101.392113
120.382317
299.162201
380.422546
248.927795
128.046021
99.9989014
99.9988098
102.611336
148.780396
161.138931
127.270012
112.318108
108.984306
102.323463
99.9987946
162.492905
166.541489
331.81662
319.807159
168.046082
41.0183601
40.0019112
40.0017548
40.0017166
40.0017166
40.0017166
40.0017166
40.0017166
40.0017166
97.2714844
97.6622467
59.0138435
41.2188034
54.0222931
380.684448
432.42453
196.821671
57.9481125
100.486984
100.001724
40.076004
100.387207
40.210331
40.6561852
40.751873
40.3423729
39.9988518
99.9985504
39.9982796
39.9980354
99.9976349
99.9974442
99.9973068
101.147568
103.072639
102.21286
100.203049
99.996521
120.951225
162.080307
157.158539
122.162003
102.429604
99.9990311
99.9983749
99.9978561
99.9972916
99.9966812
99.9961548
99.9958496
99.9959106
105.886932
109.884232
105.357193
100.463219
99.9948959
100.26458
103.397736
103.628456
100.358162
99.9941254
99.9950333
99.9946289
146.879517
279.827942
239.615997
138.598846
100.001564
100.001564
100.001564
99.9983673
103.095779
101.63726
100.626846
99.9972076
99.9969101
99.9966278
100.950623
100.332489
100.174568
100.001564
100.001564
100.000992
99.9951782
99.9964981
115.297577
108.283623
102.566406
99.9947433
99.9959641
99.9958572
49.9986687
49.9994583
49.9998627
50.9030838
60.5656586
65.2116318
98.7088928
118.373138
228.527435
176.854919
86.607872
50.0005264
50.0004501
50.0003662
50.0002136
49.9998932
49.9995575
50.001297
50.0012741
49.9983902
49.9997101
49.9998474
49.9974213
49.9971199
49.9967613
49.9976196
49.9974747
49.9962006
49.9959946
55.9130363
52.0978127
50.6846428
72.6869354
278.778137
385.629242
234.195435
88.676178
50.001564
50.0011635
50.0013771
50.0013847
50.0007095
50.0006065
50.0001526
50.0004959
50.0007553
49.9989738
49.9986
49.9982491
49.997921
49.9976082
49.9973145
49.997036
50.001564
50.001564
50.0015602
49.9961166
50.8910446
50.2411842
50.1356659
49.9977036
49.9951859
49.9983177
49.9983101
49.9935455
49.9971504
49.9971695
49.9933701
49.9933357
49.9933167
49.9932976
49.9934387
49.9930725
49.9930687
49.9929085
49.9930305
49.9928284
49.9927864
49.9927559
49.9927254
49.9925652
49.9925156
49.9924736
49.9924355
49.9923744
49.9922867
49.9922371
49.9921837
49.9921265
49.9920654
49.9912796
49.9912376
49.9911957
49.9911423
49.9910698
49.9909706
49.9908447
49.990654
49.990345
49.9899445
49.9898872
49.9898415
49.9897995
49.9897575
49.9897079
49.9896698
49.9896393
49.9895973
49.9895439
49.9897461
49.9893913
49.9895744
79.7686005
73.6349716
58.3672409
50.6540871
49.9952583
49.9918823
50.0397568
49.9944687
49.9911613
128.69635
118.999588
93.3915024
79.9960251
79.9942551
79.9933777
80.1289749
79.9979172
79.9914093
79.9905777
79.9899673
79.9898148
79.9896622
79.9891968
79.9890671
79.9889603
79.9888687
9.9882803
69.9901123
80.4334259
10.0050402
69.9924774
79.9890976
10.8153973
102.028397
111.512009
93.1783142
81.6960602
449.017639
431.452209
210.396729
99.9985657
99.9979324
103.495384
104.620445
101.295883
99.9950943
49.9956818
50.0481186
50.0099869
49.9932861
49.9935608
56.0922775
332.170502
548.938171
429.559998
195.185303
123.857025
100.001457
100.001564
113.142426
240.912735
278.255402
147.579605
62.6291313
100.011078
59.8213272
61.2912712
53.2957878
50.001564
50.0015068
59.9993706
84.9890747
133.584366
409.866882
593.158569
389.947815
263.264404
495.896667
696.060547
450.432251
154.929977
63.2991753
60.0009384
75.1002579
119.546234
116.096397
128.239212
99.4960785
71.0467377
276.568817
345.086487
191.946945
81.3115616
60.0859566
126.240372
218.599823
345.481873
574.608154
538.895264
258.069092
101.53405
97.1816483
97.1083221
83.7567368
105.09359
100.969597
78.678688
70.1284256
70.0285339
73.9255981
79.9388885
87.3954163
233.735107
247.657776
434.634705
403.392242
250.671661
289.127167
432.10968
312.788361
129.3237
70.0020218
100.002106
100.001732
182.382935
209.424713
359.431458
470.379272
397.944061
232.062057
127.510773
267.067474
330.116211
213.208588
120.409416
101.5522
101.585991
100.694443
100.482376
100.114204
100.001968
130.538895
254.993698
275.825073
515.220215
458.434418
204.305191
102.727646
104.088127
175.01236
215.084747
167.79866
126.069672
110.923233
140.582916
144.822662
117.845612
103.949036
103.142769
101.476036
119.97905
119.854004
125.815681
154.22113
110.395355
63.1648674
44.3279381
40.0870323
186.727539
207.147186
128.793823
71.0300827
108.675285
102.964882
104.762039
102.956619
40.854763
40.807766
41.1320496
63.8498268
123.43589
48.1935196
43.7810745
170.826599
109.146446
61.0925865
100.002647
104.816788
190.421692
136.978455
75.4527817
110.746513
108.36898
109.961174
106.564705
164.672745
228.143921
198.243469
159.266739
176.081436
447.687164
509.354645
339.242035
233.023682
166.53653
114.183075
100.066086
100.302261
102.191757
102.487617
100.252083
100.209351
100.068314
100.002647
100.002647
100.617645
128.162888
128.419159
117.154633
163.120804
154.422867
159.118118
