0.0
0.0
0.0
0.0
0.0
0.0
0.0
0.0
0.0
0.0
0.0
0.0
0.0
0.0
0.0
0.0
0.0
0.0
0.0
0.0
0.0
0.0
0.0
0.0
0.0
0.0
0.0
0.0
0.0
0.0
0.0
0.0
0.0
0.0
0.0
0.0
0.0
0.0
0.0
0.0
0.0
0.0
0.0
0.0
0.0
0.0
0.0
0.0
0.0
0.0
0.0
0.0
0.0
0.0
0.0
0.0
0.0
0.0
0.0
0.0
0.0
0.0
0.0
0.0
0.0
0.0
0.0
0.0
0.0
0.0
0.0
0.0
0.0
0.0
0.0
0.0
0.0
0.0
0.0
0.0
0.0
0.0
0.0
0.0
0.0
0.0
0.0
0.0
0.0
0.0
0.0
0.0
0.0
0.0816723108
142.09523
279.406982
326.032013
198.878845
61.1220932
9.99275494
31444.1895
99.9958038
99.9958496
99.9958344
99.9958267
99.9958191
99.9958115
99.9957962
99.9960022
108.686188
133.219315
123.160194
107.261406
99.9969559
99.9971542
99.9971848
99.9971771
99.9976578
99.9982147
104.79348
103.48983
101.543175
100.701057
100.21344
99.9994507
150.274338
150.429565
115.588585
99.9986877
100.000359
100.025093
100.006577
99.9987106
99.998703
99.9986954
99.9986801
99.9988937
100.753532
101.680504
100.47316
100.301208
101.092094
100.316521
100.750046
101.71405
102.381561
103.047096
106.998276
108.120613
138.0979
141.222565
112.362213
100.15065
60.1432343
232.199249
280.248535
157.705505
127.560638
102.497154
72.8472672
112.853348
221.983978
201.974716
131.777878
83.4643555
66.1931534
60.4060249
60.0107002
60.0117455
60.0118828
177.955139
544.796021
547.878784
244.600067
82.9751358
150.978973
149.998688
90.9363022
62.2880936
60.0250778
60.0248718
60.0245514
60.1791496
70.4053879
71.3807297
78.3225479
86.7661514
105.80072
205.364105
187.560898
102.748566
70.0237656
70.0233612
70.0227661
70.0222244
70.0216446
70.021286
70.0205994
70.1176605
82.4767303
82.0766907
73.407402
70.7243118
284.005493
415.085693
345.799255
237.851471
177.730164
139.613068
105.862801
81.0774612
72.0656815
70.5972214
70.1428146
51.0789986
51.847702
50.5073929
50.0279999
50.0277557
50.027401
70.9643478
180.090164
275.55127
213.23848
426.983734
427.758331
263.262695
238.964096
188.544388
129.086105
114.848434
112.439713
104.741043
100.617226
100.282211
100.164749
132.809677
133.681656
109.620789
101.908554
52.8660355
50.7771683
50.0353088
50.0354538
50.0364647
40.0357399
43.5148582
43.1197929
55.8935623
59.1563988
52.1851196
79.917511
260.071411
590.921204
545.158325
237.728439
67.146019
271.545074
330.261169
181.272079
72.2231598
62.6167374
58.0458984
45.7966042
40.0360336
40.0354652
40.0345306
40.0340576
43.5273514
334.636383
377.695099
170.223221
61.1992798
48.5857773
42.7775879
100.033836
100.032822
100.032196
100.031204
100.030571
100.715958
166.529404
165.197937
117.705101
135.385376
145.050888
132.640747
115.305679
102.713364
304.578796
306.934937
161.170685
103.082352
101.38636
100.141434
100.031296
273.719666
443.281677
318.75885
241.841125
322.813782
290.153839
169.777008
108.954315
100.584122
100.081604
100.037994
100.037361
100.037033
100.036636
102.271263
117.01207
342.503143
401.171478
236.490387
122.001312
100.074249
100.058456
100.038277
100.03817
100.037956
288.827423
277.606873
156.422485
408.540344
454.12146
235.455917
113.831398
100.040916
100.04081
100.040436
112.982506
204.639648
186.397919
125.439751
100.042297
50.0419922
50.0408325
52.6904526
86.3721771
253.045593
260.553528
129.672516
353.186096
323.742798
133.043488
50.0397682
50.0393562
119.302223
174.844513
222.559814
162.683502
340.684814
560.501953
580.44519
479.259766
330.764954
596.59845
518.417786
271.793457
100.043388
100.04277
100.042206
100.041351
100.040497
100.039841
101.305954
194.262512
230.993134
163.442505
212.783264
198.288971
133.246002
102.462364
127.147057
115.738152
107.557495
101.316063
100.606522
100.451012
100.044891
100.040474
100.035583
100.035004
100.034698
100.034439
100.033852
100.033478
100.033203
100.032852
100.032684
100.252884
100.031921
100.031174
100.030594
100.030182
100.029587
100.027412
100.027306
100.026543
100.026657
100.025681
100.307274
100.649429
100.203102
100.114441
100.024483
102.947502
101.644203
103.483711
101.669067
100.624168
51.2894478
51.5896072
50.70718
50.2591972
50.021534
50.0214233
50.0237999
50.0236359
50.0225754
50.0224495
50.0205421
52.8514786
51.8488541
51.0111084
100.093468
100.018021
100.01799
100.01799
100.017975
100.01796
100.017899
100.017647
100.017601
101.424011
100.951447
101.087036
100.11097
100.051384
100.017372
109.228874
147.391693
132.175766
110.86512
100.021927
240.572922
392.604401
298.423828
150.02536
100.028618
101.554199
101.842567
104.343224
102.404022
101.813187
100.086021
100.037872
100.301193
100.027191
100.022675
100.021454
100.020706
80.0200653
80.0195084
80.0184631
80.018219
80.0180511
80.0191803
80.0224457
80.0209885
80.0176468
80.0214386
80.0211258
91.7832947
275.055786
335.192993
210.143997
221.105392
861.963013
830.271729
545.936523
313.920105
172.195419
101.44854
100.030121
100.028893
100.184883
100.640266
100.206497
100.026619
100.025894
100.354935
101.210632
100.446922
100.048264
100.022316
100.021149
100.02227
100.081291
101.776367
494.330872
956.669312
983.498108
984.531921
1127.08069
779.026978
375.831268
200.793365
130.10112
116.430336
260.199585
349.327118
252.084152
235.008759
231.498947
170.267105
100.467178
100.032829
100.032227
189.471222
178.212723
123.62249
100.031128
265.316284
531.816101
415.7146
252.235077
281.301758
254.469666
109.260468
100.028931
100.028458
100.027695
147.044464
455.481598
840.200073
684.242004
829.270142
708.278137
703.723877
708.889038
667.014771
662.68042
690.534485
665.045471
360.119507
119.608849
100.031906
100.031212
100.030739
100.030449
100.03006
100.029572
100.028885
100.02845
100.027809
100.027397
100.027191
100.026703
100.025665
100.025841
100.025459
100.025238
100.024223
105.049164
104.576042
101.180428
100.023308
100.023064
269.317688
338.28241
221.298737
121.18483
104.187599
126.642036
153.916779
136.985001
109.545219
101.416283
100.472198
100.157829
100.055603
100.027634
100.027191
100.026985
100.026588
100.152206
100.77446
101.102791
100.295296
186.548157
189.24794
126.474937
100.836067
103.809898
363.575562
422.580078
235.519089
116.343765
100.031044
100.030838
104.825737
105.461418
101.439384
100.029579
101.399864
102.243164
102.76123
120.351471
58.368206
112.50544
124.07534
643.950378
632.900574
503.278442
455.427856
322.870331
254.688187
168.53833
120.600845
609.426941
1036.8761
972.246887
1001.22046
1074.729
611.386902
175.86171
100.036057
100.03582
100.034775
100.034279
105.210876
198.11792
495.905548
497.364319
546.359375
788.179321
769.413879
689.699524
1050.59094
900.115601
722.315918
696.509949
703.824585
621.922241
402.480957
376.331573
382.210754
360.025513
143.15242
100.044739
100.044159
100.043709
100.042908
100.042557
100.041992
100.041626
100.040878
100.04055
100.040222
100.039352
116.279404
136.53595
123.407707
104.396088
100.038612
100.038101
100.0373
102.02977
105.357529
101.651833
100.561432
101.863297
101.388565
100.463882
100.088501
100.03331
100.032913
113.934433
107.312836
102.316299
100.470634
100.05442
488.690369
480.558044
215.221939
109.301819
104.306381
101.435867
100.034592
100.034286
100.03405
103.855057
102.030296
100.765228
100.033585
100.030014
100.029388
100.029236
111.265892
54.8846817
51.5445404
50.0312614
50.0301819
50.0291519
50.0275879
50.026886
50.0264435
50.0259895
50.9636383
156.112335
133.785767
75.2616501
50.0282555
50.0274925
50.0274811
50.0264168
50.0259933
50.0253258
50.0250549
50.0247612
50.0245132
50.0240822
50.0238304
50.0235252
50.0230942
50.0227661
50.0225906
50.0224533
102.290466
137.719009
112.891823
100.424904
100.024338
100.023758
100.023567
148.779449
135.43277
110.944473
100.02607
100.024773
100.024399
100.023926
100.023499
100.02317
100.022804
100.022484
100.022102
100.021698
100.021286
100.0214
100.020836
100.020515
100.02002
100.019814
100.847244
100.243103
100.142899
100.019043
100.01889
100.018654
100.017052
50.0170364
50.0168571
50.0168839
50.0178528
50.017849
50.016716
50.0166473
50.016468
50.0166931
50.0162659
50.0161591
50.0159912
50.0157013
50.0154305
50.0153618
50.0152435
50.0151825
50.0149651
50.0148888
50.0148163
50.0148468
50.1013145
92.0710144
81.0550613
60.0908699
50.0186234
50.0187378
50.0143623
100.014267
100.014236
100.014198
100.014168
100.014
100.013855
100.013626
100.013557
50.0134048
50.0133667
50.0130386
50.0122337
50.012104
50.0120697
50.0120392
50.0120087
50.0119858
50.0119591
50.0121803
50.0118599
50.0120773
50.4310493
50.0284462
50.0148811
50.0145645
50.0120811
54.7890892
55.1334305
52.1796608
50.5189095
50.0137215
80.0134354
80.0132294
80.0132675
81.0690918
80.0543976
80.0120697
80.0115051
80.0165558
80.0166168
80.013382
80.0132523
105.797256
97.7967453
376.285889
349.12738
165.628265
80.0244598
80.0221176
80.0201797
86.3073502
92.8982086
87.7011948
82.1782761
80.0227432
121.882446
119.302361
95.3063126
89.7758331
86.2957306
82.2518921
114.439865
115.338989
114.904945
112.423042
107.589714
122.762054
96.6086044
352.550476
339.234222
400.920868
1445.48926
1828.8634
994.087402
269.262512
105.985115
107.281418
104.100182
103.233917
100.922989
100.029083
100.028427
100.028023
100.02758
100.027107
100.02623
100.064209
100.241646
111.68251
113.637733
105.018478
100.338158
60.0233116
60.0205574
60.9793663
62.6437454
64.3558578
104.459381
119.916862
97.365448
71.4997635
61.9189224
77.4549026
71.4773483
63.5575142
236.925446
292.631592
362.597229
430.949524
407.724487
550.02179
451.389404
228.571106
101.396301
72.2848969
235.337036
679.184692
567.163818
200.295151
67.0643158
63.6745071
61.4780655
100.173546
113.768433
138.55304
128.80658
107.195663
100.030029
103.024559
103.468239
101.306374
71.1076202
71.0008545
70.3141861
70.0996552
70.0562668
70.0326767
70.0262985
99.7343216
120.189423
111.032417
87.3937378
73.1228714
70.1375885
90.4116745
100.046448
86.5111847
73.5570679
82.6031189
426.867737
576.915161
340.359802
126.644203
103.669037
100.326378
100.030724
102.02668
102.923401
100.786392
100.029228
100.028839
100.028557
100.028122
107.628746
107.986549
102.086395
100.027008
100.026466
103.330978
104.115929
113.197327
183.323273
271.224304
247.256729
255.085876
292.432556
216.717163
145.025177
165.812195
268.640991
266.890686
170.153656
229.257034
222.848633
76.463974
40.5473175
41.0101318
40.8378448
40.3809357
40.0379486
40.0371284
40.0361862
40.035511
40.034668
98.4308929
377.427917
1061.2771
885.476074
379.485779
370.475952
301.651215
211.141037
435.770416
298.00351
100.037788
100.036987
100.036438
506.005859
516.200317
282.927338
420.36969
386.332275
148.790665
130.785278
115.528252
103.982231
103.100143
102.055328
157.537384
155.77562
165.355118
149.463959
112.846817
100.034653
161.786194
304.895721
326.283325
205.340012
117.29113
100.037521
100.037018
100.036346
107.919464
133.863907
126.729004
105.892403
186.851974
306.901672
248.586151
240.185379
254.893539
182.211304
182.01236
164.788025
118.864716
100.744476
100.353462
100.041077
100.040665
111.275635
105.71788
101.83606
166.259369
202.312149
344.816681
292.354645
155.862015
100.819351
100.156906
100.042374
100.042191
100.041672
100.041313
100.041031
100.04084
100.324089
100.040337
100.04007
139.579987
175.401154
143.680862
110.417198
104.766914
102.494194
100.912888
50.0393829
50.0386581
50.0377579
50.0369034
50.0362473
50.0354843
50.0353203
159.807632
514.057007
482.939545
189.862427
109.79985
132.184204
1223.39185
1528.94202
1027.14124
1295.56897
1239.10071
779.150085
130.49469
100.036484
100.03524
100.034744
100.034271
100.033684
100.033089
100.032639
100.032532
100.031822
100.031227
105.103188
342.530945
804.092529
782.960754
368.108307
588.63623
484.352966
324.502655
100.496941
100.076118
100.057259
100.032455
100.032181
100.031624
100.031281
100.030876
100.030647
100.030357
100.029999
100.029617
100.029106
100.02861
100.029243
100.029213
100.027443
100.028
100.027718
100.028305
100.028053
100.027924
100.027451
100.023376
100.025253
100.023911
100.021545
100.023979
108.834137
104.005592
101.385712
103.370049
101.485634
106.09893
112.972862
122.324318
125.288315
130.852295
113.650223
103.504349
100.024292
100.02401
103.905823
101.966324
100.809265
50.0237236
50.024025
50.2336655
50.0259361
59.000103
54.4749069
61.5739975
117.315102
113.329437
117.112602
147.584778
130.627731
109.427834
129.215012
143.288208
166.662979
138.600586
111.554489
100.028488
102.624832
103.330963
101.311295
100.312805
100.026169
100.95356
100.124718
100.056839
100.024124
109.630592
105.945114
102.241882
101.215378
189.098572
245.114258
461.808228
655.502441
574.180969
300.456787
139.299606
100.376274
100.033127
100.032082
100.031448
100.030685
100.030182
100.490707
100.029045
100.028732
100.028404
100.027756
100.02597
100.024696
100.024994
100.024506
100.021843
100.020958
100.020256
100.01963
100.019096
100.022766
257.630798
452.17099
394.019012
222.049255
684.841614
740.986755
472.233459
259.751678
163.783356
107.457336
100.366684
100.66954
100.212524
100.030861
100.030258
101.516693
102.591583
100.84446
100.05983
100.027756
100.026993
100.027023
100.026283
100.025055
100.02449
100.023254
100.021599
100.021927
100.021461
100.021095
103.52317
212.370117
240.023987
211.379562
162.545975
116.442986
194.725952
617.807251
820.425537
457.971954
151.313141
65.8111572
60.6618805
60.0291405
60.3857651
60.5987282
60.2237816
68.0483246
140.05368
179.799072
145.153671
87.5375443
64.2440262
60.0271912
60.0264626
60.0260887
60.0257072
60.0246429
60.9248009
60.3877754
60.1342697
60.0228577
60.107029
60.036171
60.02388
60.0212517
60.0201073
60.0982056
60.520813
116.208961
151.765167
139.943604
110.452675
100.067177
214.660706
216.864365
134.644119
100.02359
107.904228
107.605995
103.285866
120.985367
119.909843
105.765518
513.202271
538.423157
1033.42542
1185.49976
1076.20679
673.90094
271.721741
412.442444
855.225891
440.477997
268.491302
222.712769
100.575127
105.223412
104.858749
121.04274
513.596802
928.172241
827.712769
1332.30664
1314.75928
1152.95935
751.739197
452.092133
183.236969
142.757919
112.689102
106.450195
121.307968
116.965126
113.822044
110.010063
102.638878
100.037407
100.037079
100.036407
100.036453
100.035881
124.538254
220.40152
204.933044
128.63237
118.642754
271.872314
759.219727
719.430908
317.652161
351.224487
337.479797
327.755005
195.679337
162.415497
173.822601
205.756531
226.241302
233.098114
205.249634
171.787354
117.109009
118.148544
109.110474
101.718864
100.039253
100.038376
100.037903
100.036934
100.036316
100.035728
100.03508
100.03389
100.032684
100.032089
100.031509
100.030518
100.029785
44.8721619
44.9067955
102.455315
100.409088
100.097466
100.026825
100.061211
100.03804
100.025833
100.025291
100.025116
101.614609
103.842445
102.514519
100.250839
100.023529
100.412338
100.148628
100.023911
100.024216
102.146538
104.312202
102.427437
159.68634
161.498734
123.947807
276.300476
431.682861
712.168335
660.470642
325.234406
128.866028
100.033592
100.032967
100.032555
100.032486
100.032211
100.031754
100.031082
100.030464
100.030655
100.030479
197.743149
483.15036
670.422363
493.711884
224.099228
115.281082
100.035942
100.10804
100.035408
100.034485
100.034698
136.476593
255.357086
417.831665
398.467072
235.899963
126.617065
101.848305
100.039803
100.037514
100.03875
103.156364
101.726395
194.117828
781.864685
719.646606
285.008545
419.385315
462.284149
230.691956
100.047623
100.03524
100.034447
100.033821
100.033234
100.032547
100.516037
100.032234
100.031219
100.030907
100.030685
100.029869
100.02932
100.029221
100.029579
79.3679657
74.0656281
105.588196
79.958847
58.6115532
100.029213
100.029213
209.052307
234.638229
160.660507
110.458374
100.030678
125.322388
114.501511
104.55732
100.029472
100.029297
100.02916
100.02903
100.028641
100.028221
100.027786
100.02755
100.02713
100.026215
110.222229
104.785316
101.58728
100.024712
100.024803
100.027214
100.026939
100.023346
100.024597
100.026581
100.025818
100.02594
100.076782
100.019699
50.0196533
50.019371
50.0189743
50.0188866
50.0188599
53.9228516
51.7825508
50.7159615
50.0185127
50.0185051
50.0184631
50.018425
50.0180893
50.0180855
50.0179329
50.0178413
50.0177231
50.0178452
50.0177879
50.0174522
50.0172272
50.0171852
50.0170822
50.0170174
50.0168571
50.0168571
50.0168533
100.015022
106.865875
106.164978
102.527245
100.498718
100.017662
100.01693
100.014214
366.187927
344.159973
177.271744
100.021683
100.021111
100.020607
100.020103
100.019226
100.018608
100.018791
100.019142
187.08902
175.816376
124.590637
100.022873
100.022064
100.021118
117.008789
111.710312
104.194633
102.269478
101.178902
100.53791
100.020912
100.022072
100.021904
101.601814
100.439529
100.178436
100.082108
95.8761673
175.409515
443.166412
945.100708
1084.83264
730.70813
338.370636
152.975159
107.481857
101.922684
100.029732
100.029015
100.028168
126.205795
120.701355
107.204979
100.026299
100.026024
101.238708
100.070488
100.022377
100.020935
100.020912
100.018867
100.018433
100.017906
181.134125
183.085571
125.28022
100.062088
100.022392
100.021408
100.021652
100.020256
100.019836
100.01886
104.871521
210.755798
260.110748
183.663147
264.716614
492.033569
491.493408
402.020691
359.602234
270.389282
161.324402
109.009674
100.033096
172.464935
1251.43225
1810.20544
1270.17407
542.015259
152.76181
621.893616
522.750122
122.498703
100.033943
100.032372
100.031349
100.030251
100.030434
100.029709
167.403778
155.718765
116.891991
100.027496
100.090492
100.035995
119.701874
112.896423
103.968796
100.024628
100.024017
100.023575
158.196075
146.457932
74.0641785
63.4783707
488.593262
451.094666
182.554138
102.780876
211.966492
490.815704
520.386597
489.175873
510.513275
349.105988
368.751617
254.918564
100.030617
100.030884
100.030098
100.029579
100.029015
100.028503
100.028008
101.225037
101.328148
100.442406
130.233185
128.985092
108.276459
100.026512
100.025124
100.025902
100.025223
100.02491
100.024521
100.023811
100.024323
100.02327
100.02301
101.535118
102.263718
100.605827
100.022507
100.022316
117.000366
117.266853
105.617256
105.986588
105.740936
101.417267
120.407448
299.187988
380.449615
248.9561
128.075165
100.028267
100.027924
102.640251
148.809296
161.16835
127.299927
112.348183
109.014305
102.353584
100.028923
162.522827
166.572083
331.847748
319.839264
168.078857
41.0510597
40.0338058
40.0330467
40.0323448
40.0316467
40.030899
40.0301552
40.0297165
40.0291672
97.2985458
97.6892624
59.0409622
41.2456055
54.048748
380.710999
432.451965
196.850006
57.9769096
100.51535
100.029877
40.1037216
100.414383
40.2370911
40.6827774
40.7784195
40.3685226
40.0244522
100.023834
40.0234566
40.0230598
100.022308
100.02211
100.021446
101.171616
103.096298
102.236435
100.226509
100.019653
120.974335
162.103317
157.1819
122.186028
102.453804
100.023125
100.022003
100.02108
100.020378
100.01976
100.019241
100.018646
100.018684
105.909729
109.906891
105.379974
100.486008
100.017685
100.287361
103.42054
103.651245
100.380951
100.016914
100.017822
100.017418
146.902176
279.851257
239.640533
138.624023
100.026604
100.02655
100.02655
100.022919
103.119949
101.661308
100.650749
100.021088
100.020691
100.020226
100.974197
100.355965
100.197868
100.024826
100.024826
100.023972
100.01812
100.01944
115.32029
108.306267
102.589165
100.017532
100.018753
100.018646
50.0214577
50.0222435
50.0225334
50.9257278
60.5880432
65.2340012
98.7314835
118.396568
228.551651
176.880157
86.6336899
50.02631
50.0260963
50.0257187
50.0253448
50.0246735
50.024128
50.0256805
50.0254021
50.0223045
50.0235901
50.0237274
50.0213013
50.0207634
50.0202141
50.0210304
50.0207291
50.019455
50.0192528
55.9360504
52.1206512
50.7074356
72.7097321
278.801483
385.653595
234.22113
88.7027435
50.0276566
50.0269699
50.0270081
50.0269966
50.0263214
50.0257187
50.0248871
50.0249443
50.0251083
50.0230255
50.0226364
50.0222855
50.0219536
50.0216446
50.0211143
50.0206223
50.0250473
50.0248337
50.0245895
50.0190544
50.9139977
50.2640076
50.1584587
50.0204887
50.0179672
50.0208282
50.0207863
50.0160217
50.0196304
50.0196457
50.0158501
50.0158157
50.0157013
50.015625
50.0157318
50.0152435
50.0152092
50.0150452
50.0152016
50.0149956
50.0149574
50.0149269
50.0148621
50.0147247
50.0146828
50.0144882
50.0144501
50.0143852
50.0143013
50.0142517
50.0141983
50.0141411
50.01408
50.013298
50.0132561
50.0132141
50.0131607
50.0130882
50.012989
50.0128632
50.0126724
50.0123634
50.0119629
50.0119057
50.0118599
50.0118179
50.011776
50.0117264
50.0116882
50.0116577
50.0116158
50.0115623
50.0117645
50.0114098
50.0115891
79.7906113
73.6569824
58.3892593
50.6762085
50.0174141
50.0140419
50.0618896
50.0165939
50.0133247
128.718536
119.022018
93.4141998
80.0186996
80.0166626
80.0154037
80.1509857
80.019928
80.0134201
80.012558
80.0119781
80.0116653
80.0115051
80.0110474
80.0109253
80.0108261
80.0107346
9.9992218
70.0229111
10.443593
70.0393906
80.0135651
80.0109634
80.8380051
112.049484
111.533867
93.2001724
10.0046139
440.753387
431.475403
210.420273
100.021843
100.021065
103.518486
104.643448
101.318825
100.017624
100.018166
50.0704613
50.0323067
50.0156059
50.0158691
56.1145973
332.193085
548.962097
429.585571
195.211945
123.884232
100.028519
100.027695
113.168121
240.938599
278.282043
147.6073
62.6569672
100.038368
59.8481445
61.3176155
53.3220215
50.0275269
50.0269165
60.0242119
85.0137482
133.60907
409.891907
593.184814
389.97522
263.292664
495.925903
696.090576
450.463348
154.961472
63.3298378
60.0310822
75.1295166
119.574936
116.125168
128.267929
99.5248184
71.0753555
276.597473
345.115845
191.977097
81.3416138
60.1155739
126.269325
218.628998
345.512329
574.639526
538.927307
258.102112
101.567299
97.2146988
97.1411743
83.789299
105.12632
101.002586
78.7117615
70.1610489
70.0606232
73.9572983
79.9703064
87.42659
233.766327
247.689667
434.667603
403.426331
250.706665
289.163208
432.146484
312.826111
129.362015
70.0400009
70.0398102
100.038734
182.419861
209.461823
359.469177
470.41803
397.983917
232.102982
127.552055
267.109009
330.158295
213.251633
120.452759
101.595291
101.62867
100.73661
100.524162
100.155701
100.042816
130.579453
255.034576
275.866791
515.262878
458.477814
204.349228
102.7715
104.131592
175.055969
215.128479
167.843262
126.114487
110.96804
140.627609
144.867538
117.890579
103.994141
103.18737
101.520088
120.022949
119.897652
125.859421
154.265228
110.439804
63.209465
44.3720779
40.1301918
186.770126
207.190033
128.837357
71.0736618
108.718346
103.007469
104.804115
102.998207
40.8956223
40.8478279
41.1716805
63.8887711
123.474663
48.2316284
43.8187561
170.864288
109.184052
61.1300735
100.039986
104.853386
190.458069
137.015213
75.4897232
110.783424
108.405342
109.997406
106.600388
164.708115
228.179932
198.280014
159.303909
176.119064
447.725433
509.394104
339.282776
233.065735
166.579254
114.225708
100.108704
100.344391
102.233559
102.528961
100.292671
100.249588
100.108192
100.041977
100.041397
100.655945
128.201065
128.457382
117.192757
163.158707
154.461029
159.156387
