0.0
0.0
0.0
0.0
0.0
0.0
0.0
0.0
0.0
0.0
0.0
0.0
0.0
0.0
0.0
0.0
0.0
0.0
0.0
0.0
0.0
0.0
0.0
0.0
0.0
0.0
0.0
0.0
0.0
0.0
0.0
0.0
0.0
0.0
0.0
0.0
0.0
0.0
0.0
0.0
0.0
0.0
0.0
0.0
0.0
0.0
0.0
0.0
0.0
0.0
0.0
0.0
0.0
0.0
0.0
0.0
0.0
0.0
0.0
0.0
0.0
0.0
0.0
0.0
0.0
0.0
0.0
0.0
0.0
0.0
0.0
0.0
0.0
0.0
0.0
0.0
0.0
0.0
0.0
0.0
0.0
0.0
0.0
0.0
0.0
0.0
0.0
0.0
0.0
0.0
0.0
0.0
0.0
0.0271177106
140.972961
275.020752
323.025818
183.629395
50.5904884
9.99304962
31645.0762
99.99617
99.9965134
99.9967346
99.9967651
99.9967499
99.9968643
99.9968948
99.9971008
103.871193
117.372375
112.227386
103.913589
99.9982376
99.998291
99.9985199
99.9985809
99.999054
99.9996185
102.114632
101.528908
100.678085
100.307335
100.095306
100.000862
137.890076
136.772675
111.682968
100.000496
100.002075
100.012939
100.004005
100.000595
100.000725
100.000732
100.000717
100.000931
100.324249
100.724449
100.204277
100.13475
100.481712
100.140564
100.328255
100.765388
101.042953
101.39399
103.161209
103.877823
122.635544
126.656509
107.857803
100.072876
60.0685501
231.821213
266.537476
144.817215
108.263931
88.3940964
68.6321716
97.6821213
208.468384
185.129013
112.340042
72.1909714
63.2195168
60.2096138
60.0227509
60.0215454
60.0210228
171.792999
535.987488
539.736938
235.482574
79.6096497
143.4207
133.961517
84.165596
61.121254
60.0278091
60.0273361
60.0266647
60.0920944
70.1903381
70.6174927
73.8116226
77.9926453
88.4850998
193.068222
184.929443
102.864014
70.0268402
70.0264969
70.0261841
70.025856
70.0253677
70.0249023
70.0236664
70.0653
75.7621994
75.5322342
71.5611954
70.3409042
285.259674
417.26355
340.57843
216.176697
144.266769
109.636169
88.8047409
75.5168152
70.9890366
70.2890015
70.084259
50.4963951
50.8357506
50.2434006
50.0316696
50.0312271
50.030941
60.3436737
170.828781
272.410706
202.562271
418.675385
410.326141
240.797638
163.509109
116.004158
68.0357437
57.1644516
55.9688454
52.2774734
50.3116226
50.1512718
50.0986061
67.7177582
68.4005203
55.2240982
50.8788719
51.3108063
50.3736763
50.0410576
50.0407295
50.0410385
40.0405464
41.5963593
41.4285049
47.9989777
49.5740356
46.0141296
64.2990112
247.937332
587.815979
540.355835
232.137802
65.5280914
271.528839
318.428741
162.555527
61.4102936
51.5749779
49.2102737
42.9920197
40.0419884
40.0412102
40.0406036
40.0398216
41.6019783
334.485382
364.742004
156.94928
52.5910568
44.140789
41.3666763
100.039482
100.039207
100.038635
100.037903
100.037079
100.338799
154.328903
152.520996
113.380325
121.104309
126.406662
117.253036
107.949478
101.376526
304.915344
306.758423
160.095108
101.473114
100.673698
100.089478
100.03801
272.884033
442.133972
318.221344
235.301453
315.139008
273.357819
157.115005
105.072411
100.291145
100.064117
100.044434
100.044022
100.043892
100.043221
101.030128
108.289917
341.025665
396.259674
227.702469
118.932732
100.061234
100.054329
100.045341
100.045052
100.044464
288.765961
276.690186
154.55925
408.536835
441.182129
221.257858
109.581757
100.048904
100.048508
100.048264
106.1567
199.709167
177.710587
123.123848
100.050179
50.0496216
50.0486107
51.2361565
70.7810822
244.886078
241.844162
117.19294
349.475281
324.134888
133.165665
50.0476227
50.0469093
106.219795
152.555756
205.219086
146.187927
337.798828
560.597351
580.770508
479.281616
267.05658
152.350983
102.480408
100.051575
100.050621
100.049599
100.049141
100.048187
100.047005
100.04631
100.606911
184.326065
204.333588
146.531952
203.947113
182.410858
126.72261
101.22715
114.117027
108.029999
103.753113
100.624084
100.302727
100.225937
100.0457
100.043404
100.040649
100.040108
100.039192
100.038834
100.03862
100.037849
100.037491
100.036873
100.036476
100.130928
100.035538
100.035461
100.035118
100.034492
100.034142
100.031509
100.031548
100.030861
100.031044
100.029945
100.151787
100.30304
100.103874
100.065346
100.028641
51.325016
50.7327919
51.616188
50.7708321
50.3027267
50.6035576
50.7622261
50.3601646
50.1418533
50.0249863
50.024662
50.02705
50.0267754
50.0256042
50.0254021
50.0234261
51.2773895
50.8594246
50.4807358
100.056274
100.020805
100.020744
100.0205
100.020462
100.020439
100.020226
100.020103
100.020111
100.64695
100.439682
100.508682
100.064743
100.034851
100.019745
104.342743
132.256332
119.331108
106.948517
100.026443
239.029541
388.8078
297.601166
150.011658
100.031189
100.709724
100.852295
102.028046
101.094406
100.833565
100.056648
100.034256
100.150124
100.029404
100.025253
100.024033
80.0230484
80.0225296
80.0217209
80.0210114
80.0201569
80.0199356
80.0210114
80.0242615
80.0227737
80.019371
80.0230026
80.0228729
85.288063
274.818787
330.247437
201.811066
216.228241
856.862854
812.922791
534.57373
307.956635
170.708923
100.698769
100.032211
100.031532
100.09861
100.296143
100.107536
100.028915
100.02832
100.170235
100.541527
100.21106
100.036972
100.024658
100.02356
100.024277
100.049957
100.771347
494.047058
958.463196
984.189819
984.554443
1127.08276
762.180359
354.475464
189.275452
125.886856
107.942139
254.010437
346.127258
245.820633
133.440475
101.589287
100.713631
100.231934
100.034966
100.034485
178.595703
166.276138
120.042633
100.033562
264.674377
529.714233
414.49234
181.15593
245.176727
220.466599
109.239075
100.031075
100.030098
100.029846
132.779541
443.575317
838.802002
678.07782
785.126038
659.964294
664.702332
673.242554
662.299988
623.649658
651.24292
646.070435
342.149506
102.287476
100.035667
100.035072
100.034546
100.034149
100.033295
100.032791
100.032364
100.032082
100.031631
100.031334
100.030655
100.030006
100.029053
100.029442
100.028908
100.02858
100.027702
102.190475
101.970665
100.517784
100.026779
100.026512
268.204559
325.324585
210.473297
118.264122
101.914299
113.46936
128.620911
119.977524
105.128433
100.655647
100.230835
100.089149
100.043747
100.031593
100.031212
100.030785
100.03035
100.083908
100.353325
100.495819
100.145897
175.175491
178.387589
122.934113
100.39135
101.724495
362.57959
409.872559
222.545685
112.137581
100.034813
100.034531
102.180977
102.484299
100.669762
100.033562
100.644333
101.023178
101.261986
110.328857
49.479084
98.4420319
104.875267
634.155029
627.972717
500.845428
454.456299
312.831604
233.143814
153.748367
113.859276
607.872986
1037.28809
757.411987
956.983276
883.481812
611.920837
175.898529
100.040802
100.039742
100.039307
100.038322
102.368454
189.492752
488.263489
485.226624
537.685242
766.832275
732.78241
653.754333
1027.93567
872.358765
691.665771
671.73761
682.762207
603.369263
386.022156
338.064606
339.262909
333.783997
118.596306
100.051781
100.051483
100.05088
100.050156
100.049713
100.049171
100.048454
100.048012
100.047562
100.046852
100.046471
108.063591
119.430161
112.828575
102.372734
100.045937
100.045326
100.044746
100.971741
102.474945
100.768745
100.276031
100.870438
100.657738
100.235504
100.06691
100.041603
100.041115
106.644684
103.485825
101.132164
100.234482
100.049774
489.507202
478.682068
214.080994
104.380722
102.036003
100.699333
100.041565
100.041451
100.041138
101.760994
100.934044
100.36866
100.040222
100.037605
100.037354
100.037079
105.297974
52.2790489
50.7412643
50.0376587
50.0371323
50.0365067
50.0353889
50.0343208
50.0336609
50.0325508
50.4447861
147.169373
120.825165
71.7193375
50.033596
50.0331421
50.0328751
50.0317459
50.0310173
50.0305748
50.0300827
50.0294647
50.0289192
50.0284576
50.0282784
50.027935
50.0273438
50.0270538
50.0267334
50.0265007
87.95047
124.063461
108.180283
100.224991
100.028717
100.028366
100.028198
134.57869
123.017441
107.192009
100.029564
100.029312
100.029137
100.028542
100.028107
100.027672
100.02726
100.026878
100.026115
100.025566
100.024971
100.025124
100.024475
100.024055
100.023659
100.023338
100.382156
100.116455
100.072861
100.021744
100.021301
100.021095
100.019646
50.0195732
50.0193481
50.0193291
50.0201378
50.0199242
50.0190506
50.0189171
50.0188255
50.0187416
50.0184021
50.0183716
50.0180702
50.0178795
50.0175514
50.0172234
50.0171013
50.0170593
50.0168648
50.0168152
50.0167694
50.0166702
50.0553474
76.6294022
66.358345
55.6007805
50.022316
50.0222893
50.0172691
100.016945
100.016754
100.016556
100.016235
50.0160446
50.0158195
50.0156937
50.0156517
50.0155945
50.0153542
50.0149117
50.0141029
50.013916
50.0138855
50.0138664
50.0138435
50.0138283
50.0138092
50.0139427
50.0134659
50.013504
50.192997
50.0232658
50.0163116
50.0160294
50.0135307
52.0931015
52.3268127
50.97686
50.2422142
50.0146904
80.0145035
80.014328
80.0145264
80.4863892
80.0373688
80.0137558
80.0134201
80.0175629
80.0175934
80.0150681
80.0150757
93.4985809
88.7270355
378.726196
353.276154
167.409866
80.0251846
80.0234222
80.0215454
82.8424377
86.0628128
83.6171112
81.0478058
80.0235748
106.480064
103.636208
89.0312576
84.599968
82.9281693
81.0562439
106.959106
107.412056
107.12767
106.007828
53.6043053
61.2704239
74.1872864
339.052307
336.759735
400.335754
1395.69556
1829.07068
994.097717
269.264069
102.735649
103.35923
101.890083
101.503395
100.44146
100.029922
100.029594
100.029007
100.028526
100.028038
100.027298
100.043365
100.119225
105.344597
106.346619
102.364616
100.177856
60.0246086
60.0216599
60.4533043
61.2274895
62.0733414
89.2870255
95.0086136
80.6609802
65.8949127
60.95187
68.5746689
65.6125183
61.7541351
237.220688
282.25769
351.582245
428.868988
408.061462
548.66803
435.057312
199.598434
84.5285492
66.8931427
235.358749
678.3302
563.873047
198.301682
63.3095932
61.7097473
60.6973381
70.0957642
76.5916595
89.7773514
85.1578598
73.8289108
70.0327377
71.3708954
71.5785751
70.6105804
70.5182114
70.4691238
70.159935
70.0625
70.0427856
70.0322113
70.0289688
85.7310181
96.2146301
91.1638641
78.8060989
71.5490036
70.0791855
80.1455154
84.8618698
78.1159973
71.7403946
76.0238113
423.075562
578.084534
335.930939
121.126122
101.772499
100.172478
100.033661
100.915871
101.318459
100.368896
100.032578
100.031876
100.031403
100.031181
103.465309
103.675217
100.973785
100.030212
100.029259
101.525635
101.890083
106.383308
169.423996
259.874573
229.491302
239.815704
282.574005
210.870178
133.367599
140.11026
251.642914
247.816544
154.747818
222.505859
220.481079
75.5236969
40.2737007
40.4764595
40.4062271
40.1995125
40.0426369
40.0418549
40.0408173
40.039959
40.0392189
85.5599823
365.372437
1058.17542
875.097107
365.031372
363.65979
300.994934
110.807266
40.0443344
100.043404
100.042931
100.041885
100.041588
505.963776
515.590637
231.550613
239.010117
375.577545
124.524513
116.407471
108.194397
101.96756
101.510452
100.994019
143.449524
142.739365
146.114197
135.053131
108.382401
100.041077
148.05484
291.577454
311.910706
194.937622
113.659744
100.044487
100.044136
100.043777
103.830032
118.949196
115.410477
103.182907
177.899231
296.811646
242.016922
233.023758
235.549286
165.059769
163.458557
152.311188
113.586372
100.366112
100.190895
100.050056
100.049622
105.300919
102.697182
100.892563
152.841385
171.410431
327.73175
288.504669
155.252701
100.41333
100.105057
100.052811
100.052635
100.051903
100.051712
100.051483
100.051094
100.173401
100.050285
100.050133
124.11451
146.536865
126.297081
106.437111
102.211128
101.166885
100.449356
50.0508575
50.0498772
50.048851
50.0479126
50.0467262
50.0458145
50.0449524
150.296661
502.611267
463.305298
176.927094
55.854702
67.3321838
1216.53784
1478.22449
784.161255
1297.10718
825.754333
776.633972
130.570511
100.04422
100.043549
100.042664
100.041817
100.041191
100.0401
100.039604
100.038841
100.038277
100.037537
102.263313
343.443756
802.857605
782.706909
366.857422
584.728333
481.366089
323.810059
100.242073
100.056229
100.047768
100.036835
100.03643
100.036102
100.035309
100.034729
100.034424
100.034149
100.033676
100.033463
100.033096
100.032616
100.032265
100.032181
100.031448
100.031563
100.031258
100.031265
100.030952
100.030807
100.030449
100.026779
100.028397
100.027077
100.024979
100.027077
103.897209
101.703697
100.60598
101.563133
100.707268
102.868279
106.406952
111.585114
113.160278
116.088814
107.00676
101.816582
100.029305
100.02887
101.782471
100.901253
50.3832474
50.0283318
50.0285034
50.1201286
50.029213
54.1731606
52.0729828
55.5455208
108.485603
106.43576
108.30941
127.289833
117.261017
105.487671
115.36409
122.649986
139.554596
122.861351
107.082237
100.033356
101.203484
101.538895
100.607712
100.161079
100.031662
100.442459
100.074547
100.044678
100.030617
104.466721
102.727219
101.044861
100.564049
180.843994
227.8255
450.477356
654.657349
574.649902
299.003387
138.516418
100.204918
100.036667
100.035843
100.034805
100.034386
100.033638
100.230995
100.032715
100.031883
100.031334
100.031242
100.030243
100.028679
100.028374
100.027985
100.025101
100.024132
100.023415
100.022949
80.0220947
80.0251846
252.308228
444.815002
381.987976
200.784439
654.961548
715.807861
446.463684
247.419556
153.928925
104.30162
100.186714
100.318474
100.114929
100.034027
100.033096
100.680344
101.163055
100.393158
100.045204
100.030762
100.030128
100.029457
100.029076
100.02845
100.027748
100.026802
100.024773
100.024841
100.023621
100.023232
101.520164
200.73938
221.530304
182.92894
145.463684
112.282806
187.58078
610.88092
818.116516
448.118622
143.150986
62.9108124
60.3316956
60.0323639
60.1883698
60.2810135
60.1159019
63.7139854
128.878906
154.381805
119.314339
77.212677
62.2094116
60.0304146
60.0298157
60.0290909
60.0285225
60.027813
60.4150314
60.1833382
60.0732727
60.0258179
60.062233
60.0317802
60.0259209
60.024334
60.0233421
60.0572281
60.232933
77.5768356
99.1549454
93.3258514
76.1539078
70.0458832
179.975769
181.776138
103.020981
70.0268402
73.6371689
73.4876633
71.5070114
80.5294495
79.9855728
72.8672638
513.522583
531.513489
1028.03418
1185.37646
1076.84253
666.697021
258.266907
308.84082
534.261902
426.302826
256.837067
217.186432
100.28299
102.40625
102.229866
110.522659
506.16037
928.411865
818.309692
1326.43689
1289.90833
1153.52539
751.869568
452.105774
167.17804
127.171745
107.890251
102.965019
110.339844
108.438309
106.64608
104.781464
101.278122
100.041328
100.0411
100.040421
100.040451
100.039932
112.422905
207.169113
200.369522
128.085968
109.161705
264.50116
758.821289
709.471863
306.894409
261.380768
226.02121
300.749176
169.413879
145.906082
156.695541
179.908157
197.371933
165.296143
120.346245
102.37899
106.140274
108.890907
104.505257
100.879173
100.046539
100.045876
100.044884
100.044418
100.043472
100.042496
100.041855
100.041039
100.040283
100.039536
100.038971
100.038284
40.0376968
42.1840248
42.2092896
101.12867
100.210526
100.066895
100.033684
100.048607
100.037727
100.031532
100.030701
100.030029
100.766441
101.872025
101.255943
100.140152
100.02803
100.202072
100.084572
100.028061
100.02829
101.028458
102.077522
101.197754
147.868668
148.511124
115.515625
273.551056
431.477051
712.082764
658.260864
322.363861
127.680847
100.037544
100.037376
100.037125
100.036377
100.036079
100.035843
100.035767
100.034859
100.034729
100.034447
187.657059
471.268982
666.615845
482.109802
209.967834
110.920853
100.040924
100.07225
100.040398
100.039543
100.039711
120.773888
244.315277
414.552979
392.965759
220.723694
120.81617
100.930786
100.045654
100.043686
100.044945
101.448181
100.810593
185.687286
769.491882
716.330933
282.573853
305.964996
277.381317
228.412857
100.046661
100.040306
100.039658
100.038712
100.037956
100.037369
100.248062
100.0364
100.035477
100.034805
100.034203
100.034004
100.033493
100.033051
100.033096
50.0324821
62.0269814
84.4803085
67.417778
105.084457
50.0329552
100.032852
202.566208
208.420609
144.864578
106.501694
100.034393
112.93969
107.292969
102.320541
100.033775
100.033356
100.032738
100.032433
100.032341
100.032028
100.031784
100.031303
100.031189
100.030922
104.633179
102.131706
100.727898
100.029137
100.029167
100.029877
100.029488
100.027382
100.028023
100.029045
100.028709
100.02874
100.049728
50.0227699
50.0226822
50.0223579
50.0219116
50.0217896
50.0217171
51.7530632
50.8017921
50.3308716
50.0208511
50.0206604
50.0203934
50.020401
50.0201874
50.0199776
50.0198669
50.0198593
50.0197258
50.0198479
50.0195999
50.0190277
50.0189629
50.0189171
50.0187454
50.0186424
50.0185852
50.018364
50.0182762
100.016647
103.117767
102.884544
101.179321
100.247841
100.019463
100.018715
100.015991
370.783386
344.167969
177.563766
100.023651
100.023109
100.022438
100.021904
100.021027
100.020386
100.020576
100.020897
175.498581
162.588943
120.690002
100.026093
100.024902
100.024124
108.212616
105.590233
102.020821
101.044884
100.542427
100.253578
100.023384
100.024376
100.023972
100.722649
100.205765
100.088943
80.0503693
87.6332321
165.354706
435.697021
945.446655
1085.16992
730.673889
330.648376
144.970825
103.586823
100.917778
100.031509
100.030632
100.029839
113.47776
110.536674
103.683464
100.028221
100.027489
100.560738
100.046379
100.025063
100.023239
100.022827
100.020241
100.019836
100.019341
169.846298
172.510757
121.874832
100.042831
100.02446
100.022972
100.023399
100.021935
100.021217
100.020348
102.141869
201.623413
238.191559
166.293533
259.524017
491.78714
489.208923
400.177856
356.65799
255.249451
146.668671
104.84977
100.034851
159.308289
1238.646
1806.24927
1270.15906
534.50354
143.37323
90.6340866
514.527771
113.698875
100.036057
100.034416
100.033455
100.032425
100.032326
100.031326
155.553986
142.846298
112.961182
100.029198
100.056587
100.032578
109.667686
106.28241
101.950699
100.026543
100.025948
100.025291
144.68161
93.5494232
70.1666336
61.5915108
488.702362
445.028473
178.481766
101.378212
207.58252
485.605408
516.73877
487.406311
474.871521
347.707306
284.151062
254.636688
100.032356
100.031975
100.031418
100.030846
100.030579
100.02993
100.029411
100.542023
100.589371
100.209267
116.032845
115.023811
104.217552
100.029037
100.027779
100.028214
100.027565
100.026955
100.026596
100.025787
100.026474
100.025406
100.025085
100.673126
100.987549
100.274765
100.023735
100.023483
108.119179
108.332756
102.68924
102.781929
102.69928
100.678383
110.250702
291.503723
377.149719
246.577652
126.913254
100.030586
100.030296
101.185219
131.433258
138.726593
115.848343
105.908951
104.276276
101.13063
100.031906
148.577515
151.208054
326.248322
318.621979
166.222107
40.5136299
40.0370712
40.036129
40.0353127
40.0344925
40.0334549
40.0328751
40.0321884
40.0314865
84.5957642
85.3266373
54.6541595
40.5841484
46.9103699
375.726562
420.720154
185.695465
54.0774765
40.2637138
40.0324783
40.0643539
40.2021446
40.1237335
40.3160515
40.365715
40.1824722
100.027306
40.0265045
40.0259323
40.0254135
100.024834
100.024078
100.023712
100.536781
101.462738
101.059166
100.117218
100.021988
111.351608
140.255341
137.156357
112.648018
101.251953
100.026604
100.025436
100.024826
100.024368
100.023491
100.022736
100.022034
100.021797
102.796066
104.856133
102.724953
100.259438
100.020805
100.141296
101.657372
101.749245
100.191231
100.019318
100.019722
100.019066
132.732208
267.04187
237.145538
139.114471
100.027962
100.027855
100.027802
100.024765
101.4086
100.751869
100.304359
100.023102
100.022507
100.021965
100.447273
100.171509
100.101982
100.025475
100.025223
100.02491
100.019531
100.020836
107.297897
103.935951
101.247231
100.01944
100.02037
100.020203
50.0226479
50.02314
50.0234566
50.4210243
54.9794464
57.3966675
80.2120819
90.7877655
216.453461
172.953796
86.66436
50.0281563
50.0277061
50.0273743
50.0269699
50.0266342
50.0262489
50.0269279
50.026783
50.0250854
50.0258865
50.0257187
50.023407
50.022831
50.0220909
50.0228462
50.022747
50.0212708
50.0207062
52.60886
50.90411
50.3113632
61.4782791
279.384888
384.692688
232.86232
88.3241196
50.0286026
50.0278473
50.0278015
50.0277634
50.0268555
50.0266457
50.026001
50.0258446
50.0257645
50.0240822
50.0234604
50.0230064
50.0226593
50.0223351
50.0219116
50.0213051
50.025322
50.0253029
50.0252037
50.0197678
50.4082031
50.1222801
50.0782585
50.0209465
50.0184212
50.0214462
50.0212631
50.0166054
50.0201874
50.0200691
50.0162697
50.0162354
50.0162125
50.0161934
50.016346
50.0158653
50.0156479
50.0155258
50.0156136
50.0154114
50.0153732
50.0153465
50.0153122
50.0150948
50.014946
50.0149078
50.0148659
50.014801
50.0147171
50.0146637
50.0146065
50.0145454
50.0143242
50.0133171
50.0132751
50.0132332
50.0131836
50.0131111
50.0130157
50.0128899
50.0126991
50.012394
50.0119972
50.01194
50.0118942
50.0118523
50.0118103
50.0117607
50.0117226
50.011692
50.0116539
50.0115967
50.0118027
50.0114479
50.0116272
66.2770691
60.9694214
53.9786835
50.3557968
50.0184364
50.0148277
50.0373154
50.0174294
50.0141296
116.682343
109.015572
90.0294952
80.0224838
80.0203857
80.0188446
80.0780334
80.0210419
80.014595
80.0139771
10.0014267
70.0240707
80.0121307
80.0119476
80.0115814
80.0111313
80.0110016
80.0111465
80.0113297
80.1998291
80.0243378
80.0135727
9.99926662
70.37397
96.7897415
95.5942841
86.6232071
80.8971252
449.867249
431.148438
210.494797
100.022865
100.022049
101.56868
102.088272
100.600906
50.0189857
50.0188866
50.0420189
50.0234756
50.0159378
50.0161362
52.7245827
331.828094
551.931641
423.896301
188.764008
121.855225
100.02874
100.028336
56.1899338
236.621033
262.676697
131.43779
57.4939232
50.0341263
54.568058
55.304039
51.5657654
50.0283813
50.0277519
60.0259132
72.8422318
113.286484
397.324707
592.085815
379.440765
256.957581
490.924194
695.313171
442.428802
149.62767
61.6745262
60.0324821
67.2885437
100.143318
94.5881958
104.178238
84.6222382
67.0759964
276.720886
339.35025
181.999405
78.2797928
60.0724411
112.432892
202.426422
336.826782
573.711792
538.440063
255.173264
100.505714
84.0844116
84.0116196
76.7806778
88.428215
86.4809875
74.6114349
70.0943756
70.048912
71.7947769
74.6367035
78.396904
229.852173
238.612976
427.287598
391.997986
231.920502
277.907043
430.04953
313.12146
129.379395
70.0440521
70.0434952
70.0426941
140.543472
154.847916
315.177704
438.997101
363.146301
194.621902
94.1557541
266.947601
318.09668
200.160568
115.129486
100.76062
100.758911
100.358055
100.261726
100.097832
100.047577
116.210457
242.317322
256.729156
500.805481
455.316345
204.479218
101.275665
101.897011
161.941086
187.46167
144.765732
113.675102
105.310471
122.654007
125.212051
109.629372
101.901131
101.48111
100.720528
109.873428
109.98764
114.297668
131.437271
88.269455
52.9355736
42.2724953
40.0943184
184.705429
196.072952
108.102173
57.0410919
44.8235092
41.4058647
42.2661781
41.4472313
40.458725
40.4119949
40.5605507
52.6184692
52.4571648
44.4044456
41.7819901
98.7881012
97.7533417
58.0481186
40.0494728
42.2472382
121.23378
124.2481
68.8570709
45.2249641
104.040886
104.913918
103.308907
151.617737
205.208511
175.437119
137.055481
150.277496
433.566711
503.874756
322.909576
205.661407
149.298676
109.742508
100.08754
100.190292
101.096939
101.211029
100.17054
100.147423
100.084175
100.054207
100.05378
100.327209
116.083954
116.463585
108.783211
145.537628
141.141251
139.57074
