0.0
0.0
0.0
0.0
0.0
0.0
0.0
0.0
0.0
0.0
0.0
0.0
0.0
0.0
0.0
0.0
0.0
0.0
0.0
0.0
0.0
0.0
0.0
0.0
0.0
0.0
0.0
0.0
0.0
0.0
0.0
0.0
0.0
0.0
0.0
0.0
0.0
0.0
0.0
0.0
0.0
0.0
0.0
0.0
0.0
0.0
0.00156182004
0.00156182004
0.00156182004
0.00156182004
0.00156182004
0.00156182004
0.00156182004
0.00156182004
0.00156182004
0.00156182004
0.00156182004
0.00156182004
0.00156182004
0.00156182004
0.0
0.0
0.0
0.0
0.0
0.0
0.0
0.0
0.0
0.0
0.0
0.0
0.0
0.0
0.0
0.0
0.0
0.0
0.0
0.0
0.0
0.0
0.0
0.0
0.0
0.0
0.0
0.0
0.0
0.0
0.0
0.00156182004
0.00156182004
0.120567851
17.720274
28.1756191
28.3340569
22.5722446
10.6574249
8.65924072
0.00156173203
0.00156182004
0.00156182004
0.00156182004
0.00156182004
0.00156182004
0.00156182004
0.00156182004
0.00156182004
1.65506947
5.13517475
3.48547339
1.06137121
0.00156182027
0.00156182004
0.00156182004
0.00156182004
0.00156182004
0.00156182004
0.78255856
0.557087362
0.245902479
0.122994065
0.0363540687
0.00156182004
6.00449562
6.22813416
1.87159801
0.00156182039
0.00156182004
0.00523220794
0.00272783055
0.00156182004
0.00156182004
0.00156182004
0.00156182004
0.00156182004
0.126752675
0.277932942
0.0796092898
0.0509228744
0.180596679
0.0535057001
0.132320523
0.282995045
0.425730973
0.493214041
1.21767414
1.26159072
5.03516769
5.00949526
1.52479088
0.0
0.0
15.3567924
19.5789833
11.1382647
9.51584053
5.46364069
1.61166644
7.12835646
19.5048637
15.8071442
11.0127583
3.6542573
0.918279409
0.0
0.0
0.0
0.0
15.282691
56.1523438
45.4579468
22.8154411
10.2308798
21.3535042
15.2667637
6.29307747
0.418127954
0.0
0.0
0.0
0.0
0.0350233689
0.29026109
2.04387379
3.71392107
7.24782801
22.7243214
12.7956409
7.41361094
0.0
0.0
0.0
0.0
0.0
0.0
0.0
0.0
3.03149915
2.39497304
0.598513901
0.0949805826
30.5006828
36.4005127
39.4372025
28.6097755
20.9273872
16.3587532
12.3717566
6.01713753
0.450028896
0.0701535195
0.0
0.2447813
0.375252008
0.0331140086
0.0
0.0
0.0
5.64109993
24.8613834
34.2134094
21.5594406
69.6919098
60.5039902
43.9545555
64805.7852
122.595093
107.66259
104.919899
103.933762
101.409775
100.137634
100.014984
99.9950485
109.996483
109.423767
102.575165
100.579254
100.843605
100.166634
99.9507446
99.9320602
100.028503
40.0285988
41.2472763
41.0228119
44.7206459
45.2596703
43.258522
49.9800186
81.7388611
140.189667
136.3927
81.2578583
46.8220711
96.0869904
110.817291
78.2306824
50.4836159
48.7763062
46.4295044
42.069355
40.0574265
40.0588531
40.0600777
40.0610352
41.5400314
107.351364
114.0494
70.2650528
47.5499306
43.2077408
41.0720444
100.073105
100.074272
100.075111
100.076027
100.076683
100.364037
121.034332
117.597473
104.932243
112.065079
113.662628
110.469246
104.677185
100.883171
151.333069
143.69342
113.153595
101.35939
77.1672363
40.1255989
40.0862274
89.24617
130.586548
91.5004044
88.1383209
117.976044
103.16951
62.7455635
43.5845108
40.4570694
40.1154709
100.102692
100.082291
100.078743
100.072365
101.943016
110.232353
192.240585
218.067261
142.740601
107.497437
100.051743
100.033997
50.0300674
50.0112076
50.0026512
159.166962
110.309349
54.2189484
300.013092
255.214584
49.6742706
105.90654
99.9123611
99.9189301
99.9103775
111.230286
178.603455
143.574509
110.731247
99.8785248
49.925766
49.8912888
52.5606842
75.6383972
170.454193
150.318542
82.0025558
251.929398
156.032913
78.565834
49.8090019
49.8431091
100.553391
132.632767
159.444824
109.305061
247.084244
387.151917
429.111572
394.205933
239.29483
100.685104
54.3039017
49.7976379
49.8001404
49.8397179
49.8802948
49.8499413
49.8173332
49.8515587
101.363525
157.261475
182.870605
134.068954
175.939453
154.382721
118.039894
101.545776
120.799271
59.6811905
55.8974266
50.7985535
50.3446236
50.5076294
50.0074158
50.0001144
50.0027466
50.0119934
50.0211525
50.029644
50.0378952
50.0453758
50.0531502
50.0613823
50.0698814
50.3228645
50.093502
50.0939674
50.0990524
50.1033211
50.1058159
50.0663261
50.0948143
50.0817871
50.0896988
50.1146698
50.3847351
50.6934814
50.2192154
50.1696472
50.1165581
52.264183
51.0707474
52.2969093
50.9646225
50.3745422
50.9904747
51.0521393
50.3678246
50.2016106
50.1154251
50.1154251
50.115284
50.1152649
50.1148911
50.114563
50.1144867
51.8552017
50.915596
50.3901405
100.029175
100.004349
100.004341
100.004562
100.004677
100.004707
100.004959
50.0048256
50.00494
50.8514595
50.4812584
50.5825081
50.0342865
50.0160522
50.0054283
54.2904968
64.2640152
58.2225151
52.5667953
50.0263062
77.9290314
103.380081
78.6356125
57.3968658
50.0049591
51.017662
51.0376015
52.1779556
50.5798607
50.8325729
50.1220398
80.1105042
80.3469849
80.1067352
80.1062012
80.1058121
80.1055984
80.1053467
80.1047745
80.1045456
80.1042328
80.1038055
80.1033707
80.1032333
80.1027222
80.1023941
80.102066
80.1018524
84.1760788
111.337631
117.010628
98.3089676
106.780785
235.130249
191.595978
208.310043
129.801666
95.5357895
80.5972519
80.1008377
80.100975
100.155159
100.34848
100.176605
100.100655
100.100464
50.213131
50.5563202
50.2795563
50.1127586
50.0994453
50.0990829
50.0989037
50.129631
50.8235359
126.884293
221.124527
274.639984
344.575745
451.818298
340.693512
196.702484
112.620483
120.009125
111.558952
131.78949
190.553146
143.655396
77.4950562
52.644268
51.3047714
50.410038
60.0403938
60.0562286
107.979698
99.8032532
72.7477036
60.0571976
140.265244
289.335999
195.672806
97.9060669
60.1614761
60.0413361
60.056942
60.0569916
60.0569763
60.0570107
91.5723114
258.330658
524.395386
422.648071
229.565918
111.677574
106.350952
490.156616
565.381592
327.551727
168.10202
101.071877
72.1122208
60.0414047
9.97964764
60.102829
70.0411377
70.041069
70.0409927
70.0409088
70.0408173
70.0407257
70.0406265
70.0405197
70.0404129
70.0404739
70.0558853
70.0401001
70.039917
9.97833633
60.1172523
74.1483383
73.5359879
70.9321747
70.0389023
70.0388336
82.1477585
158.660995
114.36322
78.0100708
72.6085663
86.8142776
100.502045
86.481514
74.2144241
10.0717068
90.9904327
100.108513
100.068085
100.035652
100.035385
100.035149
100.035095
100.128815
100.495216
100.653
100.181023
142.028168
130.853363
108.974342
100.416351
102.227364
226.036591
208.67514
142.501282
106.145058
100.030235
100.030121
103.322922
103.065079
100.792175
100.028732
100.849319
101.262627
101.627518
112.844574
48.5807343
75.4583206
74.2904587
321.139069
219.334167
282.921326
301.649628
242.536148
178.924713
105.09462
60.1720428
473.267578
893.002075
586.767029
167.169266
40.1233864
40.1233864
40.1233864
40.1233864
40.1233864
40.1233864
40.1233864
44.7581329
100.520874
293.569122
338.150085
501.174683
538.298462
331.701233
152.52861
631.588135
745.129395
403.623413
729.512817
775.008667
699.679443
439.654541
405.959961
432.630859
400.055786
158.27269
100.123383
100.123383
100.123383
100.123383
100.123383
100.123383
100.123383
100.123383
100.123383
100.123383
100.123383
113.924545
128.184952
117.144524
103.262314
100.123383
100.123383
100.123383
101.862999
104.501999
101.47052
100.562805
101.535187
101.168686
100.460968
100.137245
100.083832
100.074074
110.163216
105.426407
101.690323
100.355804
100.067848
267.636658
263.226135
149.145401
108.859131
104.202583
101.343788
99.9834518
99.9779892
99.9672012
103.677254
101.983009
100.684929
99.9060059
99.8671417
99.850975
99.8407288
109.654854
54.3386192
51.2999191
49.9239578
49.9175987
49.8793907
49.8416176
49.8334465
49.8273163
49.821804
50.6661606
99.7452087
89.9526596
61.8784866
49.8496628
49.8360863
49.8322716
49.7946167
49.7924118
49.7916107
49.7912445
49.7913933
49.7920265
49.7931099
49.7945557
49.7964478
49.7988472
49.8016548
49.8049812
49.8090935
74.0270309
116.047531
105.316422
100.019127
99.8888626
99.8957825
99.9304352
118.822189
111.627983
103.608139
99.9517746
99.9432297
99.9510422
99.9598312
99.9686432
99.977005
99.9840851
99.9914017
99.9984436
100.005905
100.01947
100.018829
100.023499
100.028191
100.03334
100.039108
100.740746
100.140228
100.100349
50.0608711
50.0669746
50.0729065
50.0605392
50.0697632
50.0795212
50.0908203
50.0760956
50.1018677
50.1033974
50.1033974
50.1033974
50.103157
50.1028633
50.1024933
50.1024551
50.1023369
50.1021805
50.1021461
50.1020126
50.1018944
50.1013374
50.1012115
50.1009712
50.1008987
50.1640854
62.3637848
58.0240784
52.64188
50.0998421
50.0996857
49.9823532
49.9821701
49.9818916
49.9816895
49.9816933
49.9817314
49.9819489
49.9818535
49.9815865
49.9816132
49.981575
49.9802818
49.9773064
49.9764633
49.9762611
49.9763985
49.9763222
49.9759026
49.9756546
49.975811
49.9758415
49.9766388
50.2109642
49.9798965
50.0018311
49.9757309
49.9764252
51.6594048
51.4357681
50.4197807
50.0737915
50.0898438
80.0893326
80.0886841
80.0884323
80.5102386
80.0933685
80.0870361
80.0867233
80.0859909
80.085495
80.0853043
80.0845871
86.240509
83.7825851
113.658478
104.287552
87.6110535
80.0821075
80.0813675
80.0809631
81.6249619
82.6673126
81.3149643
80.4180374
80.0787354
16.9493828
75.5205688
82.0804138
11.7338104
71.180542
80.3973923
102.537857
102.221329
52.41008
51.7335281
51.1414642
53.5795631
56.4410095
82.5171127
76.0100098
91.8334198
257.527771
369.244751
227.280792
88.9717636
53.2681732
53.2625542
51.9382172
51.4537697
50.4857788
50.1082115
50.1091385
50.1097221
50.1100197
50.1102486
50.1103783
50.1257248
50.2101059
55.2031136
55.1718559
51.9474525
50.1497536
60.042347
60.0255508
60.3542747
60.8682861
61.3408508
72.5265961
75.2821198
68.9000473
62.6719933
60.4930382
65.1788101
62.8883362
60.9010506
96.6180115
105.473488
124.784935
141.205826
144.074951
227.173218
159.258224
115.305023
74.0631943
64.474823
145.163177
312.714966
187.375656
95.7364044
64.3177109
62.1263657
60.8889809
65399.3203
108.825523
120.615173
111.922287
102.962143
100.040726
101.723228
101.718727
100.585953
100.640968
100.509544
100.154274
100.091026
100.052162
100.041588
100.039467
115.91674
120.654778
115.228226
105.620743
101.029594
100.11322
110.358002
111.283432
105.501831
101.16983
106.22821
240.455658
252.365479
166.6371
116.021324
101.387947
100.148499
100.036255
101.249062
101.350357
100.36129
100.034988
100.034691
100.034157
100.033745
105.015778
103.427612
100.865715
100.032417
100.04998
101.926735
101.670822
107.164001
134.901505
168.275558
148.170868
173.324402
181.782654
134.396835
119.984123
140.016464
189.842255
166.994446
124.53083
182.724243
144.271881
52.2621498
40.4080238
40.8079643
40.593853
40.3057899
40.1233864
40.1233864
40.1233864
40.1233864
40.1233864
70.5585022
168.881042
619.017883
376.443939
241.076141
368.923828
274.402222
99.1901321
40.1233864
40.1233864
40.1233864
40.1233864
40.1233864
332.391235
321.859619
135.834
56.9127617
47.9926796
64.9302444
69.0663452
114.451996
103.990997
103.069443
102.141472
145.346771
142.349167
156.355972
140.216919
109.755386
100.123383
149.004532
264.156982
302.083282
199.383179
117.54734
100.123383
100.123383
100.123383
108.079163
130.890503
123.536446
105.314491
171.669006
290.33847
242.089981
264.109253
292.591217
204.463196
208.408356
184.731522
123.94603
100.984528
100.50293
100.12204
100.11322
111.801071
106.090828
101.966003
153.438965
189.183746
371.079712
301.084595
159.045319
101.005486
100.164841
100.015732
100.014977
100.010284
99.9917603
99.9803467
99.97509
100.298447
99.990303
99.9705353
134.009689
162.788681
135.882034
108.325256
104.844978
102.591141
100.865913
49.8842049
49.871151
49.8626633
49.8546486
49.847126
49.8401871
49.8667412
111.419868
317.494812
282.771759
130.621536
58.7975159
79.9805908
1097.63525
1336.33508
653.315918
145.901794
49.8833961
50.178421
49.8849792
49.8423691
49.7959518
49.7937622
49.7952576
49.7972794
49.7998314
49.8028603
49.8063583
49.8103409
49.8149071
104.518341
216.919281
451.985474
458.640137
255.883362
127.267876
99.9420853
99.923111
100.531494
100.030228
99.9909592
99.9589081
99.9661331
99.9753571
99.9849548
99.9937363
100.002869
100.012337
100.021568
100.030304
100.038673
100.046356
100.060928
100.068489
100.068192
100.07592
100.082863
100.092346
100.09803
100.101646
100.108574
100.068535
100.078209
100.107117
50.1125145
50.101799
56.2198257
52.4297752
50.914463
52.2359047
50.7666206
53.4585114
56.0958786
58.8742485
59.1603546
60.4339066
54.1411438
63.8596687
50.1183891
54.2577477
52.2320557
50.7668533
50.39748
50.1175308
50.1173325
50.2794304
50.1172943
54.008255
51.4859009
54.3550911
105.791664
104.333466
105.732849
113.975121
108.118889
102.424133
110.03653
112.910553
119.538284
109.044861
102.68985
100.009674
101.670113
101.618286
100.387497
100.095695
100.008965
100.698334
100.064941
100.022011
100.030968
104.574249
101.578629
100.597336
100.825737
126.43132
138.217209
220.491302
254.782333
224.535156
143.505203
109.971779
100.270493
100.11409
100.114296
80.1143036
80.1142273
80.1141663
80.5580521
80.114151
80.1141663
80.1139297
80.1138611
80.1137238
80.1135864
80.1134491
80.1130219
80.1127853
80.1127625
80.1126633
80.1119766
80.1118317
80.1117325
120.331116
155.370819
144.123108
113.988708
248.112213
234.375
204.595428
135.167191
121.799149
103.100296
100.294029
100.442368
100.21315
100.116997
100.117088
100.892738
101.300957
100.532478
100.138847
100.117149
100.117149
100.116997
100.116989
100.116989
100.116989
100.116882
100.116692
100.116669
100.116669
100.116402
101.93338
131.242828
135.397125
130.802094
116.797813
104.73056
125.651558
218.012848
222.730072
165.109085
88.2291565
62.6516609
60.3823051
60.0502625
60.2298698
60.3490753
60.1698151
64.2508926
92.0616837
104.781273
91.0117188
69.6888351
61.6481056
60.0353889
60.0352745
60.0352669
60.0352783
60.0355759
60.4916801
60.2379951
60.1031036
60.0511093
60.0872154
60.0570145
60.0509033
60.0341187
60.0339813
60.0822868
60.2994728
56087.0586
118.904922
111.115425
102.93219
100.043877
135.178604
123.560516
107.276421
100.031502
103.224838
102.224518
101.072075
108.170631
105.205765
101.611198
245.403809
179.684219
478.857117
419.961609
585.775513
346.997955
184.852402
294.435089
239.011383
144.580856
104.25985
102.178688
100.514053
104.953537
103.830994
117.727745
410.989929
752.499878
719.363892
755.280273
492.510101
421.371399
648.740479
468.008484
168.248566
136.141785
110.73111
106.261391
119.350586
114.444336
112.185631
108.583939
102.251984
100.032227
100.032097
100.049438
100.031403
100.031189
119.182686
181.457031
157.375778
115.00267
115.357964
218.829636
605.995605
638.076111
301.089783
122.848686
114.589531
351.933533
177.96225
150.235413
161.520874
196.722427
227.225189
189.012573
172.094528
178.514633
126.5532
117.343323
108.671005
101.683067
100.123383
100.123383
100.123383
100.123383
100.123383
100.123383
100.123383
100.123383
100.123383
100.123383
100.123383
100.123383
100.123383
43.9779091
44.0209656
102.016342
100.392097
100.170837
100.123383
100.146759
100.130806
100.123383
100.123383
100.123383
101.153915
102.466743
101.604156
100.259315
100.123383
100.357368
100.197716
100.123383
100.123383
101.32383
102.432549
101.350105
127.502243
127.600426
111.717712
159.746399
215.323441
351.201752
361.673584
228.138229
119.321098
100.123383
100.115158
100.108452
100.109871
100.118904
100.082466
100.093338
100.08239
100.071655
100.079315
160.608673
364.52655
599.348877
498.879791
244.627228
120.652412
100.024399
100.105026
100.010033
99.9791107
99.9756699
134.834381
263.629028
454.502747
468.33783
279.941925
137.268585
102.338036
99.8800201
99.8411026
99.8577423
53.4423332
51.8222961
123.399857
675.33783
594.068726
215.62204
51.4662933
101.958702
99.9030762
99.8753204
99.8446503
99.8076019
99.8037796
99.8005524
99.797966
100.397217
49.8484497
49.8026047
49.7917595
49.7913895
49.7915306
49.7921715
49.7934265
49.833252
49.8730011
66.6212769
80.248703
65.2517242
54.4466896
99.8747559
99.8885651
146.971176
164.127899
123.935242
104.157013
99.9310684
115.453987
106.558098
102.05275
99.9378128
99.9466019
99.9559479
99.965126
99.9905548
99.9895935
99.9918289
100.000221
100.009377
100.017883
106.350708
101.861328
100.655121
100.048203
100.054832
100.063622
100.073586
100.074905
100.074005
100.082603
100.09613
100.091339
100.131386
50.0847702
50.095005
50.1028481
50.1070709
50.1100082
50.1098175
52.5621643
50.682045
50.3379974
50.1097984
50.1096573
50.1095047
50.1091537
50.1088943
50.1086235
50.1085472
50.1085472
50.1085472
50.1084099
50.1082497
50.1078987
50.1076469
50.1074715
50.1073494
50.107296
50.1071587
50.1067848
50.1065598
99.9948425
103.111557
102.174179
100.676575
100.135422
100.015823
99.9915161
99.9915237
142.721741
132.189987
110.326042
99.9936142
99.9935989
99.9936142
99.9938202
99.9938431
99.9943237
100.016563
99.9945679
119.240303
112.003113
103.972771
99.9947281
99.9948273
99.9955368
105.376892
102.202766
100.764221
101.153687
100.198837
100.087624
80.098587
80.0983353
80.0981216
80.9767303
80.2006836
80.1357498
80.1403351
84.7361603
98.1821671
135.901505
254.37738
292.342957
221.486847
135.367004
96.6869736
82.9328384
81.0411682
80.0974426
80.0978546
80.0978851
91.4435425
87.5222855
82.6640625
80.0974808
80.0974579
80.9053802
80.1120987
80.0966949
80.0964203
80.0962677
100.095695
100.09549
100.095299
121.53286
119.011154
106.040123
100.109787
100.093803
100.093216
100.093086
100.092987
100.092308
100.091911
101.693687
123.579048
131.438416
116.537979
83.1898651
124.169197
127.880363
121.027054
118.40918
98.1222687
69.0278778
53.2355537
50.0938492
74.148407
453.463867
692.947998
569.007324
281.53186
118.079559
65.1493454
60.4752998
60.0571518
60.0414543
60.0407753
60.0407944
60.0410194
60.0573883
60.0575294
99.2870026
89.2344437
69.2854462
60.0413513
60.0959015
60.0475349
72.4429092
66.9314499
62.2599831
60.0411797
60.0411758
60.0414009
88.7417145
78.8964462
66.0067596
61.7851372
228.462387
165.760086
94.8162079
61.4440727
26200.1738
289.903259
274.580444
344.64386
287.476685
208.585251
137.667343
100.040825
100.056152
100.040314
100.039963
100.039734
100.039566
100.039421
100.039528
101.102272
101.060425
100.338646
121.238708
116.353371
104.810371
100.038475
100.054359
100.037926
100.03772
100.037529
100.037575
100.053757
100.037071
100.036743
100.036766
101.0084
101.259872
100.346268
100.035515
100.035522
110.403549
107.781654
102.573448
102.995712
102.267624
100.56823
110.225151
168.861328
193.712036
140.520004
108.058578
100.032127
100.03196
101.588326
127.969009
125.332085
109.922119
106.800919
103.819046
100.988297
100.02916
137.170166
122.761833
215.018753
159.537827
118.162895
40.5660744
40.1233864
40.1233864
40.1233864
40.1233864
40.1233864
40.1233864
40.1233864
40.1233864
67.0917664
61.0070648
46.8664322
40.6693306
47.5399742
149.406281
151.642746
85.2147141
46.8334618
40.3552513
40.1233864
40.1758385
40.3428574
40.2408524
40.5813675
40.56213
40.3121643
40.1233864
40.1233864
40.1233864
40.1233864
100.123383
100.123383
100.123383
100.93084
101.941536
101.221771
100.216637
100.123383
111.192902
125.346169
120.76429
94.3856125
46.1214828
40.1233864
40.1233864
40.1233864
40.1233864
40.1233864
40.1233864
40.1233864
40.1233864
43.4193802
44.5935593
42.1398582
40.2802315
40.1233864
40.2826233
41.929493
41.6273232
40.2559853
40.1158333
100.123383
100.122002
117.690796
150.991562
133.114136
10.0294819
98.465332
100.065186
100.064751
50.0515862
11.7034798
90.8026505
100.255661
100.01442
100.005966
49.9972153
10.50105
90.1876221
100.048874
99.9803391
9.92622375
90.0128021
9.88659191
89.9483032
106.887596
103.10141
100.750839
99.8421707
99.8591232
99.8490906
49.874939
49.9293442
49.9244728
50.4057121
54.3625145
55.5734215
65.0011749
69.7748413
94.4624252
76.0911179
56.8649521
49.8029289
49.7989845
49.795372
49.7917061
49.7886925
49.7869759
49.8271179
49.8284569
49.7873001
49.8226585
49.8232422
49.7845154
49.7836075
49.8224411
49.8602448
49.8261223
49.7916565
49.7935867
52.6338158
50.6169472
50.0960693
57.6466331
92.6366043
106.843567
75.6212387
55.4020004
49.9528275
49.9295769
49.9316216
49.9361229
49.9156952
49.9173393
49.9222603
49.9460106
49.9501915
49.9404564
49.9461403
49.953949
49.9622307
49.9710732
49.9806862
49.9899178
50.0052452
50.0168686
50.0157852
50.0164261
50.6951294
50.0996437
50.0669861
50.0446587
50.0501823
50.0360527
50.0606117
50.0661316
50.0559044
50.0852127
50.087925
50.0905647
50.0909081
50.0906487
50.0905914
50.0902596
10.0472183
40.1327705
50.0898094
50.0896721
50.0894318
50.0892029
50.0891838
50.0888481
50.0887146
50.088459
50.0882874
50.0881081
50.0878601
50.08778
50.0874481
50.0871696
50.0869217
49.9733315
49.9733353
49.973526
49.9734268
49.9733276
49.9730949
49.9727058
49.9722672
49.9710236
49.969696
49.969696
49.9695358
49.9697113
49.9695168
49.9694977
49.9693146
49.9692383
49.9691925
49.9691811
49.9691582
49.9690094
49.9698792
59.102787
55.7031631
51.7898102
50.1265144
49.9717407
49.9937973
50.0142975
49.9705963
49.9706383
89.0045395
85.0244827
81.7216263
80.0762939
80.0758667
80.0753784
10.0993204
70.1090164
80.0741119
80.0735397
80.0730515
10.03932
70.105072
10.0391254
70.1035538
80.0703201
80.0701294
80.0692673
72.8048859
10.2233515
70.0996017
80.0672607
80.0667725
80.3670502
86.2219467
85.2833252
82.0327606
80.2749939
115.866547
109.593536
59.1965904
50.0621109
50.0614815
50.7643547
50.8608589
50.2880211
50.0596809
50.0593948
50.068573
50.0612831
50.0578842
50.0576706
51.2657585
79.2898331
101.41317
93.9268799
69.1209183
53.6378975
50.054882
50.0542336
13.0162029
118.119583
132.88884
115.049377
102.362648
100.054619
102.462967
102.678574
100.821068
100.050583
100.050201
59.9633751
65.2233505
72.7885132
108.157516
135.462708
109.648529
99.3123016
145.358429
188.290741
140.859375
81.2975845
61.1493034
59.9776459
65.9858551
79.5829468
77.4000015
81.789856
71.4549637
63.1820755
115.604324
129.769028
92.1455765
65.8103256
60.0231133
83.8465271
109.461029
145.369339
246.545563
205.34082
113.158073
39955.4805
115.015892
109.981682
105.792519
117.663208
110.44828
102.935936
100.077805
100.036652
101.854156
104.504524
107.614861
171.226486
147.008682
255.819656
182.595337
170.700455
206.85849
259.942047
171.019409
116.843727
100.03656
100.05323
100.037605
154.056091
150.176788
253.357483
294.540283
262.651184
159.731735
112.265579
245.378052
238.835632
156.011002
110.674019
101.351143
101.16925
100.609207
100.376587
100.107414
100.035057
124.44014
203.063583
194.356705
427.492249
274.477386
144.024811
102.863579
103.936981
166.149155
192.061508
151.82724
122.944954
110.160667
139.962524
137.007736
114.399818
103.733459
102.970055
101.467949
118.176018
115.85907
110.652405
121.471901
92.4452972
58.325943
43.6166458
40.2022591
133.77858
145.037643
107.257309
68.5493698
48.1853752
43.3107491
45.0063171
43.077877
40.9635887
40.8985443
41.2148895
58.4593811
57.7208786
46.2319641
43.3161964
82.8971252
80.938591
52.4635391
40.1233864
44.1928749
92.0422058
96.2441483
61.9335899
49.0190353
107.185059
108.340858
104.794243
139.334549
176.288651
161.879105
145.518951
161.716599
356.518372
420.377319
312.52533
242.15271
170.39035
114.189453
100.196297
100.464752
102.415222
102.724022
100.384789
100.339096
100.19191
100.123383
100.123383
100.734108
122.509644
122.089081
113.915855
144.413483
136.688705
147.538574
