0.0
0.0
0.0
0.0
0.0
0.0
0.0
0.0
0.0
0.0
0.0
0.0
0.0
0.0
0.0
0.0
0.0
0.0
0.0
0.0
0.0
0.0
0.0
0.0
0.0
0.0
0.0
0.0
0.0
0.0
0.0
0.0
0.0
0.0
0.0
0.0
0.00234019407
0.00234019407
0.00234019407
0.00234019407
0.00234019407
0.00234019407
0.00234019407
0.00234019407
0.00234019407
0.00234019407
0.00234019407
0.00234019407
0.00234019407
0.00234019407
0.00234019407
0.00234019407
0.00234019407
0.00234019407
0.00234019407
0.00234019407
0.00234019407
0.00234019407
0.00234019407
0.00234019407
0.0
0.0
0.0
0.0
0.0
0.0
0.0
0.0
0.0
0.0
0.0
0.0
0.0
0.0
0.0
0.0
0.0
0.0
0.0
0.0
0.0
0.0
0.0
0.0
0.0
0.0
0.0
0.0
0.0
0.0
0.0
0.00234019407
0.00234019407
0.127805769
40.9000244
53.0114479
49.2463646
23.7717628
3.75701857
0.0025562346
0.00234019407
0.00234019407
0.00234019407
0.00234019407
0.00234019407
0.00234019407
0.00234019407
0.00234019407
0.00234019407
3.2720542
9.24189568
3.44616437
0.00253907684
0.00234019407
0.00234019407
0.00234019407
0.00234019407
0.00234019407
0.00234019407
1.48383975
0.573339105
0.187596977
0.0942279175
0.002905556
0.0146178035
13.7905016
5.96393108
0.0026815522
0.00234019407
0.015596753
0.0180494953
0.00234032329
0.00234019407
0.00234019407
0.00234019407
0.00234019407
0.00234019407
0.436766893
0.216578424
0.00234755245
0.256677628
0.140161633
0.0130371116
0.448015571
0.222026333
0.880613983
0.393564314
2.49504519
1.05051243
10.77456
4.70229149
0.0660982952
0.0
0.0
34.9874687
30.2010021
6.1897893
14.2347174
5.94807911
0.0
14.7365122
36.1249428
19.535574
10.3123598
3.65777516
0.0300790947
0.0
0.0
0.0
0.0
32.4187622
109.429947
72.1993561
12.9197845
0.279695332
36.0698891
19.7523155
1.84370732
0.0
0.0
0.0
0.0
0.0
0.037197236
0.456064165
3.72176862
5.65665102
12.0206175
42.2504425
15.4713802
0.0
0.0
0.0
0.0
0.0
0.0
0.0
0.0
0.0
5.99925518
2.29872227
0.0
0.178751841
63.9538307
71.5555801
51.4771538
34.9853477
25.9813004
16.7878151
6.71473694
0.993896842
0.268495023
0.0
0.0
0.867633224
0.354912758
0.0
0.0
0.0
0.0
12.2885885
48.7558556
63.8888512
29.8860798
133.286896
78.9241333
54.9778442
52.4087143
24.3476658
4.29616499
9.04199982
5.00315094
0.427974403
0.09578228
0.0
0.021063799
23.0835514
10.0472126
0.0
1.83737469
0.857064009
0.0
0.0
0.0
0.0455545448
0.0457236022
2.53897452
1.31700099
10.1404781
7.18474436
3.33201432
21.4005833
86.6523972
188.635117
125.387154
25.7337837
0.113057934
130.480255
100.671249
32.8977051
6.33341837
16.4302788
7.65769053
0.0859460756
0.0877984688
0.0894526765
0.091144599
0.0923739374
3.11205769
154.554474
99.6664734
15.0043983
8.23389626
3.61165547
0.10927964
0.110513024
0.11206758
0.113377124
0.114737615
0.115274772
0.532744169
45.5186081
18.7192574
0.249548823
25.3041954
17.3191986
11.6868382
3.13268399
0.140148237
112.951408
47.635479
1.46797109
1.26208508
0.33869046
0.128463537
0.129369527
106.10685
151.607239
44.3405991
76.616066
132.975555
76.7485962
13.1834574
0.923701227
0.368224829
0.15354453
0.154762462
0.162365779
0.192697629
0.229111597
4.46901703
19.8565063
186.394592
180.297348
40.8857994
3.11298943
1.39763856
0.63200295
1.00152397
0.544597507
0.317230672
204.679672
79.4371109
8.04314613
369.181427
232.056015
37.0228767
0.0270566121
0.0606259145
0.0477746613
0.0345636494
22.4649506
160.705017
64.3130417
0.0
0.0693797544
0.0627129897
0.0
4.09028864
44.4447708
223.382812
144.853592
23.2494164
367.589752
134.90892
0.0
0.0
0.0
94.9458618
136.538895
176.911774
71.4361572
352.235687
560.027954
544.524048
491.302521
201.738663
20.4718094
0.0
0.0
0.0
0.0
0.00292987749
0.0
0.0
0.00369982212
2.53384662
119.842003
127.092102
29.310688
141.136993
72.884903
8.0391798
0.428133518
37.2563934
13.7869854
4.71813679
1.27249599
0.129327878
0.67448473
0.155743197
0.150491655
0.156120032
0.160800368
0.164628536
0.167987198
0.170496985
0.173147753
0.175923422
0.17867665
0.181576937
0.420320958
0.180186614
0.179368868
0.178489327
0.177610025
0.176343128
0.17574358
0.17533806
0.175069392
0.174794406
0.174600363
0.465670675
0.855493307
0.236649752
0.17426984
0.174027458
3.75770712
1.67327011
3.3185513
1.4560039
0.189036474
1.4029578
1.45168805
0.345321655
0.172391936
0.172161132
0.171948805
0.171868145
0.171655908
0.171181932
0.170856386
0.170837536
3.07522082
1.39921379
0.166896552
0.0346389487
0.0
0.0
0.0
0.0
0.0
0.0
0.0
0.0
1.20786476
0.659937799
0.577462673
0.064323768
0.000924315653
0.00144788076
7.61228275
27.5535927
9.16540623
0.000545177318
0.0434529819
57.6814575
92.6581802
26.302927
0.0445937105
0.00154015771
1.28029156
1.3530134
3.42991567
1.00752032
0.646078169
0.200266868
0.159550816
0.39932397
0.158464104
0.157982618
0.157670394
0.157253399
0.156360626
0.155935243
0.155655637
0.154819384
0.154294714
0.15392606
0.153509364
0.152616352
0.152247831
0.151855126
0.151193708
7.83692074
63.6731186
54.8928566
13.8795385
47.3460503
296.465637
131.556396
176.11734
59.7065544
1.8027184
0.149399042
0.149583623
0.14945972
0.494375616
0.334134668
0.148818374
0.148467958
0.147999793
0.771495044
0.528829336
0.20483847
0.148034319
0.146576881
0.146901891
0.20289208
0.192928106
1.91526365
172.003677
304.721558
334.828766
514.509216
698.981323
268.417145
140.789291
52.4109154
2.97006583
24.0076981
180.438446
213.545349
72.361084
6.34398556
1.93822265
1.16080558
0.0957074687
0.0648324415
0.09642151
100.951126
42.0836754
0.0680098981
0.0985123739
170.097855
410.587158
133.619736
0.340587229
0.0670462325
0.0677342266
0.098937653
0.0991198272
0.0991685241
0.0992312431
61.2573051
380.485443
798.366638
424.050751
122.824051
47.5714149
69.2965164
850.918274
740.433167
175.056976
115.730232
44.3100357
0.101781771
0.0683332682
0.0680694431
0.0679419786
0.0678089038
0.0676655248
0.0675106123
0.0673443004
0.0671686307
0.0669809431
0.0667812526
0.0665725023
0.0663529932
0.066475004
0.0972446352
0.0657301992
0.0653654411
0.0654442385
0.0967307314
7.93041515
3.00738716
0.0639050305
0.0633335337
0.0631948411
152.614319
142.446335
29.377655
0.0661438555
4.77406597
30.8116131
47.7275925
13.2281828
1.61966133
0.838747859
0.224575922
0.124192923
0.0901678577
0.056451261
0.0559233129
0.055442635
0.0553511977
0.313961327
1.38122606
0.691754401
0.0531782396
91.9085846
36.6420135
0.875632942
0.45209685
5.54634619
256.129211
167.570663
27.8683414
0.0475066267
0.0456174538
0.0453999564
8.1112318
3.55260515
0.0429377817
0.0426193401
2.76945114
1.39436269
3.8929348
25.8938923
10.1341782
71.3117523
49.2501984
559.138977
221.698242
398.13501
395.091461
258.710144
185.446548
53.3191414
13.8068295
984.789185
1458.10974
465.698364
0.211948618
0.184875309
0.184875309
0.184875309
0.184875309
0.184875309
0.184875309
0.184875309
10.6682768
139.587448
533.724609
412.656219
850.537964
726.39624
263.804779
101.982422
1192.08191
852.267578
177.604446
12.1181564
143.796677
740.315308
356.445862
21.5461788
94.1230621
37.6603889
0.186241627
0.184875309
0.184875309
0.184875309
0.184875309
0.184875309
0.184875309
0.184875309
0.184875309
0.184875309
0.184875309
0.184875309
29.5975876
43.4107437
12.3689022
0.185194194
0.184875309
0.184875309
0.184875309
3.4151051
7.83324623
4.20519209
0.184883147
4.57522202
4.97869778
1.73397946
0.184877753
0.184875309
0.184875309
21.0680618
10.5994081
0.470898002
2.00262642
2.02116942
394.993835
195.088425
7.59559202
19.4329147
10.8498392
0.51099807
0.478787184
0.711349607
0.351954937
10.3478556
6.08730936
0.461888999
0.215599179
0.0
0.0
0.0
16.5191555
6.01585674
0.0658983588
0.0596868508
0.0469166636
0.0
0.0
0.0
0.0
0.0
1.07725382
106.434868
46.0498199
0.146701992
0.0
0.0
0.0
0.0
0.0
0.0
0.0
0.0
0.0
0.0
0.0
0.0
0.0
0.0
0.0
0.0
48.4908562
19.8184109
0.746476889
0.00628662435
0.0157991648
0.0267458893
0.111317813
37.6991692
14.4155436
0.128490776
0.0869702995
0.0958321169
0.107302599
0.11508283
0.123352908
0.130118936
0.135785624
0.141117826
0.145113945
0.14848581
0.157701164
0.153483823
0.155046448
0.156667918
0.158737466
0.16118452
1.11991918
0.312855631
0.159862503
0.15883252
0.157673344
0.156118587
0.155107766
0.154632077
0.154475719
0.154376253
0.154301196
0.154020756
0.153832853
0.153752193
0.153378487
0.152991444
0.152897418
0.152622402
0.152504101
0.152310386
0.152110919
0.15174289
0.151487544
0.151119292
0.150750235
0.150631934
0.150319561
0.149983227
0.213037238
25.603693
9.47034168
0.149164021
0.148566097
0.14814882
0.0
0.0
0.0
0.0
0.0
0.0
0.0
0.0
0.0
0.0
0.0
0.0
0.0
0.0
0.0
0.0
0.0
0.0
0.0
0.0
0.0
0.0
0.214122966
0.0
0.00372330169
0.0
0.0
2.81102371
2.42984724
0.421199113
0.0
0.133534566
0.132709503
0.132278621
0.131605998
0.61029309
0.168765351
0.129739255
0.128859848
0.128085092
0.127735421
0.126944199
0.126056954
11.9860201
4.70372391
69.1068039
28.169817
0.124284439
0.122294396
0.121589035
0.121040061
2.86713862
4.28337431
1.24057376
0.118291281
0.117651358
13.5833597
7.13502455
0.668155849
3.16767383
1.16990399
0.13515009
5.27713585
2.12444401
3.67659378
1.88741577
1.16387331
6.7795701
10.2402124
66.1899338
27.0947704
76.057373
431.628754
498.798248
136.039581
0.14200969
6.88491488
2.73443842
2.55456018
1.20049453
0.189098269
0.16313
0.165936634
0.1600869
0.160374671
0.160393476
0.160512134
0.31840232
0.268032193
11.314743
5.10990953
0.432912976
0.0720046461
0.0718447566
0.0382877216
0.452211797
1.18314552
1.89768231
23.9660187
22.166975
9.59019566
1.85448062
0.0685636178
9.48577118
3.77640104
0.0353875607
76.7923813
67.0051804
105.772209
129.28479
121.337318
272.559174
129.203903
61.771637
15.9770327
1.91608655
165.030029
472.741699
155.477493
2.60633779
6.54242897
2.70990968
0.274538964
0.109793164
16.7505608
33.6772194
10.0738144
0.0662703067
0.0660484582
2.82154179
1.88789678
0.312613606
0.918755233
0.510128796
0.103374816
0.12782611
0.0719884634
0.0635772571
0.0636807904
30.4905281
29.4002838
16.4760208
3.54229164
0.0621342547
0.169162542
19.3093071
14.7077169
3.68208909
0.35883984
11.1941833
258.936279
237.926987
61.2906837
5.55524683
0.956767082
0.0567222945
0.0567325465
3.34455872
1.59172249
0.0549771376
0.0541828461
0.0535910986
0.0525101088
0.0516784191
10.4841328
4.18130636
0.0489989445
0.0487144031
0.0836738423
4.57356167
2.00189018
14.1125898
69.2272034
121.009529
69.5943375
122.226082
136.816681
35.9031448
26.3256264
72.8391266
158.818314
97.2452087
18.0057659
152.797226
55.0454102
0.722282112
0.745242596
1.25075686
0.876268566
0.184539542
0.184408292
0.184408292
0.184408292
0.184408292
0.184470132
62.9976234
240.908234
986.240601
395.277405
246.59523
589.922791
203.046799
0.200850889
0.184875309
0.184875309
0.184875309
0.184875309
0.309318483
665.129639
292.769501
29.3444061
22.6646309
5.66116047
55.3477936
37.5219841
4.09147072
5.07918262
1.27581322
3.23945951
95.3115768
39.8686943
92.6289902
36.4622192
0.186501101
0.184875309
106.168282
295.532959
256.330536
59.8134499
0.190249294
0.184875309
0.184875309
0.184875309
16.0054398
53.939209
19.3427067
0.382314056
156.367325
326.710663
110.778549
285.177338
281.457031
75.2827377
196.891998
82.2676239
7.08989429
5.29610443
1.48017526
0.661153257
0.184875354
25.1443882
12.3599072
1.27395546
127.870491
165.332947
552.237305
241.729523
11.7118177
3.79482722
0.184208557
0.269432604
0.514572382
0.647908211
0.363966256
0.142053783
0.132701546
2.425174
2.27387524
0.438587278
77.7271118
121.877495
42.551899
0.122283101
13.1884766
7.43561316
0.135152847
0.0
0.0
0.0
0.0
0.0
0.0
0.0201674402
132.351593
535.765564
281.63266
33.9616318
0.0
54.6150818
2354.22729
1798.27563
343.557434
0.0286713298
0.0
0.300546825
0.00740541378
0.0
0.0
0.0
0.0
0.0
0.0
0.0
0.0
0.0
0.0
7.99129868
254.405975
699.302917
461.619324
92.1057053
0.135128185
0.0586007722
0.0654215291
0.754255474
0.174105749
0.111045733
0.116731122
0.125672027
0.134965941
0.143068612
0.150561064
0.156499863
0.161332667
0.165463433
0.168997481
0.171619341
0.174481601
0.182437807
0.182530075
0.183235765
0.182942703
0.182563677
0.181851551
0.181159839
0.180342481
0.179325655
0.178594619
0.178382248
0.178325832
0.178282708
0.178170189
10.831461
4.08656168
0.178021759
3.74919987
1.32809103
5.39180136
10.4777403
14.9677362
14.310338
16.8903904
5.21000624
0.17678234
0.176454678
0.176179975
3.72354507
1.30920768
0.175635636
0.175319031
0.175087616
0.337105453
0.17471391
6.82380152
2.55713105
6.75054407
10.0159178
6.32976389
8.91764832
25.8556786
9.49280167
0.131213516
18.7585487
21.0046616
31.9471169
10.112462
0.05065424
0.00819838606
2.63640809
2.45244575
0.410610259
0.00591418426
0.00687340228
0.769490778
0.130696878
0.00896283239
0.0509937927
7.70537472
2.73767567
0.00985049736
0.943373084
50.5275726
62.0028534
191.041626
264.157501
195.508636
43.4633484
0.327440917
0.169889539
0.170363054
0.170862615
0.170857161
0.170900062
0.170993924
0.614899158
0.171068937
0.170894325
0.170700386
0.170544341
0.170283407
0.169896767
0.169746473
0.16923444
0.169040784
0.168785512
0.168293476
0.1675753
0.167306393
0.166851908
86.0484314
129.640366
79.7645569
33.3788147
326.610657
216.197021
161.19075
67.81427
8.61769772
0.437237382
0.694028735
0.425021112
0.174370617
0.174375162
0.174431592
2.25451422
1.23991573
0.26649031
0.188995942
0.196526289
0.17837432
0.185017079
0.194665149
0.195182562
0.173709154
0.173515335
0.173415914
0.173340842
0.173203647
0.172867149
4.26745844
68.1663666
44.0808029
40.2795868
14.3386488
0.172686577
58.5153046
239.884125
258.061218
86.3593445
8.95650387
0.933872759
0.0885181651
0.0864524543
0.30680114
0.424386531
0.16120781
7.50601053
62.5320358
67.8774261
34.0242119
6.66547489
0.0561361238
0.0553188287
0.0552609153
0.0552125275
0.0551556312
0.0555436946
0.647995114
0.207335576
0.0552618243
0.0866838172
0.12372148
0.093721956
0.0865180641
0.0530685261
0.0524786487
0.11766322
0.473173112
15.146039
31.6387596
9.62532139
0.0884397626
0.0499505661
70.2426376
26.097105
0.0496801473
0.0483682305
5.71290302
2.05369234
0.752736449
15.0677509
5.2069664
0.168294445
276.045135
107.338745
682.337036
505.485199
730.176331
250.852127
31.7091751
354.722778
137.609665
3.88131237
5.02059364
1.90754187
0.109673671
8.53710365
3.22268295
35.0291824
593.514221
1111.19678
783.86676
995.858459
365.410858
0.0772653744
0.0557889715
0.089027293
91.2958221
40.3252945
1.18001533
15.0484419
39.2259789
14.7279081
21.5839729
9.8430233
0.0507709756
0.0496255085
0.0493811779
0.0838754177
0.0479858071
0.0475679934
46.2776031
168.023285
62.2814445
0.0844581574
37.4718628
253.235184
1116.44324
654.203247
91.1509171
0.18997243
0.184875309
94.956192
137.283768
44.4826431
119.958069
166.95871
208.263916
97.1996918
11.5097723
0.186109528
28.928009
24.8870811
5.71141768
0.185590193
0.184875309
0.184875309
0.184875309
0.184875309
0.184875309
0.184875309
0.184875309
0.184875309
0.184875309
0.184875309
0.184875309
0.184875309
0.184875309
8.9436903
4.9804287
0.492000073
0.405657679
0.232333079
0.184875309
0.208250612
0.192301184
0.184875309
0.184875309
0.184875309
2.05359888
2.79665422
0.694968283
0.184875309
0.184875309
0.418865681
0.259209484
0.184875309
0.184875309
2.40517592
2.31908488
0.663345814
62.2836456
28.6520519
7.06212378
132.229889
192.560257
446.049377
346.607605
70.7003937
0.188162878
0.184875309
0.184875309
0.184875309
0.857496142
0.811205029
0.184875369
0.184875309
0.184875309
0.943347216
1.88711929
140.511642
556.384644
889.34259
500.054474
91.6754379
4.3876071
2.46047735
2.20089126
1.9020412
0.112128958
1.30203688
82.1455612
349.696655
695.32135
513.99707
153.452835
16.5099068
0.266659915
0.0
0.0
0.00285768881
5.74214602
2.75959849
151.9431
1363.61218
570.571838
8.39982605
2.49531054
1.99589705
0.218832597
0.0
0.0
0.0
0.0
0.0
0.0
0.5614205
0.0
0.0
0.0
0.0
0.0
0.0
0.0
0.0
0.0
30.7142944
52.1150665
15.3361521
0.666553736
0.0
0.0886584371
98.6967392
92.426178
18.1224155
0.0293159094
0.112887613
27.9225197
9.9096508
0.0777424723
0.0899128765
0.102881871
0.114881068
0.123630628
0.154040098
0.140131265
0.146577582
0.151682615
0.15565303
0.158917978
10.7097979
3.58661127
0.165742502
0.170500651
0.16978918
0.17216292
0.171338007
0.17021589
0.169129819
0.168056265
0.167195767
0.165692046
0.216618523
0.164929256
0.164673328
0.1642804
0.163831159
0.163661987
0.163462624
4.15816975
1.34200549
0.16340065
0.163169637
0.163038313
0.162801161
0.162208959
0.161846235
0.161590472
0.161477789
0.161477789
0.161340579
0.161278665
0.160848439
0.160261765
0.160073698
0.15977475
0.159605652
0.159468442
0.159306914
0.158801213
0.158351883
0.0
5.37117958
3.61591005
0.500968158
0.0255362652
0.0252499506
0.0
0.0
93.9482498
34.7495689
0.0
0.0
0.0
0.0
0.0
0.0
0.0
0.027965419
0.0
39.4401016
14.2484732
0.0
0.0
0.0
0.0
9.53366852
3.41773152
0.0
1.68736315
0.421846658
0.0
0.146494776
0.146145254
0.145553321
1.2983433
0.301234454
0.144273117
0.187146783
8.81003284
34.6521187
105.351318
299.545807
344.925171
200.575562
51.1532669
10.7241449
2.12559223
0.471074611
0.144441694
0.144866854
0.144586787
22.7618847
8.66298103
0.144363612
0.143613756
0.143420249
1.07166469
0.22608237
0.14245981
0.141892061
0.141410962
0.140918136
0.140649498
0.140232414
47.9870491
19.350481
0.200576663
0.138578936
0.137660936
0.137977853
0.138106301
0.136588007
0.135533065
0.135269657
3.76877952
50.7539406
44.3602943
9.78361511
68.3338852
133.544907
102.698875
99.1539993
97.8156281
50.567173
9.31420612
0.137914881
0.13845852
55.2339249
900.165466
1007.50208
598.604126
173.837402
15.0919313
1.232517
0.0944547281
0.0960898176
0.0650041848
0.063728489
0.0638456047
0.0643754452
0.0970266536
0.0973891839
79.3765182
31.9274483
0.0664591193
0.0651898012
0.135846362
0.0722954273
22.4823093
8.82363892
0.0652207732
0.064694494
0.0646882504
0.0650560185
56.3637543
21.8650627
0.0979054421
3.02996588
335.882019
139.658157
5.79677486
0.0653132349
132.530792
341.509857
248.44693
319.05954
98.5591583
0.0701864064
0.0655523241
0.066088669
0.09692242
0.0654605255
0.0649139807
0.0645286664
0.0642732233
0.0640719831
0.0642805696
1.7260673
1.0732621
0.188623637
41.4477158
15.2765312
0.062955074
0.0621770583
0.0938922837
0.0610779449
0.0606542155
0.0602777563
0.0603652894
0.0925999284
0.0592066087
0.0585563481
0.0585987903
2.78134108
1.39745665
0.0563575439
0.0555434078
0.0555586778
21.5780182
8.79017735
1.21826077
6.1544323
2.4356842
0.0526501276
21.3729763
135.171585
148.79866
36.9554062
0.0510228425
0.0486340597
0.0483012758
4.15987778
57.3053474
38.7212868
6.87868309
11.825861
4.76216459
0.0436457209
0.042626217
75.9452515
31.4395046
212.622055
78.9865265
2.06286097
0.184221327
0.184177548
0.18425262
0.18425262
0.18425262
0.18425262
0.18425262
0.18425262
0.18425262
56.6421127
23.5654011
1.3760097
0.975330114
15.1601934
223.870071
147.677277
25.6203117
1.08024406
0.184658185
0.184563965
0.543491185
0.572763622
0.184886381
1.13489556
0.893575966
0.185013413
0.184875309
0.184875309
0.184875309
0.184875309
0.184875309
0.184875309
0.184875309
1.42411983
2.3106873
0.637048542
0.184875309
0.184875309
21.1759872
41.1299858
22.8183174
3.17094612
0.184718743
0.184563965
0.184563965
0.184563965
0.184563965
0.184563965
0.184563965
0.184563965
0.184563965
5.63432646
4.90698338
1.03513575
0.184328675
0.18425262
0.343489498
3.02340436
0.911414742
0.184253275
0.18425262
0.184134215
0.184096605
35.2448273
94.3614655
33.3232079
0.18543756
0.199751168
0.223910987
0.207205057
0.18378526
3.92947817
2.02375031
0.300436854
0.18097356
0.173156708
0.160830885
1.79348123
1.09070611
0.16394864
0.21545434
0.282978386
0.173787981
0.0183503963
0.0597148724
12.8823557
5.4033761
0.0
0.0
0.0
0.0
0.0734202415
0.0668154433
0.058815524
0.692199826
7.12770939
8.59031963
25.1953392
30.1980114
78.3851089
27.6850395
0.0
0.0
0.0
0.0
0.0
0.0
0.0
0.0
0.0
0.0
0.0
0.0
0.0
0.0
0.0
0.0
0.0
0.0
0.0
4.36160421
1.21850312
0.0
13.401803
82.2021179
89.767807
22.5981827
0.0935629532
0.100861654
0.0230232347
0.0966719016
0.0377427712
0.0333990306
0.0399815179
0.0468512997
0.0994104594
0.0649100766
0.0701267868
0.0797266513
0.089481093
0.0995223671
0.109186009
0.118661694
0.126803592
0.142064571
0.143196106
0.14172788
0.141017497
1.07073951
0.288208306
0.137442619
0.136592939
0.135177344
0.134171829
0.133728862
0.133322865
0.133110061
0.133091226
0.132991627
0.132797703
0.13248013
0.13223055
0.132055864
0.131681517
0.131350815
0.131081879
0.131063014
0.130707532
0.130414337
0.130202413
0.130027711
0.12965335
0.129322678
0.128935322
0.128878862
0.128461421
0.128174216
0.127918914
0.12755014
0.127038583
0.126850694
0.0
0.0
0.0
0.0
0.0
0.0
0.0
0.0
0.0
0.0
0.0
0.0
0.0
0.0
0.0
0.0
0.0
0.0
0.0
0.0
0.0
0.0
17.618845
7.92032385
0.300623506
0.0494333953
0.0
0.0
0.0136420513
0.0
0.0
17.2521706
6.58954287
0.112459026
0.111356355
0.110888503
0.110151708
0.16823487
0.108959876
0.108236484
0.107399911
0.106931716
0.105814934
0.105296381
0.104742303
0.10343767
0.102894336
0.101953626
0.101004079
0.100379489
0.285228163
0.0998324379
0.0981768519
0.0971169919
0.442501813
12.2688971
7.00977278
0.756191075
0.0932906196
78.486618
33.384388
0.0926207826
0.0903578922
0.0893968642
1.6588757
0.733256876
0.0875076503
0.0868311897
0.110086575
0.109817944
0.0845476091
0.0841734707
0.0839638412
2.73459673
64.6289291
84.2427826
52.3605042
11.8455973
0.097560972
0.079106383
0.0785195082
6.75621557
59.8334694
41.804821
7.28541851
0.10832461
0.0753061026
5.53584242
2.34693193
0.0737337768
0.0729839504
0.0722548887
0.0
9.7773838
22.6696339
95.5275497
119.147804
45.4775581
58.8156815
159.925232
203.583115
72.8154526
4.46790218
0.0
0.0
10.9792595
35.7961197
21.6365433
33.584198
11.782752
0.0
116.681976
101.529907
21.7186852
0.0681620911
0.0
47.2316742
85.4861984
141.134369
307.490051
213.374649
44.1644707
0.254276693
29.4020748
10.6208763
5.20697355
31.7171192
10.569685
0.186334863
0.0655318126
0.0359019712
3.24272799
6.62688828
11.2993555
130.557953
64.2049484
271.560822
115.223892
89.0100632
181.594055
261.01123
72.4962692
0.0861602724
0.0531593226
0.0857249424
0.0544115603
99.2424316
68.4030151
249.642181
289.253723
206.549927
49.8560867
1.71290207
252.447449
199.650131
43.957386
1.92537582
2.52871346
1.23223901
0.782043457
0.382656157
0.0495594032
0.0493715666
50.810173
189.909607
133.753632
545.621826
191.267471
0.854852915
7.03819847
5.63452435
139.511887
140.823608
47.190136
26.3070927
10.6524858
82.0280838
47.3899918
6.37547445
6.31167984
3.00839758
2.34783483
40.3919106
16.5004272
143.598465
122.5728
55.8953094
13.1527929
0.451782554
0.184688106
209.607391
134.26413
75.5637054
26.9860191
2.04823995
6.22262096
7.82510138
3.07036114
0.185335129
1.9095279
2.37420273
41.6360245
20.0730114
1.84612179
6.00994968
96.6858063
42.9227142
0.188343883
0.407788396
8.99069118
116.745201
67.3112869
8.11260319
15.2558737
8.70077896
9.69837952
2.66626072
82.8355331
118.405663
61.8096924
51.2402191
93.070282
496.450928
411.117188
218.0784
178.252213
49.8906898
0.59563601
0.184875309
0.526249707
4.38374853
1.13989067
0.184875309
0.400592595
0.253404468
0.184875309
0.184875309
1.03392684
47.049942
20.4573021
14.7976322
84.4974976
31.7162228
77.9939194
