0.0
0.0
0.0
0.0
0.0
0.0
0.0
0.0
0.0
0.0
0.0
0.0
0.0
0.0
0.0
0.0
0.0
0.0
0.0
0.0
0.0
0.0
0.0
0.0
0.0
0.0
0.0
0.0
0.0
0.0
0.0
0.0
0.0
0.0
0.0
0.0
0.0
0.0
0.0
0.0
0.0
0.0
0.0
0.0
0.0
0.0
0.0
0.0
0.0
0.0
0.0
0.0
0.0
0.0
0.0
0.0
0.0
0.0
0.0
0.0
0.0
0.0
0.0
0.0
0.0
0.0
0.0
0.0
0.0
0.0
0.0
0.0
0.0
0.0
0.0
0.0
0.0
0.0
0.0
0.0
0.0
0.0
0.0
0.0
0.0
0.0
0.0
0.0
0.0
0.0
0.0
0.0
0.0
0.0271177106
140.972961
275.020599
323.025146
183.628174
50.5888252
9.99209213
31111.9609
99.9946136
99.994606
99.9945908
99.9945831
99.9945755
99.9945679
99.9945526
99.9947586
103.868858
117.369881
112.225006
103.911369
99.9959564
99.9959488
99.996048
99.9960861
99.9965668
99.9971237
102.112137
101.526405
100.675583
100.304832
100.092796
99.9983673
137.887573
136.770035
111.680328
99.9977264
99.9992599
100.010139
100.001068
99.9976273
99.9976196
99.997612
99.9975967
99.9978104
100.321129
100.721321
100.201157
100.13163
100.478592
100.137451
100.325134
100.76226
101.039833
101.390869
103.158257
103.87471
122.632263
126.653526
107.854362
100.06955
60.0652695
231.818039
266.533752
144.813324
108.259537
88.3892746
68.6270065
97.6771393
208.463043
185.123199
112.333588
72.1846008
63.2104149
60.1959038
60.009819
60.0106735
60.010788
171.785202
535.98175
539.731079
235.476242
79.603508
143.415894
133.956787
84.1610794
61.1169128
60.023735
60.0232925
60.0229187
60.0874634
70.1860504
70.6138763
73.8087006
77.9897614
88.4821854
193.065659
184.92598
102.859924
70.0229568
70.0227127
70.0223083
70.0218964
70.0214844
70.0211868
70.0204391
70.0623856
75.7600098
75.530159
71.5583801
70.3384247
285.257355
417.260651
340.575317
216.173416
144.263077
109.632034
88.8003616
75.512764
70.9844894
70.2852249
70.0805817
100.49292
100.832283
100.239922
100.028542
100.02829
100.027946
110.341049
220.826569
322.407867
252.558914
468.671906
460.322113
290.793182
213.504333
165.99939
118.030533
107.159027
105.963577
102.272446
100.306389
100.146675
100.093857
117.71331
118.396362
105.219704
100.874451
101.306427
100.369186
100.036514
100.036629
100.037506
40.0372467
41.5932159
41.4255371
47.9962692
49.5716171
46.011673
64.2967682
247.935135
587.813354
540.352722
232.134338
65.5243988
271.525299
318.425018
162.551682
61.4064522
51.5711708
49.2064629
42.9884644
40.0383606
40.0380096
40.0374985
40.0369148
41.5994072
334.482788
364.73941
156.946426
52.5881653
44.1376801
41.3641472
100.037048
100.036629
100.036255
100.035629
100.035225
100.336937
154.327179
152.51918
113.378456
121.102463
126.404381
117.250938
107.947311
101.374359
304.913177
306.756012
160.092331
101.470505
100.671448
100.087196
100.035858
272.882202
442.131531
318.218323
235.298767
315.135559
273.354004
157.110962
105.068123
100.287025
100.060364
100.040802
100.040276
100.039856
100.039734
101.026833
108.286842
341.022278
396.256104
227.698624
118.92878
100.05719
100.050301
100.041229
100.041092
100.040955
288.762115
276.686462
154.55542
408.532593
441.177917
221.253128
109.576584
100.043312
100.043289
100.043114
106.152061
199.704163
177.705765
123.118958
100.044945
50.0446091
50.0437241
51.2316399
70.7770081
244.882263
241.839981
117.188629
349.471161
324.13028
133.161011
50.0433807
50.0431404
106.21624
152.552307
205.215179
146.184082
337.794952
560.593384
580.766174
479.276855
317.051819
241.869507
190.057175
100.046959
100.046356
100.046059
100.045143
100.04464
100.043694
100.043243
100.604202
184.323288
204.33075
146.529144
203.944275
182.408142
126.719376
101.224297
114.114418
108.027664
103.750565
100.621788
100.30056
100.224396
100.043793
100.041428
100.039108
100.03878
100.038292
100.037727
100.03717
100.036507
100.036278
100.035988
100.035454
100.129936
100.034889
100.034454
100.034225
100.033958
100.033424
100.031868
100.032074
100.031364
100.031677
100.031006
100.151375
100.302322
100.102982
100.066383
100.030121
101.324677
100.732315
51.6157227
50.7703819
50.3022995
50.6030922
50.7616386
50.3596573
50.1440773
50.0274391
50.0265846
50.0287247
50.0287285
50.027195
50.0273972
50.0253258
51.2770195
50.8591118
50.4813576
100.057274
100.021652
100.021362
100.021088
100.020927
100.020683
100.020569
100.0205
100.02034
100.646225
100.43895
100.508003
100.064598
100.034554
100.019234
104.342026
132.255554
119.330116
106.946732
100.024651
239.028534
388.806519
297.599396
150.009583
100.029449
100.708008
100.850723
102.026634
101.09317
100.831978
100.055145
80.0337219
80.149086
80.0285873
80.0253906
80.0244675
80.0233459
80.022522
80.0217514
80.0211639
80.0208893
80.0203171
80.0213242
80.0238113
80.0224991
80.0189819
80.0227127
80.0223999
85.2876282
274.818054
330.245911
201.809738
216.227478
856.861572
812.921204
534.57196
307.954773
150.706924
80.6970139
80.0308228
80.030014
100.097443
100.295326
100.106674
100.028099
100.027763
100.169708
100.541313
100.211197
100.03756
100.025497
100.024338
100.02552
100.051102
100.771828
494.047089
958.462769
984.189209
984.553101
1127.0813
762.178162
354.47345
189.273026
125.884537
107.939896
254.008484
346.125031
245.818024
133.437958
101.586792
100.711258
100.229813
60.0333176
60.0329208
138.594315
126.275131
80.041481
60.0325813
224.67337
489.713348
374.490967
141.154648
60.0829391
100.031616
100.031296
100.030815
100.030281
60.0297737
92.7793884
403.575165
798.801514
638.077148
295.147339
419.998993
509.970581
673.237793
662.298218
623.644165
651.236816
646.064697
342.143799
102.282211
100.033966
100.033417
100.033051
100.032928
100.032455
100.032234
100.031815
100.031136
100.030746
100.030479
100.030174
100.029869
100.028954
100.029457
100.028862
100.02845
100.027412
102.190498
101.970932
100.518105
100.027039
100.026901
268.204437
325.324188
210.472244
118.26297
101.913429
113.468796
128.619629
119.97654
105.12722
100.654404
100.229248
100.087921
100.042305
100.030327
100.030197
100.029793
100.029449
100.083199
100.352829
100.495125
100.145302
175.174637
178.386597
122.932892
100.390327
101.723763
362.578308
409.871155
222.543655
112.135445
100.032928
100.032578
102.178947
102.482224
100.667747
100.031853
100.642708
101.0215
101.260712
110.328026
49.477932
98.4408112
104.874107
634.153442
627.971191
500.843811
454.454163
312.829224
233.14093
153.745422
113.856186
607.870178
1037.28516
757.351074
956.978455
883.280579
611.909851
175.888748
100.038078
100.037735
100.037163
100.036591
102.366806
189.491013
488.261505
485.224487
537.683044
766.808167
732.737488
653.743774
1027.92688
872.346375
691.653748
671.725159
682.749268
603.355835
386.016998
338.047028
339.242767
333.769379
118.580948
100.046814
100.046326
100.04599
100.045631
100.045128
100.044617
100.044365
100.0439
100.043594
100.043045
100.042839
108.06002
119.426674
112.825134
102.369148
100.042641
100.04216
100.041901
100.968529
102.471771
100.765717
100.273201
100.867676
100.655037
100.232697
100.064529
100.039345
100.039062
106.642776
103.483986
101.130135
100.232361
100.047585
489.505066
478.679932
214.078674
104.37838
102.033638
100.69725
100.039574
100.039146
100.038795
101.758759
100.932083
100.366554
100.038269
100.036041
100.035683
100.035507
105.296425
52.2778091
50.7396965
50.0361938
50.035862
50.0354805
50.0345879
50.0342865
50.0336342
50.0330925
50.4445686
147.169449
120.824951
71.7188644
50.0332413
50.0329857
50.0326538
50.0321236
50.0316277
50.0312042
50.0306816
50.0300369
50.0297203
50.0294685
50.0289917
50.0286598
50.0282555
50.0279732
50.0278702
50.0273819
87.950943
124.063385
108.180305
100.225082
100.028893
100.028618
100.028488
134.578705
123.017326
107.191734
100.029221
100.028946
100.028877
100.028648
100.028473
100.028343
100.027924
100.027649
100.027092
100.026604
100.026161
100.026237
100.025688
100.025452
100.025146
100.024719
100.382561
100.116928
100.074394
100.023354
100.022896
100.022621
100.02066
50.0203667
50.0201683
50.0200882
50.0207558
50.0207672
50.0196877
50.0194855
50.019352
50.0194702
50.0191498
50.0189133
50.0187263
50.0185394
50.01828
50.0180359
50.0179138
50.0178452
50.0175552
50.0171318
50.0170898
50.0171471
50.0557976
76.6294022
66.3585052
55.6000977
50.0216789
50.0217476
50.0171509
100.016975
100.016846
100.016579
100.016426
100.016296
100.016174
100.016083
50.0159302
50.0158386
50.0158081
50.0153923
50.0146866
50.0143738
50.0143051
50.0140839
50.0140648
50.0140495
50.0140343
50.014267
50.0139503
50.0141411
50.1936111
50.0237541
50.0165482
50.0162697
50.0137711
52.0933418
52.3270531
50.977108
50.2424583
50.0148468
80.0146637
80.0146408
80.014679
80.486702
80.0376816
80.0140686
80.0137329
80.0178757
80.0179062
80.0153809
80.0153885
93.4988937
88.727211
378.726074
353.276093
167.409729
80.0246429
80.0233078
80.0218201
82.8427505
86.0631256
83.617424
81.0483475
80.0239258
106.480225
103.63623
89.0312576
84.6001053
82.9283218
81.056282
106.959236
107.412148
107.127632
106.007591
103.603943
111.270195
124.187119
389.051636
336.758972
400.334808
1445.69421
1829.06885
994.096008
269.262238
102.734085
103.357941
101.888962
101.50219
100.440445
100.029106
100.028938
100.028519
100.027939
100.027786
100.027672
100.043747
100.119522
105.344475
106.346481
102.36499
100.178848
60.0253525
60.0228424
60.4541321
61.2279434
62.0737915
89.2873383
95.0090485
80.6609344
65.8947372
60.9516983
68.5745239
65.6120682
61.7537804
237.220535
282.257263
351.58139
428.867798
408.059845
548.666504
435.05542
199.595963
84.5261841
66.8905945
235.356293
678.328247
563.87085
198.299011
63.3074989
61.7081223
60.6948509
100.093834
106.590042
119.775772
115.156555
103.827011
100.031212
71.3693466
71.5770493
70.6092606
70.5167236
70.4676361
70.1586456
70.061409
70.0418396
70.0311966
70.0281906
85.7303238
96.2137909
91.1629868
78.8050003
71.5478516
70.0781784
80.1446381
84.860878
78.11483
71.7391739
76.0226135
423.07428
578.083191
335.929077
121.124313
101.770775
100.170647
100.031914
100.91407
101.316948
100.367279
100.030739
100.030495
100.030136
100.029976
103.464378
103.674507
100.972939
100.029343
100.028656
101.524971
101.889343
106.382805
169.423431
259.873169
229.489578
239.813828
282.57132
210.867111
133.364349
140.106964
251.639389
247.812363
154.743866
222.501266
220.476547
75.5192642
40.269352
40.4724655
40.4022865
40.195919
40.0393791
40.0387306
40.0382042
40.0374794
40.0368156
85.5573807
365.370178
1058.17297
875.094299
365.028381
363.656433
300.991608
110.804024
40.0406609
100.040184
100.040009
100.039391
40.0387917
445.961182
455.588562
171.548141
107.644424
166.160172
124.514778
116.404877
108.191917
101.965294
101.508339
100.992172
143.447525
142.736786
146.111938
135.050705
108.379684
100.038742
148.052643
291.575134
311.90799
194.93428
113.656357
100.04155
100.041153
100.040688
103.827232
118.946564
115.407829
103.180267
177.896683
296.808655
242.013916
233.02034
235.545502
165.055801
163.454346
152.306931
113.581581
100.361237
100.18618
100.045776
100.045395
105.296562
102.692688
100.888298
152.837265
171.406158
327.726929
288.49939
155.247421
100.407867
100.099556
100.047356
100.047188
100.047012
100.046913
100.0466
100.046455
100.168594
100.045929
100.045639
124.110085
146.532349
126.292397
106.432388
102.206306
101.162033
100.444496
50.0461998
50.045578
50.0446396
50.0439606
50.0435486
50.0426369
50.0422783
150.294418
502.608643
463.302368
176.924088
55.8516884
67.3295135
1216.53528
1478.22144
783.949097
1297.10242
825.353455
776.622498
130.560806
100.04248
100.041161
100.040695
100.040176
100.039612
100.038879
100.038467
100.037895
100.037521
100.036949
102.262733
343.443481
802.856995
782.705933
366.855957
584.710144
481.309174
323.803864
100.240952
100.055489
100.047241
100.035828
100.0355
100.035477
100.035103
100.034714
100.03437
100.033813
100.033325
100.03318
100.03286
100.032684
100.032272
100.032074
100.031868
100.031609
100.031433
100.031021
100.03093
100.030563
100.030464
100.028015
100.029465
100.028633
100.026497
100.028732
103.897285
101.703911
100.607819
101.562874
100.707069
102.868248
106.406944
111.58503
113.160088
116.088257
107.006165
101.815834
100.028862
100.028847
101.781975
100.900909
50.3836517
50.0287399
50.0285645
50.1197357
50.0290527
54.1730003
52.0728416
55.5455093
108.485039
106.435165
108.308792
127.288979
117.260345
105.486694
115.363091
122.648987
139.553223
122.85968
107.080452
100.031693
101.201859
101.537323
100.606323
100.159409
100.030228
100.441467
100.073677
100.043678
100.029724
104.465607
102.726143
101.044739
100.563263
180.843201
227.824615
450.476044
654.655334
574.647461
299.000793
138.513763
100.20256
100.0345
100.033775
100.033424
100.033096
100.032043
100.229965
100.031776
100.031059
100.030815
100.030396
100.029892
100.029572
100.029015
100.0289
100.026443
100.025574
100.024788
100.023911
100.023186
100.02562
252.307907
444.814209
381.986694
220.782883
674.960144
735.806274
466.461884
247.417419
153.926758
104.299416
100.184647
100.316605
100.113213
100.032257
100.031929
100.679245
101.162361
100.392502
100.044701
100.030022
100.029671
100.029449
100.028831
100.028679
100.028534
100.02774
100.025932
100.02636
100.02549
100.024704
101.520798
200.73941
221.530457
182.928543
145.463242
112.282249
187.580261
610.880188
818.115417
448.117126
143.149551
62.9094048
60.3305397
60.0311317
60.1872215
60.2807846
60.115696
63.7136002
128.878876
154.381134
119.313713
77.211998
62.2085686
60.0301132
60.0294914
60.0290031
60.0285873
60.0280075
60.415226
60.1833763
60.0744514
60.0266609
60.0626144
60.0318832
60.0265121
60.0253334
60.0249443
60.0580025
60.2336235
107.577393
129.155533
123.325958
106.153763
100.045746
209.975433
211.775558
133.020157
100.025711
103.636444
103.486862
101.506371
110.529007
109.985199
102.866409
543.52179
561.512329
1058.03308
1185.37451
1076.84009
666.694458
258.264435
382.225708
309.973724
231.225327
219.577194
101.194275
100.280144
102.403816
102.227524
110.520081
506.158112
928.409424
818.307007
1257.82446
1197.34106
1153.51562
751.860107
452.095642
167.168228
127.168465
107.886925
102.961845
110.336716
108.434967
106.642693
104.778061
101.27459
100.038254
100.038162
100.037361
100.03756
100.03727
112.420502
207.166809
200.366684
128.082703
109.158661
264.498047
758.818054
709.46814
306.890594
261.336395
225.909637
300.73761
169.410263
145.902527
156.692001
179.904144
197.367767
165.291672
120.341743
102.352234
106.136108
108.887215
104.501251
100.875465
100.043243
100.042305
100.042046
100.041389
100.040871
100.04023
100.039551
100.039246
100.038773
100.038147
100.037582
100.037216
40.0365639
42.183094
42.2089424
101.128021
100.209862
100.066483
100.034462
100.049057
100.038551
100.033005
100.032356
100.031807
100.766197
101.871803
101.255692
100.141052
100.029076
100.202759
100.08519
100.028809
100.028999
101.028854
102.077873
101.198059
147.868927
148.511246
115.515518
273.551025
431.477112
712.082153
658.259827
322.36264
127.679207
100.036079
100.035805
100.035515
100.035316
100.035042
100.03463
100.03434
100.033722
100.034073
100.033798
187.656433
471.268158
666.614624
482.107727
209.965683
110.918556
100.038467
100.07
100.038177
100.037415
100.037453
120.77195
244.313126
414.550262
392.962585
220.720245
120.812904
100.927391
100.042328
100.040031
100.041298
101.445076
100.807526
185.684479
769.489136
716.327881
282.570984
305.837769
277.161102
228.405502
100.044479
100.038887
100.038216
100.037544
100.036911
100.036392
100.247147
100.035843
100.035095
100.034683
100.034081
100.033813
100.033524
100.032974
100.032921
50.0327988
62.0274467
84.4807587
67.4181366
105.084663
50.0329742
100.032471
202.565765
208.420105
144.863632
106.50103
100.033997
112.939133
107.292465
102.320076
100.033226
100.032928
100.032471
100.032013
100.032097
100.032082
100.031578
100.031197
100.030853
100.030853
104.63343
102.131889
100.728531
100.029953
100.029938
100.029739
100.029678
100.029076
100.029434
100.029182
100.029053
100.028915
100.051033
50.0241013
50.0238914
50.023674
50.0235786
50.02351
50.0232887
51.7532616
50.8021049
50.3324661
50.0223999
50.0222816
50.0220413
50.0219879
50.0217094
50.0214844
50.0210686
50.0209274
50.0208549
50.02071
50.0204964
50.0200195
50.019886
50.019783
50.019558
50.0193901
50.0192184
50.0191345
50.018959
100.017227
103.118073
102.884712
101.179596
100.248116
100.019753
100.019043
100.016327
370.78363
344.167908
177.563568
100.022781
100.0224
100.021904
100.021431
100.020798
100.020355
100.020653
100.02108
175.498413
162.588913
120.689232
100.024948
100.024307
100.023643
108.212311
105.59005
102.020554
101.04464
100.542259
100.253677
100.023872
100.024918
100.024765
100.722939
100.205925
100.089508
80.0507431
87.6333923
165.354568
435.696655
945.445923
1085.16895
750.672485
330.64682
144.969299
103.585365
100.916634
100.03051
100.029976
100.029327
113.477669
110.53656
103.683449
100.028229
100.027748
100.56089
100.047043
100.026749
100.025253
100.025124
100.021416
100.020874
100.020699
169.846939
172.511093
121.874916
100.042953
100.024597
100.023483
100.024017
100.022797
100.02224
100.021286
102.142448
201.623718
238.191635
166.293304
259.52356
491.786163
489.207764
400.176208
356.656067
255.247574
146.666473
104.847527
100.033051
159.30661
1238.64453
1806.24744
1270.15674
534.500977
471.174591
245.868149
100.226128
100.034981
100.034386
100.032883
100.032219
100.031578
100.0317
100.030937
155.553619
142.846146
112.960899
100.029419
100.056755
100.03273
109.66803
106.282806
101.951118
100.027336
100.026749
60.0262794
104.682152
93.5496368
70.1667862
61.591568
488.702209
445.028107
178.481491
101.37796
207.582138
485.60498
516.737732
487.404785
479.757721
347.704285
284.125244
254.631989
100.030769
100.031044
100.030251
100.02951
100.02935
100.029175
100.028893
100.541389
100.58905
100.2089
116.032555
115.023026
104.216675
100.028297
100.027466
100.027916
100.027451
100.027199
100.026894
100.025948
100.026573
100.025429
100.025223
100.673416
100.987732
100.274948
100.024048
100.023956
108.119514
108.333115
102.689514
102.782158
102.699371
100.678246
110.250534
291.503418
377.148987
246.576157
126.911682
100.02887
100.028717
101.184181
131.432098
138.725067
115.846703
105.907242
104.274117
101.128693
100.030296
148.575974
151.206329
326.24646
318.619598
166.21936
40.5116806
40.0351372
40.0344543
40.0337105
40.0330887
40.0325623
40.0319748
40.0314674
40.0311394
84.5954742
85.3261871
54.6534348
40.5837593
46.9100761
375.726135
420.719543
185.694565
54.0766373
40.2627563
40.0316086
40.0637093
40.201931
40.1235046
40.3156013
40.3654633
40.1832962
100.028427
40.0273972
40.0266571
40.0262566
100.026039
100.02533
100.024506
100.53727
101.463417
101.059616
100.11808
100.022957
111.352356
140.255585
137.156662
112.64846
101.251694
100.02636
100.025894
100.025383
100.024521
100.023933
100.023552
100.023018
100.023064
102.79686
104.856682
102.725571
100.260445
100.021637
100.141617
101.657684
101.749504
100.19236
100.02066
100.0214
100.020836
132.732422
267.042023
237.145538
139.11409
100.027466
100.027351
100.027191
100.024765
101.408539
100.751709
100.304329
100.023224
100.022713
100.022308
100.447433
100.171661
100.102135
100.025925
100.025925
100.025749
100.020302
100.02153
107.298058
103.936104
101.247749
100.019951
100.021179
100.020874
50.0232773
50.0240326
50.0242882
50.42136
54.9798775
57.3971329
80.2121201
90.7874374
216.452835
172.952942
86.663475
50.0273552
50.0272293
50.0268288
50.0264397
50.0263138
50.0261383
50.0269394
50.0266228
50.0249252
50.0257263
50.0255814
50.0234413
50.023159
50.0228157
50.0235214
50.02351
50.0223885
50.0219994
52.6091919
50.9042053
50.3121758
61.4782791
279.384888
384.692535
232.861847
88.3234863
50.0277252
50.0272064
50.0273895
50.0272598
50.0264511
50.0262947
50.0258789
50.0260735
50.0259819
50.0245705
50.0241165
50.0234489
50.0231323
50.0228462
50.0225716
50.0221786
50.0256157
50.0254974
50.0254593
50.0210609
50.4086952
50.1226463
50.0793571
50.0220184
50.0194321
50.0221176
50.0220795
50.0174828
50.0209923
50.0208397
50.0169678
50.0167465
50.0166817
50.0166168
50.0167885
50.016407
50.0163612
50.0163345
50.0165062
50.0162926
50.016098
50.0160713
50.0159645
50.0157776
50.0156898
50.0156441
50.0154228
50.0153084
50.0152359
50.0150414
50.0149956
50.0149498
50.0148964
50.0136604
50.0135155
50.0134201
50.0133705
50.013298
50.0132027
50.0130806
50.0128937
50.0125885
50.0121994
50.0121422
50.0120964
50.0120583
50.0120163
50.0119705
50.0119324
50.011898
50.0118637
50.0118065
50.0120125
50.0116615
50.011837
66.2772827
60.9696121
53.9788017
50.355732
50.0183716
50.0147896
50.0373039
50.017395
50.0141068
116.682343
109.015572
90.0281219
80.0215759
80.0198669
80.018898
80.0781174
80.0215988
80.0154419
80.0147476
10.0026798
70.0256271
80.0131226
80.0124817
80.0122986
80.0121536
80.0120163
80.0120773
80.0118866
80.2002029
80.0246964
80.0139542
9.99956799
70.3741531
96.7897415
95.5942841
86.6229935
80.8961563
449.866821
431.148163
210.493622
100.021797
100.021172
101.568344
102.088028
100.600769
100.01915
100.019257
100.042419
100.024193
100.016502
50.0165138
52.7249451
331.828064
551.93103
423.895294
188.762985
121.85424
100.0271
100.027328
106.189384
286.6203
312.675659
181.436676
107.492661
100.033325
104.566978
105.303223
101.56498
100.027718
100.027641
60.0255775
72.8420334
113.286285
397.32431
592.085083
379.439667
256.956238
490.922729
695.31134
442.426971
149.625626
61.6726723
60.0310097
67.287529
100.142166
94.5870056
104.177177
84.6207504
67.0747223
276.719879
339.348938
181.997772
78.2778168
60.0705795
112.431496
202.425293
336.825317
573.710083
538.437561
255.171097
100.503151
84.0817184
84.0090942
76.7782288
88.4256744
86.4782333
74.6085052
70.091835
70.0467834
71.7925491
74.6351395
78.3953705
229.850586
238.610764
427.285278
391.9953
231.917709
277.90387
430.046021
313.117737
129.375687
100.040359
100.040085
100.039581
170.540405
184.844467
345.174286
468.993286
393.142181
224.617661
124.151207
266.94281
318.09198
200.155426
115.124641
100.755707
100.754227
100.353249
100.257324
100.093567
100.043503
116.206825
242.313721
256.724976
500.800964
455.311432
204.474228
101.270889
101.892029
161.935944
187.456512
144.760208
113.669823
105.305191
122.648933
125.206573
109.623749
101.895653
101.475746
100.715187
109.867874
109.982468
114.292427
131.431976
88.2635117
52.93013
42.2672043
40.088871
184.689194
196.06781
108.096786
57.0356407
44.8183556
41.4009018
42.2614326
41.4422913
40.454277
40.407505
40.556591
52.6128426
52.4533424
44.4006233
41.7782745
98.7841034
97.7499084
58.0443268
40.0458069
42.2440186
121.230553
124.244919
68.8538589
45.2215462
104.03743
104.910828
103.305817
151.614548
205.2052
175.433807
137.051834
150.273636
433.562256
503.869843
322.904297
205.655975
149.292801
109.736763
100.081947
100.184868
101.091583
101.205811
100.165604
100.142525
100.07914
100.049431
100.049141
100.322807
116.074142
116.459335
108.779053
145.533081
141.13678
139.566101
