0.0
0.0
0.0
0.0
0.0
0.0
0.0
0.0
0.0
0.0
0.0
0.0
0.0
0.0
0.0
0.0
0.0
0.0
0.0
0.0
0.0
0.0
0.0
0.0
0.0
0.0
0.0
0.0
0.0
0.0
0.0
0.0
0.0
0.0
0.0
0.0
0.0
0.0
0.0
0.0
0.0
0.0
0.0
0.0
0.0
0.0
0.0
0.0
0.0
0.0
0.0
0.0
0.0
0.0
0.0
0.0
0.0
0.0
0.0
0.0
0.0
0.0
0.0
0.0
0.0
0.0
0.0
0.0
0.0
0.0
0.0
0.0
0.0
0.0
0.0
0.0
0.0
0.0
0.0
0.0
0.0
0.0
0.0
0.0
0.0
0.0
0.0
0.0
0.0
0.0
0.0
0.0
0.0
0.0549328215
141.962738
276.92334
324.566559
191.674866
56.6207428
9.99197388
31026.8457
99.9942932
99.9942856
99.994278
99.9942703
99.9942551
99.9942474
99.9942398
99.9944458
106.516838
126.539024
118.586533
105.877563
99.9955826
99.9957657
99.9957809
99.9957733
99.9962463
99.9968109
103.581436
102.599213
101.149544
100.520432
100.158348
99.9982071
142.727081
142.695312
113.278702
99.9971237
99.9988022
100.017136
100.002846
99.9970093
99.9970016
99.996994
99.9969788
99.9971924
100.553406
101.240395
100.347504
100.222733
100.81266
100.2341
100.554695
101.284393
101.769341
102.309181
105.275063
106.272232
131.281631
134.308426
110.234283
100.113846
60.1067734
231.74295
270.025574
149.636841
116.913269
95.2955933
70.6732254
104.511314
215.02713
193.268112
123.303963
78.7501755
64.9414978
60.312294
60.0076332
60.0084877
60.0086021
172.481644
538.81488
540.737976
238.421829
80.8704681
145.171417
140.821259
87.3208923
61.7809029
60.0184822
60.017952
60.0174446
60.1342545
70.3026276
71.0305939
76.3156433
82.9538116
98.5647354
199.4151
185.606415
102.479286
70.0199661
70.0196381
70.0194244
70.0192261
70.0190353
70.0188446
70.0183792
70.0902557
79.5008163
79.1637421
72.5807266
70.5518646
284.707397
416.145081
340.213287
224.189865
161.745712
126.991066
98.7306061
78.7156372
71.5930023
70.4559708
70.1127777
100.813011
101.388634
100.385216
100.026604
100.026436
100.026421
116.384567
225.264023
322.70343
257.685486
473.305878
470.569397
299.544373
222.538269
175.755676
123.896477
111.540993
109.638893
103.670784
100.47905
100.219467
100.130455
126.436081
127.214989
107.752838
101.444366
102.168869
100.593216
100.033836
100.034088
100.035263
40.0350037
42.6529694
42.3622284
52.5301323
55.0778351
49.5525589
72.7325745
254.288147
588.990784
540.969727
233.69426
65.9832382
271.547089
322.643677
170.717743
66.8872604
57.9707031
54.3055878
44.6087685
40.0359154
40.0353355
40.0349426
40.0345726
42.6635742
334.595886
371.34021
163.739685
57.1873932
46.6666145
42.1686172
100.034241
100.034096
100.033539
100.032898
100.032486
100.545006
159.227386
157.940155
115.351837
128.917801
136.633087
126.132614
112.21254
102.142746
304.740387
306.78717
160.657562
102.381012
101.074791
100.117416
100.032776
272.851288
442.075623
318.208282
236.482178
316.912476
281.373962
163.600784
107.249771
100.45108
100.070816
100.037415
100.037331
100.037209
100.036942
101.709885
113.245796
342.059937
396.034973
229.683655
119.805779
100.065262
100.053543
100.038162
100.038116
100.038116
288.735046
276.696747
155.438507
408.547974
445.852722
228.070007
111.592293
100.040367
100.040375
100.039948
109.998009
200.282684
180.751572
123.906448
100.041977
50.041935
50.0408096
52.0369873
79.5595856
249.786789
250.896545
123.909897
351.53418
323.944061
133.104538
50.0403061
100.040039
162.003464
160.300476
211.7677
153.010498
388.823486
610.600464
630.601074
529.266541
583.99292
388.46814
196.035324
100.043976
100.043335
100.04332
100.042435
100.041779
100.040627
100.040405
100.989677
189.760498
216.171997
154.730911
206.15033
188.892288
129.684326
101.931259
121.643028
112.457367
105.916641
101.008377
100.470596
100.348824
100.043869
100.040741
100.03688
100.03656
100.036148
100.035583
100.035233
100.034653
100.034401
100.034256
100.033844
100.196404
100.033264
100.032814
100.032646
100.032372
100.032219
100.029999
100.030144
100.029633
100.029877
100.028992
100.235596
100.492012
100.156136
100.092628
100.02813
102.212852
101.227615
102.658745
51.2678185
50.4810295
50.9860153
51.2289619
50.558403
50.2113686
50.0252075
50.0246048
50.0269547
50.0269241
50.025528
50.0258255
50.0234337
52.1401062
51.4141579
50.7808914
100.078362
100.019989
100.019875
100.019806
100.01963
100.019394
100.01931
100.019257
100.018936
101.074036
100.721771
100.830078
100.090523
100.044022
100.018288
107.073524
139.580566
126.205765
108.973732
100.022713
238.835297
388.981995
297.606384
150.013168
100.028564
101.174408
101.401299
103.324799
101.817223
101.37603
100.072128
80.0363007
80.2325592
80.0276794
80.0243149
80.0233688
80.0222244
80.0213852
80.0208969
80.0203476
80.0199585
80.019516
80.0202942
80.0230637
80.0217819
80.0182953
80.0220337
80.0217133
88.8590393
274.34491
329.566559
203.736786
216.686188
858.037659
822.604065
541.335876
311.449799
151.567825
101.122421
100.03009
100.029137
100.144783
100.483574
100.161224
100.027451
100.027008
100.270592
100.906242
100.34063
100.044151
100.024673
100.023384
100.024483
100.068596
101.314056
494.215027
957.498413
983.815674
984.540894
1127.08008
771.513062
362.195984
192.299362
127.253647
112.771858
257.586792
346.203033
247.818878
136.315277
102.550743
101.167603
100.361252
60.0322304
60.0318146
143.809708
131.717072
81.6474838
60.0316658
224.682678
489.769592
374.795563
141.266373
100.115997
100.030746
100.030319
100.029755
100.02932
100.028847
139.240051
449.669495
839.640137
678.130676
306.264191
466.080017
605.524841
690.157837
663.069092
646.7276
671.929688
655.513733
350.381744
110.386734
100.032326
100.032173
100.031548
100.030983
100.030807
100.030586
100.030113
100.029831
100.029396
100.028946
100.028648
100.02829
100.02742
100.027664
100.027275
100.027046
100.026466
103.741707
103.37851
100.875328
100.025551
100.025383
267.009155
326.100189
211.508698
118.632095
103.178726
121.055832
143.373444
129.950333
107.714478
101.077675
100.363884
100.126282
100.049484
100.028679
100.028191
100.027977
100.027718
100.120338
100.582191
100.826431
100.22702
181.442963
183.975418
124.736084
100.636421
102.877899
363.14743
414.776031
227.336746
113.860443
100.031471
100.031212
103.64283
104.135254
101.09581
100.030174
101.060616
101.697075
102.092415
116.096855
54.6245766
104.425247
113.877777
639.289856
630.90802
502.30658
454.590637
315.235901
240.609436
159.565598
117.127487
608.807373
1037.11255
851.142944
956.199341
989.411682
611.635315
175.871231
100.03627
100.035835
100.035629
100.034622
103.938988
192.302307
490.7547
488.877075
539.968628
772.314453
748.489502
671.064941
1041.08362
886.049377
707.874329
684.065857
691.314209
611.567017
393.548401
360.115479
360.150085
348.167694
132.879593
100.044014
100.043449
100.043167
100.042793
100.042244
100.042038
100.041641
100.041061
100.040688
100.040611
100.040184
112.693863
129.233551
118.95768
103.554672
100.039574
100.039238
100.038971
101.563492
104.079361
101.2556
100.431351
101.421532
101.06369
100.361023
100.077965
100.035851
100.035538
110.756165
105.641373
101.801193
100.363747
100.051201
489.140381
479.808411
214.740524
107.151657
103.311943
101.113274
100.036285
100.03624
100.03624
102.920601
101.539551
100.58744
100.035667
100.032654
100.032211
100.03199
108.64743
53.7350845
51.1910515
50.0337944
50.0333786
50.0325775
50.0314713
50.0307121
50.0302544
50.0298653
50.7300529
151.915375
127.402969
73.3376846
50.0309753
50.0303192
50.030098
50.0290985
50.0286598
50.0282288
50.028038
50.0277748
50.02742
50.0271378
50.0269279
50.0264587
50.0261078
50.0260162
50.0255699
50.0252495
94.3609543
130.705353
110.487053
100.342636
100.026871
100.026512
100.026558
140.817245
129.180038
109.045242
100.028122
100.027512
100.02739
100.027031
100.026344
100.026031
100.025665
100.025467
100.025162
100.024918
100.024376
100.024551
100.024033
100.023643
100.023407
100.023064
100.635689
100.184158
100.111603
100.021744
100.021217
100.020943
100.019264
50.0192184
50.0190163
50.0188751
50.019577
50.0195656
50.0186539
50.0185814
50.0183411
50.0184784
50.0181885
50.0181313
50.0179672
50.0176353
50.0172958
50.0171661
50.0170021
50.0167351
50.0165482
50.0165062
50.0164642
50.0165215
50.0802078
84.8766632
74.3835373
57.9961014
50.0199356
50.0200195
50.0156136
100.01548
100.015404
100.01532
100.015152
100.01506
100.015038
100.015022
100.015022
100.014938
50.0147362
50.0143051
50.0137367
50.0134354
50.0134087
50.0132332
50.0132103
50.0131912
50.012989
50.0131493
50.0128288
50.0130348
50.3214302
50.0263214
50.0158424
50.0155525
50.0130615
53.5632286
53.8814201
51.6396561
50.3962936
50.0143585
80.0141754
80.0141602
80.0141983
80.8079147
80.0471344
80.013588
80.0132523
80.0175552
80.0174255
80.0150604
80.0150681
100.492577
93.8768845
377.85553
352.287811
166.807358
80.024025
80.0225754
80.0212936
84.7569809
89.9078293
85.9122696
81.6876755
80.0234756
114.612839
112.149155
92.4527969
87.5211639
84.817421
81.7272873
111.20932
111.914139
111.546326
109.678749
105.867744
117.869896
137.261871
397.091339
388.3284
450.699249
1445.58777
1828.95483
994.09021
269.261292
104.541977
105.548798
103.122345
102.472221
100.710464
100.028778
100.028214
100.027878
100.027672
100.027382
100.026917
100.055008
100.185898
108.862854
110.421318
103.856987
100.27166
60.0246849
60.0220413
60.747364
62.0237961
63.3708153
97.2378464
109.092819
90.2399368
69.1554031
61.5068169
73.6436768
68.9555359
62.7832947
237.03804
283.404846
355.156555
429.525146
407.913086
548.657593
443.699829
215.77829
94.1602783
69.9710922
235.278793
678.07489
565.493408
199.422501
65.4201126
62.8073692
61.131916
100.136971
110.651733
130.650085
123.146065
105.808121
100.029732
102.28405
102.624931
100.996384
100.844658
70.7637177
70.2447433
70.0822449
70.0493164
70.0317764
70.0268707
93.7873306
110.10759
102.745636
83.7996216
72.4530029
70.1105576
86.0193176
93.5705719
82.9361877
72.7812042
79.7498398
425.364929
577.575317
338.519196
124.280472
102.851105
100.25779
100.030548
101.52581
102.202339
100.597717
100.029221
100.028885
100.02861
100.028389
105.770332
106.075294
101.592545
100.027489
100.026695
102.52951
103.132042
110.265854
173.651505
261.4953
237.500137
246.514465
283.710388
210.901489
139.164139
154.113068
260.048492
258.451355
163.635788
224.986542
220.346024
75.5489578
40.4221687
40.7678986
40.643116
40.2981567
40.0373611
40.0368347
40.0361748
40.0357056
40.0352173
91.769455
371.186096
1059.93164
881.285278
371.744141
366.213501
301.05246
110.776939
100.038696
100.038055
100.037956
100.037308
100.036781
505.985229
515.93396
235.041397
112.243439
348.239349
138.493988
124.716179
112.427277
103.118195
102.413147
101.593246
149.59935
148.29863
155.35202
142.048996
110.686386
100.036339
153.952423
297.704712
316.870178
198.366226
114.994484
100.038742
100.038116
100.037796
106.136932
127.22747
121.694672
104.72583
180.840622
300.009155
244.492752
234.712952
243.009857
172.664658
171.631638
157.344788
116.047188
100.572983
100.278152
100.042099
100.041603
108.652054
104.389343
101.420654
158.438782
186.938477
337.02301
290.719635
155.636673
100.638557
100.130432
100.043587
100.043457
100.043045
100.042656
100.042618
100.042282
100.252457
100.042061
100.042015
132.38356
162.14798
135.952911
108.636108
103.634804
101.903198
100.704842
50.041748
50.040905
50.0403824
50.0398254
50.0391426
50.038559
50.0382996
154.483612
507.546722
473.260681
184.214828
58.0508766
125.91143
1220.63293
1528.76489
872.513306
1296.31433
1018.92188
778.424988
130.523849
100.038788
100.03788
100.037163
100.036827
100.036423
100.035927
100.035156
100.034691
100.034485
100.034081
103.814621
342.956299
802.44104
782.463562
366.967133
584.975159
481.936096
323.447815
100.381088
100.066513
100.052559
100.033958
100.033478
100.033386
100.033134
100.032768
100.032265
100.031967
100.031685
100.031372
100.03125
100.03109
100.030785
100.030769
100.030159
100.029915
100.029839
100.029839
100.029686
100.029419
100.029251
100.026222
100.027924
100.026917
100.02462
100.026833
106.581833
102.936348
101.027603
102.574173
101.14222
104.683159
110.165756
117.88736
120.303612
124.808426
110.888298
102.796432
100.026558
100.026291
102.960304
101.490959
62.2663116
50.0265274
50.0267677
50.1824532
50.0275497
56.8698463
53.4126244
58.9715118
113.553955
110.37101
113.341614
138.884659
125.019333
107.790916
123.384781
134.6763
154.784378
131.800674
109.590706
100.02919
101.990761
102.537003
100.99659
100.244698
100.028313
100.723564
100.101143
100.050949
100.026749
107.34967
104.51487
101.711624
100.925407
183.933807
232.062988
453.691986
654.663818
574.540527
298.993469
138.83049
100.301888
100.032791
100.032364
100.031975
100.031113
100.030792
100.371468
100.030151
100.029716
100.029419
100.028992
100.028671
100.028053
100.02774
100.027527
100.024994
100.024048
100.023094
100.022316
100.022079
100.02478
272.234039
466.459106
383.713348
229.743408
679.689575
736.656311
468.053711
253.15097
159.270813
106.088287
100.285675
100.511307
100.167618
100.031181
100.030853
101.136559
101.947403
100.641235
100.053246
100.029106
100.028564
100.028168
100.028114
100.027702
100.027435
100.026436
100.024284
100.024994
100.024223
100.023705
102.602394
207.214569
230.822067
197.12056
152.855759
113.987808
189.196655
612.225952
818.591797
453.808167
147.86322
64.5810776
60.5180244
60.029789
60.2964211
60.4549103
60.1746712
66.1305466
132.447083
164.662872
132.017334
82.6796265
63.4059792
60.0285797
60.028141
60.0273628
60.0269699
60.0266762
60.6924629
60.2944489
60.1072044
60.0252075
60.0872574
60.0346451
60.0254326
60.024128
60.0234489
60.0801086
60.3877678
112.399246
142.146912
133.027054
108.693565
100.058205
210.042358
212.010651
133.133743
100.024124
106.016541
105.780769
102.496826
116.54792
115.695389
104.52655
543.38623
565.567078
1061.23694
1185.52197
1076.49951
670.841125
266.002441
565.676636
311.669098
239.575577
220.873199
216.697037
100.443405
103.974556
103.690727
116.568108
510.668518
928.52478
820.458008
1333.47839
1304.1842
1153.00061
751.81958
452.088806
175.757996
135.156494
110.383202
104.906189
116.590523
113.341835
110.723312
107.744576
102.047119
100.0364
100.036156
100.035484
100.035683
100.035179
119.363411
212.945312
201.278137
127.802132
114.571426
268.868591
759.088745
711.332153
309.255768
305.642426
281.095673
310.393219
181.183548
153.194016
164.060791
191.090332
207.586151
172.225555
152.885666
150.132736
109.774101
114.179359
107.145035
101.362129
100.040154
100.039619
100.038986
100.038559
100.037773
100.037384
100.037331
100.036308
100.035873
100.035492
100.034805
100.034554
100.034363
43.6605415
43.6934891
101.862259
100.322037
100.084763
100.031151
100.056694
100.038925
100.029327
100.028847
100.028244
101.243301
102.996811
101.979271
100.204628
100.026443
100.318962
100.12072
100.026764
100.026596
101.659401
103.352211
101.906624
152.888702
154.106995
119.809296
274.984344
431.275818
711.945557
658.251953
322.450989
127.728798
100.03437
100.034096
100.033279
100.033112
100.033012
100.032631
100.032578
100.032059
100.032127
100.031792
192.168121
476.816193
668.470947
485.327698
216.387482
112.902206
100.036316
100.09005
100.035782
100.035095
100.035675
129.616348
250.647034
415.345398
392.49884
226.414993
123.283882
101.458893
100.039688
100.037651
100.039009
102.391731
101.317802
189.200439
775.05304
717.863159
284.004059
322.980133
356.449738
229.749023
100.045746
100.036255
100.035828
100.035233
100.034775
100.034164
100.394325
100.033913
100.032982
100.032639
100.032249
100.031868
100.031425
100.031212
100.031418
64.8174744
68.811554
95.9885712
74.6576233
57.1110992
100.031097
100.030846
203.971558
220.363617
152.820023
108.620224
100.032059
120.055489
111.416534
103.601006
100.031082
100.030968
100.030685
100.030411
100.030273
100.029991
100.029655
100.02961
100.02951
100.029388
107.718811
103.585907
101.202133
100.028183
100.028168
100.028465
100.028328
100.027306
100.027878
100.028015
100.027687
100.027649
100.065674
50.0225754
50.0224228
50.0223007
50.0219421
50.0217361
50.0216331
52.943222
51.3406067
50.5450668
84.5216217
50.020813
50.0204964
50.0205002
50.0202713
50.0200233
50.0199318
50.0196152
50.0194817
50.0195465
50.0194321
50.0190506
50.0188255
50.0187073
50.0184441
50.0183334
50.0183144
50.0182991
50.018158
100.016182
105.189697
104.722137
101.93145
100.390274
100.0187
100.017944
100.015228
367.912964
344.256561
177.316223
100.02182
100.021408
100.02108
100.02063
100.019844
100.019402
100.019691
100.020126
181.610565
169.685272
122.808456
100.023277
100.022583
100.022186
113.193298
109.04277
103.248848
101.726944
100.895279
100.411369
100.022362
100.023758
100.023666
101.206177
100.333237
100.138161
80.0686188
92.2921524
168.164368
437.22406
944.446228
1085.02112
750.664062
334.163147
149.414291
105.801132
101.483559
100.029755
100.029068
100.028625
120.790359
116.368896
105.704811
100.027077
100.026749
100.933128
100.060104
100.025261
100.023895
100.023788
100.02047
100.020004
100.019753
176.419342
178.551575
123.840233
100.053497
100.023354
100.022499
100.022881
100.021759
100.021194
100.020302
103.633408
204.421143
247.485916
174.150894
261.82251
491.700806
489.177856
400.174072
356.655518
262.932617
154.881317
107.288391
100.032265
165.418335
1244.74304
1808.28174
1270.24927
538.828857
570.210205
249.851273
179.76593
118.763023
100.033165
100.03183
100.031097
100.030312
100.030724
100.030006
160.849854
149.003174
114.906952
100.028351
100.075165
100.034431
115.37413
110.036118
103.097984
100.026161
100.025703
100.02523
150.342682
99.3295059
71.9050598
102.642166
448.675171
448.633545
180.858978
102.183296
207.540283
485.78064
516.825378
487.40744
507.4039
347.702728
319.90979
254.475403
100.029816
100.029953
100.029266
100.028931
100.028847
100.02858
100.027962
100.911583
100.990234
100.335938
124.183128
122.991837
106.525154
100.027283
100.02607
100.026855
100.026237
100.025734
100.02533
100.024681
100.025444
100.024506
100.024307
101.140884
101.681458
100.454735
100.02301
100.022957
113.123169
113.388641
104.343925
104.592941
104.425797
101.098587
116.109573
296.206543
377.115723
245.913422
126.887093
100.027954
100.027664
101.985275
140.253128
150.326111
122.144096
109.573837
106.954948
101.821213
100.028908
154.389755
158.105026
328.950012
319.349823
167.283051
40.8160667
40.0336914
40.0329323
40.0326614
40.0318565
40.0312538
40.0306702
40.0303764
40.0296364
90.6309662
90.9530334
56.7341957
40.9529457
50.9827652
378.708527
425.013031
189.450211
55.4839363
40.4081802
100.030472
40.0855484
40.3188705
40.1862297
40.5166016
100.593735
40.2863579
40.0265999
40.0259399
40.0252724
40.0250206
100.024422
100.023727
100.023415
100.886635
102.378197
101.719765
100.179367
100.021767
116.564995
151.767303
147.699463
118.129219
101.949112
100.024902
100.024223
100.023712
100.022888
100.022209
100.021706
100.021324
100.021454
104.541634
107.737801
104.265884
100.39328
100.020332
100.222229
102.657959
102.824402
100.299332
100.01915
100.019638
100.019104
139.184875
273.920654
238.201035
138.788559
100.026596
100.026596
100.026398
100.023087
102.353149
101.252319
100.495079
100.021927
100.021683
100.021339
100.738068
100.272842
100.154823
100.025299
100.025063
100.024681
100.019272
100.020607
111.816971
106.392105
102.004837
100.018837
100.020065
100.019814
50.0223274
50.0229645
50.0232239
50.6982346
58.1311493
61.8683853
90.4076843
106.455048
223.622406
174.522171
86.3441086
50.0262604
50.0261497
50.0258369
50.0255241
50.0251541
50.024559
50.0258598
50.0255432
50.0231667
50.0242653
50.024456
50.022583
50.0222855
50.0218163
50.0225563
50.0222549
50.0207787
50.0205116
54.4212837
51.5559578
50.5247917
67.8822327
279.338806
386.156433
233.272781
88.34832
50.0273323
100.026901
100.026863
50.0268097
50.0261383
50.0258369
50.0252686
50.025383
50.0252151
50.0236435
50.023201
50.0228844
50.0226021
50.0223274
50.021946
50.0216484
50.025341
50.0253029
50.0253029
50.0202026
50.6830711
50.1975288
50.1216202
50.0214539
50.018837
50.0217743
50.0218391
50.0170784
50.0204735
50.0204124
50.0164032
50.0163383
50.0162773
50.0162086
50.0163841
50.0160065
50.0159645
50.0159378
50.0161171
50.0159073
50.0157738
50.0155334
50.0153694
50.0153389
50.0153084
50.0151558
50.0149956
50.0149269
50.0148544
50.0148125
50.0147705
50.0147209
50.0146713
50.0135536
50.013279
50.013237
50.0131874
50.0131149
50.0130196
50.0128937
50.0127068
50.0124016
50.0120049
50.0119476
50.0119019
50.0118599
50.0118217
50.0117722
50.011734
50.0117035
50.0116653
50.0116081
50.0118141
50.0114594
50.0116386
73.377037
68.019165
56.4483109
50.5442696
50.0176048
50.0141869
50.0506248
50.0168915
50.0136261
121.822647
113.339287
91.4636383
80.0202179
80.0184784
80.0172806
80.1179276
80.020874
80.0144043
80.0139542
80.01371
80.0130997
80.0124283
10.0004253
70.0236893
80.0118637
80.0114517
80.0113907
80.0115356
80.3361359
80.026329
80.0137711
9.99940872
70.6285095
35.377327
94.6995621
90.4176254
81.3890991
449.570862
430.695435
210.386993
100.021332
100.020844
102.64064
103.499435
100.997429
100.01857
100.018753
100.058159
100.028824
100.01619
100.016319
54.5869827
332.080536
550.359009
423.290405
238.853241
121.905235
100.027054
100.027328
110.111229
289.231018
321.947296
190.757446
110.450356
100.035759
107.521851
108.681625
102.551254
100.027527
100.027069
60.0250816
79.8435822
122.210663
402.991119
592.485413
385.70639
260.264832
492.644012
695.485168
447.094055
152.702606
62.6280785
60.0303535
71.7307587
109.702477
106.050102
116.701118
92.6445618
69.1895676
276.675568
339.259125
185.260132
79.3409424
60.0956268
118.525734
209.653946
339.75769
573.890442
538.413452
255.296478
100.631966
91.6655579
91.5909424
80.7711029
98.115448
94.946785
76.997261
70.1295319
70.0540619
72.9896088
77.6233749
83.5374298
232.085083
243.757309
431.589417
398.733154
238.703613
280.557434
430.458008
313.101929
159.373337
100.038628
100.038475
100.038094
176.224731
198.122101
353.314575
469.944977
392.755402
225.649948
125.037689
266.956451
321.564026
204.257599
117.314514
101.226341
101.236649
100.563461
100.402618
100.125999
100.041527
124.485367
249.647598
267.688019
509.160065
457.257507
204.428406
102.101089
103.134819
167.428864
201.090088
157.4198
120.832771
108.533302
132.991318
136.427917
114.356506
103.07782
102.427971
101.161186
115.665016
115.678665
118.348785
142.10466
100.197052
58.7845459
43.4916801
40.1110268
184.750549
201.522324
119.907875
65.2340851
47.0829735
42.2961006
43.6896172
42.3215294
40.7038231
40.6505165
40.8979454
59.1094208
58.7897148
46.5991478
42.9187355
103.492813
102.352524
59.1811142
40.0420532
43.6981773
124.306656
129.597
72.1245041
48.3874168
106.514839
107.815887
105.199242
156.863464
213.535248
185.708466
149.062668
163.870209
440.654968
505.357483
328.824036
217.528839
157.374619
112.005096
100.095947
100.271538
101.736397
101.947075
100.235626
100.200874
100.09446
100.044518
100.044098
100.506104
122.651573
122.895409
113.555901
153.952805
147.058548
149.640182
