0.0
0.0
0.0
0.0
0.0
0.0
0.0
0.0
0.0
0.0
0.0
0.0
0.0
0.0
0.0
0.0
0.0
0.0
0.0
0.0
0.0
0.0
0.0
0.0
0.0
0.0
0.0
0.0
0.0
0.0
0.0
0.0
0.0
0.0
0.0
0.0
0.0
0.0
0.0
0.0
0.0
0.0
0.0
0.0
0.0
0.0
0.00156182004
0.00156182004
0.00156182004
0.00156182004
0.00156182004
0.00156182004
0.00156182004
0.00156182004
0.00156182004
0.00156182004
0.00156182004
0.00156182004
0.00156182004
0.00156182004
0.0
0.0
0.0
0.0
0.0
0.0
0.0
0.0
0.0
0.0
0.0
0.0
0.0
0.0
0.0
0.0
0.0
0.0
0.0
0.0
0.0
0.0
0.0
0.0
0.0
0.0
0.0
0.0
0.0
0.0
0.0
0.00156182004
0.00156182004
0.217506096
31.8347321
47.265976
61.1782227
39.6181221
13.5311155
10.000782
2.43176842
0.0015619084
0.00156182004
0.00156182004
0.00156182004
0.00156182004
0.00156182004
0.00156182004
0.00156182004
2.89727211
8.986413
6.10305452
1.85702288
0.00156182051
0.00156182004
0.00156182004
0.00156182004
0.00156182004
0.00156182004
1.38679516
0.991308212
0.437326521
0.219878063
0.0639809892
0.00156182004
10.7701035
11.1989212
3.3619287
0.00156182062
0.00156182004
0.00819219742
0.00366816134
0.00156182004
0.00156182004
0.00156182004
0.00156182004
0.00156182004
0.227661431
0.500084221
0.142329365
0.0907914117
0.324448913
0.0951811671
0.238228232
0.509915113
0.768761158
0.889584899
2.20119452
2.27657199
9.0828228
9.02155876
2.7449677
0.0
0.0
27.5667572
28.0701256
18.0709915
22.1531029
12.0055771
4.14846563
12.5956793
34.2207336
20.1574707
17.9247589
11.8484993
5.08884001
0.0373653695
0.0
0.0
0.0
26.4694881
88.6242752
92.4697418
38.9724159
10.4268799
35.2463989
18.7565918
10.6664028
7.58023834
0.0
0.0
0.0
0.00782873388
0.102764502
0.530498087
3.46516943
6.29339695
12.200449
37.9059029
16.5897655
9.91507053
108222.414
99.9156494
99.9155426
99.9155884
99.9154663
99.9158478
99.9326477
99.9768448
105.123451
104.127167
101.079491
100.20446
150.77565
176.626801
167.235291
147.286346
134.42218
123.722649
112.524239
103.898384
100.777222
100.166931
99.9633255
100.436432
100.680206
100.110268
99.9144287
99.9143524
99.9144974
109.361282
141.044891
164.255508
144.871307
209.000977
200.375687
170.293671
155.785141
135.915192
112.212982
107.911209
106.315506
102.293297
100.244598
100.058327
100.01458
116.427048
115.319183
104.199348
100.966637
101.407585
100.302734
99.9396744
99.9207916
100.017014
40.0170364
42.0571861
41.6497231
47.8570862
48.6372185
45.3317032
56.5435982
108.433929
200.665573
192.168045
104.520401
50.5336533
125.968781
149.905258
99.2424622
56.3574142
53.1843719
50.320858
43.267643
40.036747
40.0377617
40.0385818
40.0392227
42.3472862
141.450058
158.263657
88.8382034
51.5556946
45.1816483
41.679348
100.04776
100.048676
100.049118
100.04985
100.050583
100.499771
131.334625
128.955261
97.5673065
60.9118881
61.6494942
56.1914864
47.5120659
41.3654289
113.973244
110.715042
61.2433701
41.91539
40.8803482
40.1251717
40.0594902
107.965057
171.125244
121.366745
104.407898
143.307495
128.573578
75.5272522
101.596992
100.484154
74.0553284
100.079559
100.059937
100.05677
100.05069
102.04863
112.018288
202.067581
227.107635
157.935974
110.553185
100.041077
100.019104
100.009964
99.9912415
99.9827728
192.431946
173.544373
124.021461
197.564468
257.955353
110.872269
107.627914
99.8982162
99.9060822
99.8983612
112.202629
168.650238
47.3336334
112.825394
99.8699341
49.9176559
49.8836823
52.8763847
78.6396027
160.890945
156.838745
87.4407806
221.121307
163.229782
82.2625961
49.8043633
49.8389397
105.932312
137.566162
166.183441
114.54744
234.813065
336.653107
347.980652
314.734375
194.869812
88.2257614
53.7594299
49.7976341
49.8001366
49.8397102
49.8802948
49.8499413
49.8173294
49.8515587
52.0503769
123.696136
142.196686
89.2639542
133.842346
111.422951
120.448967
101.846077
125.580093
61.4803429
57.2055855
100.986557
50.4191093
50.6961937
50.007122
49.9990959
50.0009155
50.0101166
50.0189209
50.0275383
50.0354652
50.0427361
50.0501633
50.0577545
50.0656052
50.4378319
50.0881653
50.0879097
50.0918808
50.0964508
50.0991287
50.0615616
50.0898285
50.0768318
50.0850487
50.1099892
50.5323486
51.0068588
50.2507095
50.1834831
50.1118279
53.3964729
51.5010796
53.3980026
51.3414497
50.466362
51.468956
51.5355377
50.4536324
50.2276878
50.1105804
50.1105804
50.1104622
50.1100731
50.1098137
50.1097946
50.1096611
52.8104019
51.2885551
50.553051
50.0333481
49.9991493
49.9992867
49.9995689
49.999588
49.999691
49.9997292
49.9994965
49.9996071
51.3108864
50.7204285
50.8850937
50.0399895
50.0148201
50.0000648
56.6277771
71.8252029
61.9753571
53.7232971
50.0207901
92.2682571
127.927185
91.8510513
60.712635
49.9992027
51.3725243
51.4071007
52.9826241
50.8632126
51.1481285
50.1229134
80.1064529
80.4346619
80.1008148
80.1006088
80.1002274
80.0996246
80.0992584
80.0990601
80.0984268
80.0980988
80.0977325
80.0973663
80.0968323
80.0965805
80.0962677
80.0957413
80.0953293
86.502861
56.151844
129.637207
107.598976
120.573601
284.235535
242.024384
221.427185
151.732864
102.216515
80.7919083
80.0922852
80.0920334
100.178261
100.436028
100.196075
100.091286
100.090981
100.272202
100.74102
100.334824
100.105118
100.089424
100.08934
100.088844
50.1258736
51.2317963
167.565979
296.002563
328.055023
390.628235
516.642517
402.287048
253.043106
163.130432
119.410988
114.176544
197.166016
244.217422
188.986252
125.36879
102.719955
101.514397
100.468941
60.0403938
60.0562286
118.504486
106.744797
74.4493332
60.0571976
152.727325
284.301544
205.01857
97.6091537
60.1321907
60.0413399
60.056942
60.0569916
60.0569801
60.0570107
98.1353912
261.130127
458.641418
358.600159
192.301315
103.30265
103.188728
365.160522
419.145325
236.574432
154.790283
102.286156
72.6997757
60.0414047
70.0412674
70.0412064
70.0411377
70.041069
70.0409927
70.0409088
70.0408173
70.0407257
70.0406265
70.0405197
70.0404129
70.0404739
70.0558853
70.0401001
70.039917
70.0399628
70.0556259
76.1782532
74.9058304
71.2895813
70.0389023
70.0388336
174.79129
200.534851
131.906631
81.1740189
73.696701
92.7569885
109.916977
92.4867935
75.8416901
51.0237274
50.3754349
50.1324539
50.0729103
50.035656
50.0353889
50.0351486
50.035099
50.1667404
50.6984406
50.8765106
50.2361107
108.235458
93.0493088
62.7146416
50.5526085
53.1134071
188.230408
189.9021
107.482071
58.2523232
50.0302353
50.0301208
54.6083527
54.0028648
51.0332909
50.0287285
51.1745644
51.6538734
52.2532234
67.9811707
51.3665085
89.3905945
85.898262
353.902344
262.116425
287.3591
276.184296
216.371246
156.25
90.6118698
58.2759209
399.770752
691.735107
427.537537
128.532654
40.1233864
40.1233864
40.1233864
40.1233864
40.1233864
40.1233864
40.1233864
47.3477745
127.864708
331.219116
337.066162
427.102814
457.729828
300.254883
154.25679
599.401062
696.275452
387.677704
157.983963
180.55249
447.213928
420.496979
207.581619
159.787415
150.360336
112.827217
100.123383
100.123383
100.123383
100.123383
100.123383
100.123383
100.123383
100.123383
100.123383
100.123383
100.123383
121.155602
142.492264
125.695076
104.853935
100.123383
100.123383
100.123383
102.686241
106.732086
102.17038
100.796471
102.297318
101.733261
100.645714
100.160431
100.083832
100.074074
115.719925
108.380035
102.599136
100.52623
100.076416
337.833679
335.693085
171.502151
111.162918
105.275658
101.7071
99.9834518
99.9779892
99.9672012
104.875435
102.609489
100.915489
99.9060059
99.8671417
99.850975
99.8407288
113.34938
55.9474258
51.7893982
49.9239578
49.9176025
49.8793907
49.8416176
49.8334465
49.8273163
49.821804
50.9944992
122.737915
110.371422
68.0236206
49.8496628
49.8360863
49.8322716
49.7946167
49.7924118
49.7916107
49.7912445
49.7913933
49.7920265
49.7931099
49.7945557
49.7964478
49.7988472
49.801651
49.8049812
49.8090935
85.8505096
125.177368
108.392052
100.099121
99.8885498
99.8953247
99.9295197
127.809776
118.362473
105.688446
99.9503098
99.9415588
99.9489594
99.9573364
99.965004
99.9726562
99.9795532
99.9860764
99.9931641
50.0000572
50.0138321
50.0125694
50.016613
50.0210419
50.0261192
50.0318336
51.0074272
50.1829109
50.1212921
50.0532379
50.0593681
50.0656242
50.0579872
50.0672836
50.0771866
50.0884285
50.0733299
50.1000786
50.1017303
50.1015396
50.1015244
50.1015244
50.1011429
50.1010513
50.1009521
50.1007996
50.100605
50.1003304
50.1002769
50.0998955
50.0998039
50.0997047
50.0994148
50.0991936
50.1936569
69.9164276
63.6349182
54.4041939
50.0983925
50.0981598
49.9806709
99.9802017
91.2422333
49.9802704
49.9804077
49.9802475
49.9800186
49.9800377
49.9802361
49.9803848
49.97995
49.9783211
49.9753685
49.974865
49.9744492
49.9742889
49.9741554
49.9742889
49.9741249
49.9737816
49.973793
49.9750671
50.3193207
49.979496
49.9997444
49.9741554
49.974781
52.6614418
52.3775673
50.77631
50.1524506
50.0877151
80.0874863
80.0869904
80.0866013
80.7395935
80.096611
80.0852203
80.0846252
80.0843811
80.0838699
80.0832214
80.0829773
90.422699
86.6366348
136.341187
122.731949
93.3348999
80.0800018
80.0794907
80.0788498
82.5863876
84.3870239
82.2357101
80.669548
80.0768661
21.5332603
79.4460754
83.571785
83.1406784
10.3265295
71.9657974
54.2273216
53.8642883
54.0707855
53.0052681
51.9384537
56.0522919
61.0715408
104.85762
95.5621414
119.818649
376.99173
527.239563
323.501984
108.801788
54.544899
105.086914
102.930161
102.215721
50.684742
50.0919952
50.0925255
50.0930901
50.0932426
50.0933456
50.093399
50.1197395
50.2464333
58.0000496
58.4196625
53.0870094
50.1951485
60.0251846
60.0081711
60.5617256
61.4455261
62.258667
79.6779022
85.0027466
74.9306488
64.5187683
60.7949028
68.1063004
64.8908768
61.5047607
115.609955
132.648956
158.341339
181.594604
182.594345
244.963928
201.645447
133.624985
81.9284668
66.9134369
144.821014
334.182861
246.379471
111.802147
65.2930527
62.6383705
61.077858
11550.291
111.256927
126.60981
115.96711
103.920395
100.034172
102.125511
102.271683
100.815323
100.787994
100.67112
100.206459
100.097336
100.05143
100.036575
100.033058
121.123444
127.726326
120.469933
107.719589
101.402992
100.119583
113.574455
115.20816
107.535721
101.620163
108.138428
249.529556
280.707672
188.791779
121.390083
101.842499
100.176346
100.028618
101.493439
101.779488
100.469971
100.027534
100.027084
100.026405
100.026062
106.54567
104.577744
101.157234
100.0243
100.041862
102.475143
102.236412
109.538963
145.845215
179.320099
159.211975
179.347778
195.644562
144.762817
124.9254
143.630386
199.691071
179.013687
130.515091
186.687988
152.474945
55.0194321
40.4387474
40.8443108
40.6451302
40.3308907
40.1196365
40.1197548
40.1197891
40.1197891
40.1196899
79.0015182
193.132431
518.880981
360.479492
211.880768
267.000214
178.789642
75.437233
40.1233864
40.1233864
40.1233864
40.1233864
40.1233864
296.834045
258.133881
118.344604
57.33564
47.6889
69.5256653
70.4181747
114.730652
104.713013
103.390282
102.674896
154.433487
145.064087
159.151337
139.560593
109.892189
100.123383
156.24057
254.382263
266.149292
176.350647
112.948425
100.123383
100.123383
100.123383
110.819153
137.354218
125.481773
105.369972
176.404144
266.918518
210.543716
226.150848
241.952423
174.41893
187.854431
163.375473
117.942154
100.934593
100.449753
100.122032
100.11322
114.832947
106.797852
102.048103
164.563568
198.024445
303.173157
244.332977
139.77774
100.893311
100.150352
100.015732
100.014977
100.010284
99.9917526
99.9803467
99.97509
100.437607
99.990303
99.9705353
145.150528
178.023926
142.007812
109.308601
106.223221
102.967407
100.945213
49.884201
49.871151
49.8626633
49.8546486
49.847126
49.8401871
49.8667412
134.612518
345.369751
308.563812
133.542923
58.1585236
85.5476227
926.111389
1100.02283
558.544434
139.157715
49.8833961
50.3038139
49.8849792
49.8423729
49.7959518
49.7937622
49.7952614
49.7972794
49.7998314
49.8028603
49.8063583
49.8103409
49.8149071
107.154343
258.706116
556.924255
545.628784
287.097656
130.806732
99.9420853
99.923111
100.777275
100.045174
99.9994125
99.9589081
99.9661331
99.9753571
99.9849548
99.9937363
100.002861
100.012337
100.021461
100.030006
100.038361
100.045944
100.060562
100.068085
100.067444
100.075386
100.082069
100.091003
100.096718
100.100533
100.107117
100.067192
100.07682
100.105751
100.111145
100.100075
109.858788
103.836807
101.391914
103.472031
101.154961
105.419525
59.6027069
63.9660034
87.3065338
66.262886
56.5263748
101.827232
50.1161346
50.1160507
53.3657227
51.1449432
50.5569611
50.1158943
50.1158943
50.364109
50.1151848
56.2147675
52.2986374
56.81707
109.087418
106.800278
108.925041
121.634918
113.023911
103.886818
115.218941
119.91256
129.532288
114.511543
104.286407
100.00753
102.32048
102.311211
100.602051
100.142563
100.006622
100.951942
100.081795
100.026253
100.028717
106.587509
52.5096359
50.9423409
51.1288223
87.5787735
104.890472
174.543152
237.601089
219.904861
116.562149
94.9468002
80.3447495
80.1098557
80.1097794
80.1096802
80.109642
80.1094208
80.8034286
80.1088791
80.1088562
80.1088562
80.1086197
80.1083145
80.1079788
80.1079254
80.1075516
80.1072159
80.1068878
80.1065979
80.1062622
80.1059494
80.1057739
144.098816
197.171463
178.32431
131.329956
293.064087
288.601471
234.934174
155.814392
129.940628
104.173798
100.35125
100.559486
100.243065
100.110786
100.110901
101.221062
101.821159
100.704102
100.139671
100.111053
100.110916
100.110794
100.110611
100.110435
100.110168
100.110001
100.10984
100.109566
100.109344
100.108971
102.840271
146.854584
151.839569
145.09346
124.207809
106.704056
137.903961
269.103394
337.557922
200.159698
96.8996658
63.4340172
60.4612503
60.0426102
60.282608
60.4342117
60.1913414
65.5447159
101.668442
118.937408
101.248795
73.1856537
62.2171173
60.0275841
60.0274696
60.027462
60.0271378
60.0271721
60.6217728
60.2831688
60.1106453
60.0422516
60.0932999
60.0496445
60.0415192
60.0246506
60.0240669
60.086689
60.3694878
23106.7461
125.456757
115.842575
104.16185
100.037712
145.284302
133.669266
110.382156
100.019997
104.171768
103.180222
101.469727
110.535637
107.486679
102.29068
244.788818
211.792267
489.079376
488.579285
553.030762
344.392578
182.584366
250.864975
210.545471
134.926834
104.084686
102.201149
100.491463
105.40657
104.120857
120.580856
361.705994
583.312744
525.4552
588.446533
370.092285
367.310822
242.253922
100.052017
150.17514
144.861771
113.572395
108.480537
125.615891
118.179428
116.341225
110.84288
102.867241
100.032227
100.032104
100.049438
100.031403
100.031197
127.512268
202.407501
176.192825
120.275208
120.580322
237.500946
580.604675
529.197815
264.691589
119.931587
100.123383
154.682617
199.729095
160.368179
175.855652
206.204132
223.238358
182.229507
128.157272
103.622047
116.156242
121.868179
110.654121
102.019943
100.123383
100.123383
100.123383
100.123383
100.123383
100.123383
100.123383
40.1233864
40.1233864
40.1233864
100.123383
40.1233864
40.1233864
46.0675888
45.8607635
102.876656
100.532104
100.196999
100.123383
100.159927
100.134995
100.123383
100.123383
100.123383
101.745888
103.682144
102.2864
100.316925
100.123383
100.49205
100.240501
100.123383
100.123383
102.019745
103.624924
101.940193
142.754196
141.857681
117.767609
189.798141
267.893555
412.531616
404.099304
232.682678
120.254745
100.123383
100.115158
100.108444
100.109871
100.118904
100.082466
100.093338
100.08239
100.071655
100.079315
176.442276
352.466858
485.177704
389.336426
201.778229
115.368179
100.024414
100.126144
100.010033
99.9791107
99.9756622
144.000458
248.861176
394.897461
391.806091
246.107407
132.842438
102.685493
99.8800354
99.8411102
99.8577423
54.9545326
52.6320343
146.173492
651.261108
536.447388
197.932724
52.1962242
102.771622
99.9156342
99.8812943
99.8446579
49.8076057
49.8037758
49.8005524
49.7979698
50.6558228
49.8484497
49.8026047
49.7917595
49.7913895
49.7915306
49.7921715
49.7934265
49.833252
49.8730011
76.5967407
97.9100647
74.8697205
57.1226158
99.8747559
99.8885651
169.769989
188.773041
138.157349
106.597534
99.931076
121.474388
110.470009
103.2911
99.9376297
99.9464951
99.9557724
99.9651031
99.9902039
99.9893341
99.9914398
99.9999084
100.008537
100.017586
109.506721
103.114059
101.071404
100.047424
100.05307
100.061821
100.071724
100.072701
100.071587
100.080475
100.094879
100.088753
100.154617
50.0835533
50.0939331
50.1020699
50.1066628
50.1097984
50.1097984
53.9159813
51.0943146
50.4993935
50.1087036
50.1085663
50.1085472
50.1085472
50.1085472
50.1085472
50.1084099
50.1079178
50.1075478
50.1073151
50.107296
50.107296
50.107296
50.1071587
50.1066628
50.1065216
50.106163
50.1060486
50.1060486
99.9944992
105.096046
103.639206
101.188797
100.223541
100.015205
99.9910583
99.990921
169.296677
155.046524
117.591537
99.9930878
99.9931259
99.9931107
99.9931183
99.9930801
49.9936447
50.0160675
49.9939804
80.0707703
70.4159698
56.7328377
49.9942627
49.9942207
49.9946747
58.1833344
53.7345505
51.3096695
51.6586227
50.3450394
50.1541824
80.0981216
80.0977097
80.0972595
81.3898468
80.2710037
80.1616135
80.1596222
87.4087982
108.95369
167.180801
293.223694
345.455261
279.041748
164.470001
104.848335
84.345047
81.4918442
80.0948029
80.0946655
80.0945282
97.9013824
91.5688324
84.0727158
80.0935516
80.0932999
81.3556976
80.1175537
80.0926208
80.0919876
80.0917206
100.091454
100.091095
100.090569
134.971695
130.199448
109.519203
100.111572
100.089211
100.089066
100.088432
100.088112
100.087852
100.087654
102.720993
138.330185
150.190826
126.054352
152.940094
215.794724
219.415253
206.851532
200.987854
170.252502
127.454895
104.588898
100.085587
135.948395
508.125366
793.736572
629.830933
357.155243
122.107468
65.364418
60.4178963
60.0571518
60.0414543
60.0407753
60.0407944
60.0410194
60.0573883
60.0575294
109.718414
96.5762634
71.3975601
60.0413513
60.1048393
60.0487595
75.8940735
68.547699
62.7294579
60.0411797
60.0411758
60.0414009
97.3651657
84.6373291
67.7169189
62.2185211
236.066177
196.984406
104.36084
61.6774826
142.458878
280.09137
268.905243
286.456329
181.141769
98.9775162
70.0407486
70.0408249
70.0561523
70.0403137
70.0399628
70.0397339
70.039566
70.0394211
70.0395279
71.2221451
71.2112122
70.388031
96.2624969
90.0559006
75.9032898
70.038475
70.0543594
70.0379257
70.0377197
70.037529
70.0375748
70.0537567
70.0370712
70.0367432
70.0367661
51.2189903
51.6145592
50.4401436
50.0352097
50.0352135
63.7653503
60.0611305
53.3077888
53.8822556
52.9457092
50.7335968
63.5908585
138.542587
158.748779
101.79657
60.2944984
50.0307655
50.0304642
51.9143028
82.2006912
80.7454147
62.6217651
58.1019859
54.8315697
51.2525444
50.0271378
89.1414413
78.8144302
125.218124
124.17363
72.8397903
40.6688652
40.1212349
40.1211967
40.1210785
40.1210403
40.1210403
40.1209412
40.1208878
40.1207695
75.9193726
65.9924469
48.4885521
40.771801
49.941391
177.575714
175.276337
94.5630875
48.0518532
40.3832016
40.1204185
40.1780701
40.3698616
40.2543449
40.6320572
40.6191025
40.3366547
40.1204185
40.1203156
40.1202621
40.1202621
40.1202621
40.1201439
40.1201057
41.0510826
42.2431183
41.4335251
40.2331543
40.1196365
54.2339935
71.9709778
65.704071
49.36343
41.0969238
40.1191673
40.11903
40.1187553
40.1186981
40.1185989
40.1185417
40.1184235
40.1182861
44.1310577
45.4241409
42.5612717
40.3113518
40.117939
40.3013763
42.2046165
41.9267082
40.2809715
40.1098747
29889.0176
100.115845
123.203217
165.408417
141.607132
110.728584
100.062416
100.058655
100.058182
100.045013
102.368134
100.899773
100.317123
100.00769
99.9991379
99.9903183
100.807693
100.163704
100.06266
99.9732513
99.9689026
99.9560013
99.9165421
99.904068
109.059677
103.897713
101.00309
99.83461
99.8515625
99.8415298
49.8666039
49.9202194
49.9146271
50.6435432
55.9253807
57.4405289
69.8807068
76.0040359
108.120674
83.7465668
59.0510635
49.7912636
49.7865257
49.7821846
49.777771
49.7738647
49.7711296
49.8102264
49.8104439
49.7681999
49.8022652
49.801651
49.762085
49.7596092
49.7965355
49.8321533
49.7958145
49.759449
49.758976
53.706028
50.8316231
50.1359367
60.6307831
108.803429
129.165436
87.4046249
58.0134773
49.9257202
49.900238
49.898613
49.9011345
49.8788948
49.8790131
49.8836784
49.9080086
49.9149323
49.9041901
49.9107094
49.9192581
49.9289513
49.9389191
49.9496384
49.9602699
49.9790077
49.9916115
49.9904594
49.9919472
50.912632
50.1225243
50.0711594
50.0235252
50.0302887
50.0210419
50.0452461
50.0508194
50.040966
50.0716171
50.0746918
50.07761
50.0778427
50.0776482
50.077507
50.0773315
50.0772171
50.0770569
50.0768814
50.0766068
50.0763969
50.0762405
50.076107
50.0759315
50.0759163
50.0755882
50.0752068
50.0751305
50.0748558
50.0746956
50.0745239
50.0743866
50.0740242
49.9603882
49.9603386
49.9604416
49.960392
49.9604836
49.9602318
49.9597588
49.9591446
49.9581413
49.9568481
49.9567108
49.9565544
49.9563789
49.956543
49.9566612
49.9564438
49.9560394
49.9561348
49.9563332
49.9561996
49.9562454
49.95681
64.7131882
60.0471268
53.2315865
50.1987305
49.9588051
49.9808693
50.0102158
49.9575729
49.9575195
24.4069977
79.0192032
83.0307846
80.0632935
80.0630035
80.0624695
80.1464386
80.0615692
80.0612869
80.0605392
80.0601578
80.0596085
80.0588074
80.0585785
80.0576859
80.0571289
80.0568924
80.0559921
80.0555115
80.3337555
80.0564651
80.0539856
80.0535126
80.5165176
90.377861
89.286438
83.6056747
80.4308472
139.935013
132.706833
116.328613
100.049088
100.04837
101.234711
101.46244
100.449463
100.046806
100.046326
100.062759
100.050797
100.04509
100.04483
102.08886
149.031387
187.793243
125.124969
82.8634644
56.1820374
50.0419388
50.041626
54.9441032
95.9430695
105.224091
75.403717
53.9286995
50.0434494
53.9581566
54.4634933
51.3336411
50.038208
50.0375862
59.9507751
68.5407333
81.0285797
137.908325
182.40036
141.231506
122.234589
192.38855
257.003143
184.850876
92.7335663
61.7491074
59.9598961
69.047081
89.5319595
87.4159241
93.0185471
78.338028
65.0777435
140.411072
166.477341
110.904007
69.1337738
60.0158272
93.7016602
131.6418
177.485291
263.85199
250.752655
141.903122
15728.4678
118.868843
115.83506
108.607582
122.329605
116.608551
104.688622
100.071754
100.011536
102.549789
106.306862
110.559799
175.068619
168.726044
256.396423
220.755722
185.364151
218.17392
287.017151
200.410065
124.219925
100.013474
100.031364
100.016533
158.560089
160.833572
252.771622
287.95752
255.069901
165.191147
114.310677
219.289017
229.24234
157.744995
111.363663
101.340218
101.245056
100.634003
100.407303
100.114769
100.033028
128.782425
203.987686
197.296982
357.642426
250.909286
141.468719
102.941063
103.713837
166.581985
184.104309
144.900558
120.959015
108.794373
139.429718
133.627228
112.668594
103.624382
102.741623
101.463875
120.827339
115.381317
111.880157
120.061905
89.2956924
56.134819
43.15131
40.1913719
142.496918
137.954498
100.4403
62.5725479
106.391586
43.3775673
105.024101
42.7941933
40.8536453
41.0259628
101.251976
62.6291466
58.1874084
46.1615372
103.906609
92.4123077
82.2651901
112.300835
40.1233864
105.181023
102.580917
98.487793
121.164635
109.99968
107.120491
109.241554
105.217407
146.841904
182.405914
160.697266
142.110306
155.818619
300.577759
325.344452
252.529099
208.701126
151.657471
110.519386
100.191788
100.615807
103.419342
103.28244
100.419685
100.439011
100.223648
100.123383
100.123383
101.038696
129.976761
126.076797
117.363251
155.05397
140.43512
151.108856
