0.0
0.0
0.0
0.0
0.0
0.0
0.0
0.0
0.0
0.0
0.0
0.0
0.0
0.0
0.0
0.0
0.0
0.0
0.0
0.0
0.0
0.0
0.0
0.0
0.0
0.0
0.0
0.0
0.0
0.0
0.0
0.0
0.0
0.0
0.0
0.0
0.0
0.0
0.0
0.0
0.0
0.0
0.0
0.0
0.0
0.0
0.0
0.0
0.0
0.0
0.0
0.0
0.0
0.0
0.0
0.0
0.0
0.0
0.0
0.0
0.0
0.0
0.0
0.0
0.0
0.0
0.0
0.0
0.0
0.0
0.0
0.0
0.0
0.0
0.0
0.0
0.0
0.0
0.0
0.0
0.0
0.0
0.0
0.0
0.0
0.0
0.0
0.0
0.0
0.0
0.0
0.0
0.0
0.32001251
50.9802361
86.7343903
110.760574
74.9903793
26.2159557
10.0
4.39842319
0.0
3.83955779e-43
0.0
0.0
0.0
0.0
0.0
0.0
5.86438465
18.3394184
12.16078
4.06498718
2.65607724e-07
3.41910281e-26
3.67140198e-43
0.0
0.0
0.0
2.78585505
1.9684968
0.866179943
0.387178957
0.116300136
1.75954026e-11
20.3217411
13.367918
10.0
2.90520215
5.06499577e-26
0.0121951597
0.00387416361
1.41969181e-15
1.91855107e-32
0.0
0.0
0.0
0.376449883
0.814228058
0.235985458
0.146540627
0.517879307
0.153349176
0.366876423
0.799172759
1.1673069
1.37397003
3.28420687
3.47388697
13.7880239
12.2196875
6.10835934
0.0
0.0
45.0989227
54.7380066
31.2101746
32.2893028
13.7576256
9.92945862
29.3800621
61.6997604
53.2776604
34.5344849
13.8847933
10.1985016
3.21801972
36139.4805
99.9305954
99.9306412
155.481064
310.160187
311.603149
187.846268
114.580376
158.762329
157.52298
120.209785
101.65934
99.917038
99.9169998
99.9173813
60.0734863
100.261642
101.082985
106.580261
112.277473
123.37381
172.661987
157.091705
115.523178
99.9152832
99.9151764
99.9150696
99.9149551
99.9148407
99.9152145
99.9320145
100.014008
109.419357
108.648125
102.353638
100.440048
194.558014
257.021545
211.964386
170.99469
142.417999
119.621674
96.4993973
78.3923798
71.5854492
70.3981552
70.0105591
100.829468
101.442749
100.314133
99.9122772
99.9120102
99.9121628
115.376709
171.137268
219.806732
190.190628
299.492493
304.698914
233.667007
199.786774
164.703064
122.026382
112.18103
110.131248
103.762558
100.404701
100.119965
100.038872
123.807068
123.665848
106.721443
51.4066086
52.1443939
50.4930115
49.9267159
49.9075775
50.003437
40.003437
42.8589935
42.4008141
51.2657928
52.8679047
47.9998169
64.4120407
145.989639
305.437134
303.457184
154.782608
58.8892555
175.394531
213.130966
133.039917
64.699379
59.7158737
54.2584457
44.5554237
40.0048447
40.0048447
40.0048447
40.0048447
43.204422
192.204163
212.93129
111.688759
57.0996246
47.0966721
42.2699356
40.0051155
40.0051537
40.0051537
40.0051537
40.0051537
40.5850258
84.3606339
80.063446
51.2210579
65.3314972
70.5661469
63.0193596
50.6622543
41.9132843
149.184982
143.6427
71.2358398
42.705513
41.1694489
40.0970116
40.0053101
141.709564
238.347687
162.763077
140.051529
199.245331
174.099777
90.3107758
47.5318642
40.6880646
40.0445595
100.006058
99.9849472
99.9807053
99.9736328
102.99575
117.888123
257.128357
294.868378
187.485184
115.73214
99.9652405
99.9383621
99.9231567
99.9036102
99.8946915
240.96701
114.07856
135.815399
331.103271
353.905548
197.459213
112.148811
99.7996674
99.805809
99.7969055
117.480972
200.988815
176.76384
121.059792
99.7639542
49.8110123
49.7763748
53.7429619
88.5052643
202.383163
204.7565
106.810562
278.509033
218.978607
99.9130554
49.693428
49.7275314
116.95343
159.198334
194.279648
138.855164
272.548889
421.949463
455.789581
415.943298
264.287262
109.71315
55.8710632
49.6820641
49.6845627
49.7241364
49.7647247
49.7343674
49.7017555
49.735981
102.104752
180.039673
208.324982
149.974045
189.542358
174.805603
125.527107
102.055679
126.602905
113.41507
108.00708
100.976753
100.358986
100.6157
99.8919373
99.8839417
99.8852615
99.8944931
99.9033432
99.9113922
99.9185562
99.9262009
99.9339371
49.9419289
49.9506493
50.3379517
49.973568
49.9727631
49.9796867
49.9838104
49.9879456
49.951046
49.9796295
49.9666595
49.9749451
50.0007019
50.4265747
50.9046135
50.1576881
50.0829201
50.0029678
53.3788223
51.4974861
53.4062958
51.3350029
50.4097176
51.3461494
51.4435158
50.403801
50.1401863
50.0029678
50.0029678
50.0029678
50.0029678
50.0029678
50.0029678
50.0029678
52.6382256
51.2749023
50.5151138
49.9343796
49.8934097
49.893692
49.8939857
49.8942184
49.8944168
49.8945999
49.8947639
49.8951073
51.1554031
50.6413994
50.7726097
49.9448395
49.9142456
49.8967857
56.9158592
74.8179932
65.6800842
54.8229218
49.9187622
101.198059
155.961273
114.812363
66.8084412
49.8983841
51.4506912
51.5718956
53.5531731
51.3861351
51.3742447
50.038559
80.0103378
80.3330231
80.0024948
80.0024948
80.0024948
80.0024948
80.0023804
80.0023422
80.0023422
80.0023422
80.0023422
80.0023422
80.0023422
80.0023422
80.0021896
80.0021896
80.0021896
87.7024841
146.428177
168.901581
127.297493
142.984848
429.517273
407.421173
333.490631
219.350861
122.984573
81.2614441
80.0030441
80.003006
100.144051
100.549667
100.163544
100.002716
100.002518
100.291336
101.029655
100.366852
100.023094
100.002342
100.002342
100.002342
100.052429
101.587418
217.160767
450.284668
522.719543
638.017212
761.916016
533.588379
297.999878
174.502991
122.247688
115.599831
208.292007
261.337677
199.792358
128.123856
102.795761
101.458214
100.363884
59.9238853
59.9397202
120.302948
108.840446
74.725914
59.9406891
158.576752
306.185852
223.871994
102.132889
60.0244904
59.9248314
59.9404335
59.9404869
59.9404716
59.9405022
98.441597
266.309021
493.333771
399.607544
208.946198
106.840775
105.372124
379.093689
444.626831
252.707932
162.326599
106.099632
73.634407
59.9258347
99.9256973
99.9256363
99.9255676
99.9254913
99.925415
99.9253311
99.9252472
99.9251556
99.9250488
69.9247131
69.924408
69.9244308
69.9398422
69.924057
69.9236374
69.9234695
69.9390182
75.5814056
74.341217
71.046196
69.9222336
69.9220428
171.914093
197.421631
131.785583
81.345726
73.4659882
92.6980438
110.578514
93.5721893
76.0122757
100.972794
100.274773
100.020775
99.9571075
99.9184113
99.9181061
99.9177322
99.9173889
100.041214
100.554977
100.793312
100.128937
158.242615
146.053543
113.626289
100.489449
103.040405
245.410583
259.803528
169.864761
110.302017
99.91185
99.9117355
104.659531
104.463638
101.087433
99.910347
101.061882
101.724388
102.214035
118.476791
52.6167526
91.9199371
91.6694412
383.683228
327.308716
326.453735
314.802002
241.981415
165.392792
92.2549667
58.5430679
400.207275
692.992188
434.064758
129.776001
40.0074997
40.0074997
40.007618
40.0076561
40.0076561
40.0075378
40.0074997
47.4829178
126.990829
328.230774
328.338074
407.977997
431.235229
283.598328
152.343353
750.778931
877.131592
716.788818
683.254272
740.839111
677.001343
436.139771
389.418243
437.264954
393.636169
170.305099
100.007805
100.007805
100.007805
100.007805
100.007805
100.007805
100.007805
100.007805
100.007805
100.007805
100.007805
121.715088
143.542755
126.114388
104.799713
100.007805
100.007805
100.007805
102.660011
106.711899
102.071663
100.680565
102.16552
101.600227
100.524002
100.043892
99.9682541
99.9585037
115.204582
108.036758
102.407532
100.390015
99.9600296
338.414001
332.951019
170.360046
111.380478
105.320671
101.642998
99.8678818
99.8624115
99.8516083
104.846489
102.545959
100.817139
99.7904282
99.7515717
99.7353973
99.7251434
113.218155
55.8513451
51.6827354
49.8083839
49.8020248
49.7638092
49.7260323
49.7178726
49.7117348
49.7061234
50.8478432
117.429657
104.317543
66.1101303
49.7331848
49.7194328
49.7155991
49.6778488
49.6755943
49.6746864
49.6742592
49.674408
49.6749077
49.6757393
49.6770439
49.6784897
49.6805878
49.6832886
49.6858139
49.6892014
84.1455383
123.226402
107.679314
99.974823
99.7688828
99.7735748
49.806263
77.6817322
67.751976
55.3874359
49.8194923
49.7973404
49.7975273
49.79953
49.8032265
49.807827
49.8133087
49.819622
49.8264923
49.8347359
49.8527374
49.8597412
49.8622437
49.8706017
49.8800621
49.8904533
50.7906494
50.0609093
49.9959335
49.9230804
49.9316292
49.9405518
49.9514999
49.9612465
49.9711571
49.9825478
49.9680824
49.9990883
50.0016327
50.0026588
50.0026588
50.0026588
50.0026588
50.0026588
50.0026588
50.0026588
50.0026588
50.0026588
50.0025024
50.0025024
50.0025024
50.0023842
50.0023422
50.0023422
50.0820808
73.0477982
67.1214447
55.36409
50.0023422
50.0023422
49.8851852
49.885025
49.8852196
49.8854027
49.8856049
49.8858147
49.8860512
49.8861732
49.8863716
49.8866158
49.8867493
49.8854752
49.8828316
49.8825035
49.8826523
49.882843
49.8830223
49.8832321
49.8834457
49.8835449
49.8839149
49.8853989
50.211216
49.8925591
49.9113083
49.8858948
49.8868942
52.8336678
52.770813
51.0417747
50.1464653
50.0020332
80.0018692
10.0010948
70.0026474
80.6424408
80.0176697
80.0018692
80.0018692
80.0018692
80.0018692
80.0018692
80.0017166
22.9208946
79.3718033
161.610168
149.562439
101.723785
80.0017166
80.0017166
80.0017166
13.7441788
76.9023438
83.8588409
81.0632324
80.0015564
98.4287262
96.4140396
86.325058
84.9271469
82.918129
81.0426331
56.9284706
56.6719704
56.8507423
55.183815
53.2978249
60.0540085
68.9885635
148.66095
137.374619
187.18576
758.558472
1042.12476
599.917175
210.484756
105.439354
106.524025
103.595512
102.720726
100.761375
100.004684
100.004684
100.00457
100.004532
100.004433
100.00412
100.037262
100.190033
109.275414
110.52343
103.776428
100.148247
59.9359322
59.9193306
60.6267967
61.7668076
62.8238564
83.7574768
91.9509125
79.7558975
66.0675201
60.9981956
70.3441315
66.6700211
62.0003319
133.674362
162.804153
204.886871
247.96051
252.934967
341.823181
287.439514
170.019058
92.2640839
69.6917648
159.525269
405.298859
337.893158
137.381165
66.2783966
63.2032547
61.23069
70.0514526
81.5402908
99.1368484
90.1146545
74.8673019
69.9220505
72.3422394
72.6586838
70.9196091
70.7829666
70.695816
70.1427307
69.9933319
69.9429932
69.9249115
69.9200287
91.1606903
102.038559
94.7226715
79.9559174
71.7286453
70.0176239
84.1865005
88.7145386
79.8187866
72.0524826
78.7893295
235.689484
304.409546
203.17421
103.005753
52.784668
50.1534233
49.9164772
51.70401
52.3983459
50.5615883
49.9152031
49.9149094
49.9143715
49.9139595
56.9584389
56.1955147
51.5294151
49.9122353
49.9296074
52.6697655
52.9619751
60.3880882
54.4815674
143.999008
131.407227
147.774658
172.80748
120.373093
83.3837585
103.008919
169.423462
160.271759
96.4655914
148.052979
125.575417
62.4384308
40.4483719
40.859005
40.6883469
40.2947502
40.0039062
40.0039062
40.0039062
40.0039062
40.0039062
82.0996246
220.226379
632.809082
516.878784
267.797668
281.730835
198.221817
81.196106
40.0061913
40.0063667
40.0065041
40.0065613
40.0065613
295.13916
250.290741
116.083084
56.1487579
46.8875771
68.8627319
68.1296844
113.423592
104.521896
102.968033
102.537422
151.855438
141.244247
156.303864
136.64183
109.110306
100.007065
153.878113
247.844391
259.228668
173.69841
112.594063
100.007339
100.007339
100.007339
110.580429
135.990738
124.059578
104.926353
156.348663
227.251968
161.108597
200.434235
237.000244
172.093903
185.772476
160.602448
116.981804
100.747055
100.288147
100.006149
99.9974518
114.623749
106.251732
101.699364
163.540009
194.20163
297.00412
237.624359
137.220047
100.71109
100.021896
99.9001617
99.8994064
99.8947067
99.8761826
99.8647766
99.8595123
100.326714
99.8747101
99.8549576
144.487122
175.66655
139.513626
108.519875
106.141769
102.744415
100.762917
49.7686272
49.7555733
49.7470856
49.7390785
49.7314301
49.7244568
49.7510071
129.88063
333.441772
294.307068
129.267654
57.703083
84.5072327
908.090454
1082.08691
544.784912
135.218994
49.7678223
50.2259216
49.7694092
49.7267952
49.680378
49.6781807
49.6796799
49.681694
49.6842537
49.6872787
49.6907883
49.6947594
49.699234
106.958366
255.05072
551.761169
548.208862
290.531799
131.751633
99.826355
99.8072357
100.73378
99.9286957
99.8831863
99.842659
99.8495331
99.8584213
99.867981
99.8767548
99.8857803
99.895195
99.9041977
99.9124756
99.9200134
99.9266052
99.9407196
99.9483185
99.9478912
99.9557037
99.962532
99.9719086
99.9768295
99.9825516
99.9916763
99.952034
49.9618301
49.9907761
49.9964714
49.9852486
59.7799339
53.5850296
51.2128639
53.3844299
51.0057945
55.3126907
59.5459938
64.0642929
64.6265564
66.8349075
56.7270203
51.8031044
50.0030251
50.0029678
53.3346596
51.1118164
50.4764824
50.0029678
50.0029678
50.2459373
50.0029678
56.2185059
52.3776932
56.9405136
109.582367
107.375053
109.560738
123.663391
114.600937
104.385811
116.758293
122.718208
134.563019
117.738686
105.263298
99.8973236
52.4425278
52.5940857
50.70504
50.0802879
49.8972359
50.913372
49.9890709
49.9223328
49.9198494
57.399971
53.2956467
51.1916466
51.1067047
94.6693954
119.114273
214.573532
309.537628
298.175415
159.286469
104.140503
80.2743759
80.0028076
80.0028076
80.0028076
80.0028076
80.0028076
80.7270279
80.0028076
80.0028076
80.0028076
80.0026932
80.002655
80.002655
80.002655
80.002655
80.0025558
80.0024948
80.0024948
80.0024948
80.0024948
80.0024948
161.966583
245.88176
228.589447
159.139633
402.758606
429.618011
317.513245
192.728348
144.865952
105.862846
100.300102
100.571365
100.165085
100.003746
100.003746
101.372627
102.204391
100.69986
100.02951
100.003632
100.003593
100.003456
100.003311
100.003265
100.003128
100.002876
100.002602
100.002495
100.002342
100.002342
103.146324
155.497498
166.571487
157.532547
133.283966
108.719604
149.78891
343.503052
463.497498
281.001251
117.529808
64.8936081
60.4924126
59.9361992
60.2553558
60.4431648
60.1132965
66.7270432
110.630692
135.23793
114.10379
77.7844696
62.8457413
59.91996
59.9198875
59.9197273
59.9197006
59.920002
60.7019691
60.2333107
60.0165291
59.9356689
60.0058517
59.9464073
59.9357719
59.9190063
59.9189873
59.9990387
60.3638039
22.288744
71.2203522
21.0948849
75.2923203
69.942482
126.329681
117.565811
84.0061188
69.9180984
75.5599289
74.7122116
72.0374985
83.8367615
81.1550217
73.1960754
269.223755
251.817093
634.993042
711.968262
707.036255
426.087158
182.6577
226.105637
194.679825
109.37561
73.7650986
72.1937027
70.4149017
74.6447372
74.0194473
89.3155212
350.913574
586.683594
542.071594
560.316956
359.856567
165.256378
99.9197388
99.9364471
150.014954
143.232422
112.329803
108.261093
125.247154
117.583405
115.749718
110.536003
102.603973
99.9166565
99.9165268
99.9337692
99.9156799
99.9154663
126.230225
197.960754
171.102097
118.069305
119.697479
231.386108
570.129272
524.967102
260.935638
59.1164818
40.0078087
95.9883881
142.545792
101.886032
116.873779
148.582214
165.362
124.073364
128.568832
103.628304
116.263611
122.318916
110.846092
101.994286
100.007805
100.007805
100.007805
40.0078087
40.0078087
100.007805
40.0078087
40.0078087
40.0078087
40.0077095
40.0076561
100.007652
40.0076561
45.4282532
45.3379974
102.57785
100.382927
100.074089
100.007179
100.03981
100.017548
100.007179
100.007179
100.007179
101.408867
103.145866
101.964104
100.185188
100.007027
100.320282
100.1064
100.006882
100.006882
101.602806
103.074364
101.639465
136.796967
136.568802
115.392288
183.233215
262.30246
423.093384
420.796661
240.763763
121.211739
100.007492
99.9992676
99.9925613
99.9939804
100.003021
99.9665756
99.9775543
99.9666595
99.9559326
99.9635849
172.280685
346.191376
480.495361
390.290649
201.920563
115.097572
99.9088364
100.014481
99.8944626
99.8635406
99.8600922
145.234955
252.012054
392.679413
387.156921
243.164337
131.509445
102.398155
99.764473
99.7255402
99.7421722
55.0143967
52.5522079
149.17691
640.160034
528.551086
194.069809
52.2138901
52.8672485
49.8016586
49.7664566
49.7290764
69.2337265
49.6881981
49.6849747
49.6823921
50.6045151
49.732872
49.687027
49.6761818
49.6757126
49.675808
49.6763039
49.6772804
49.7168121
49.7564926
75.2689819
95.4582062
72.8980103
56.5987587
99.7578201
99.7715836
169.399963
187.43335
137.400467
106.467979
99.8133163
122.194992
110.567184
103.215797
99.8197098
99.8278809
99.8366547
99.8452759
99.8708649
99.8707047
99.8715591
99.8786087
99.8836136
99.8884659
109.787506
103.143265
100.984695
99.9130173
99.9196854
99.927475
99.9363861
99.9357834
99.9341583
99.9419174
99.9576111
99.9499359
100.043198
49.9723511
49.9824409
49.9922905
49.9983139
50.0020866
50.0028114
53.8870773
51.0993309
50.4287071
50.0028114
50.0028114
50.0028114
50.0028114
50.0028114
50.0028114
50.0028114
50.0028114
50.0028114
50.0028114
50.0028114
50.0028114
50.0026932
50.0026588
50.0026588
50.0026588
50.0026588
50.0026588
50.0026588
49.8911057
55.1566696
53.9837379
51.4019241
50.1744652
49.9130669
49.888916
49.8891678
134.767944
122.570969
72.6492462
49.8922043
49.8924942
49.8926697
49.8929214
49.8931847
49.8939781
49.9165382
49.8948402
89.7018738
80.4665527
59.8398056
49.8960991
49.8963661
49.8972588
60.5689201
55.9865837
52.0510101
51.7234459
50.5027771
50.1706734
80.0023422
80.0023422
80.0023422
81.3274078
80.2470398
80.0962982
80.0589447
88.9899445
118.606308
207.734711
429.448059
556.756104
447.732666
235.586349
120.696152
86.4729462
81.8706741
80.0035858
80.0035858
80.0035858
102.865219
95.5316544
85.3897247
80.0032959
80.003273
81.3161469
80.0391769
80.0028687
80.0024567
80.0023422
100.002342
100.002342
100.002342
144.747681
143.375656
113.178726
100.025887
100.002342
100.002342
100.00219
100.00219
100.00219
100.00219
103.532669
152.248657
174.736267
140.389969
179.034943
287.052063
303.17572
279.734619
267.103912
215.308136
144.301926
107.007034
100.002914
147.421844
771.48645
1170.35449
862.573792
394.066589
125.098442
65.3310623
60.3054543
59.9407997
59.9251022
59.9244232
59.9244423
59.9245338
59.9407616
59.9407654
110.317215
95.6660767
70.7489548
59.9243774
59.9892578
59.9316101
76.2026062
68.7357254
62.625618
59.9234238
59.9232826
59.9234848
99.2222595
85.6149673
67.7421265
62.2357979
257.465393
218.332932
110.813362
61.9774628
151.653961
314.361389
318.241852
329.53894
211.320877
105.889534
69.9233627
69.9235306
69.938858
69.923027
69.9226685
69.9223251
69.9221191
69.9217224
69.9217682
71.0010223
71.0787201
70.2788696
96.0953598
90.3829193
75.8492126
69.9202576
69.9361343
69.9196014
69.91922
69.9189911
69.9190369
69.9352188
69.918396
69.9179306
69.917778
101.06086
101.571312
100.339516
99.9160309
99.9160309
113.781555
110.525887
103.33506
103.863388
103.07933
100.676247
113.862534
195.424911
174.878479
113.774658
62.8320427
99.9120255
99.9118576
52.1144066
87.049057
88.680954
73.5379181
109.62767
56.3182144
51.5555992
49.9087753
95.3598099
88.2824478
187.111099
154.38533
82.252594
40.8004684
40.0031242
40.0031242
40.0031242
40.0031242
40.0031242
40.0029869
40.0029678
40.0028305
81.1746445
74.8371811
51.400425
40.8950615
51.1833038
210.031342
230.232742
121.847748
52.3576851
40.406517
40.0029106
40.0695686
40.342144
40.1867867
40.5768852
40.6387787
40.2913857
40.0029678
40.0029678
40.0029678
40.0029678
40.0028687
40.0028114
40.0028114
40.9378242
42.3435478
41.6705475
40.160099
40.0024986
55.1507263
77.4484863
72.7804871
52.7806969
41.4272881
40.0024986
40.0024986
40.0024986
40.0024986
40.0024986
40.0024986
40.0024986
40.0024986
44.3097839
46.6877022
43.3916664
40.2915916
40.0023422
40.2025146
42.3336983
42.4727211
40.2447662
39.9918137
7895.44531
99.9993896
126.390511
182.147781
160.197342
115.797134
99.9455414
99.9418793
99.9414062
99.9282761
102.387558
101.193611
100.384415
99.8911209
99.882782
99.8724518
100.64164
100.148705
100.002869
99.8540192
99.8489914
99.8356552
99.79599
99.7836456
110.576355
105.574036
101.522804
99.7144699
99.731308
99.7212677
49.734848
49.7706337
49.7657394
50.4460335
56.8206215
59.2457542
75.2295227
85.2247314
130.503693
103.535179
64.826004
49.6461678
49.6424332
49.6385841
49.634449
49.6308022
49.6286736
49.6691322
49.6701622
49.6283379
49.6639137
49.6640205
49.6246948
49.6233826
49.6624489
49.700531
49.6649208
49.6295357
49.6313324
54.2258377
51.3294411
50.2310791
63.0577812
131.244629
174.301926
117.238197
64.8896103
49.7870102
49.7643013
49.7676888
49.7744217
49.7554398
49.7599182
49.7684135
49.7967072
49.8046761
49.7950783
49.8029137
49.8130379
49.8240242
49.8357239
49.84795
49.8609505
49.8829079
49.9012794
49.9019699
49.9040871
50.6866188
50.1140556
50.0295067
49.9379845
49.9451942
49.9427948
49.9675331
49.9732323
49.9635696
49.9951859
49.9984627
50.001339
50.0020332
50.0020332
50.0020332
50.0020332
50.0020332
50.0020332
50.0020332
50.0020332
50.0020332
50.0020332
50.0020332
50.0020332
50.0020332
50.0020332
50.0020332
50.0020332
50.0020332
50.0020332
50.0020332
50.0020332
50.0020332
49.8884773
49.8887367
49.8890038
49.8892365
49.889389
49.8894463
49.8893852
49.8890839
49.8882484
49.8871307
49.8873253
49.8875771
49.8878288
49.8880844
49.88834
49.8885956
49.8888512
49.88908
49.8892784
49.889534
49.8899689
49.8910675
67.7120514
64.3826904
54.7645493
50.2026939
49.8946114
49.9169312
49.944706
49.8944588
49.8946877
28.1823273
83.5695419
84.5271988
80.0018692
80.0018692
80.0018692
80.0861435
80.0017166
80.0017166
80.0017166
80.0017166
80.0017166
80.0017166
80.0017166
80.0017166
80.0017166
80.0015564
80.0015564
80.0015564
80.2901382
80.0045776
80.0015564
80.0015564
80.5093689
93.6667404
93.2849197
85.2758713
80.5787888
173.97995
168.741501
127.577927
100.001564
100.001564
102.07859
102.5746
100.738297
100.001564
100.001564
100.03199
100.011223
100.001564
100.001564
103.483986
189.029114
270.475555
203.300354
119.632584
113.241028
100.001564
100.001564
110.000198
145.842163
168.214554
104.936096
108.479233
100.00927
107.928391
59.0423851
52.6477089
68.9041595
50.001564
59.914196
77.1680908
103.002029
224.621841
323.975342
237.057617
186.484863
316.344971
430.915436
294.821167
120.001472
62.8239021
59.9208298
72.3501968
100.757668
98.9894714
106.225693
86.6063461
67.3620224
172.468414
217.371582
137.57811
74.0323639
59.9941406
104.265533
159.005264
225.779663
351.854675
344.543365
184.905304
92.1702423
93.4969711
91.3868179
81.2501984
98.0742493
92.2480698
76.2201385
70.0274811
69.9448166
73.1963425
78.0315247
83.470314
165.629761
164.132675
280.347809
246.989441
188.603455
228.339188
318.29657
215.126373
104.994339
69.9221039
69.9379654
69.9219589
143.509567
149.282516
260.04245
319.263184
281.684967
162.354004
89.9067764
250.785187
273.239075
180.584091
115.869476
101.726807
101.582397
100.728951
100.422737
100.028755
99.9191742
135.079727
228.008118
224.959625
417.032166
312.931396
158.745132
103.74836
104.949593
181.959045
209.018677
160.745316
127.29895
111.727394
147.483994
143.845642
116.704132
104.474655
103.439644
101.710518
124.213554
119.361275
122.663773
138.067062
101.68132
60.9138641
43.9863892
40.0944405
155.458954
160.584579
113.653313
68.9652863
48.1006088
43.7530556
45.7399712
43.3100395
40.9283066
41.0051155
41.3199387
64.1710434
61.4783821
47.3227539
44.100441
95.5536194
89.5584335
54.7446747
40.0071869
45.2784882
106.343674
107.687721
65.3605423
50.7155724
108.121696
109.849548
105.682388
149.095795
191.504776
170.488388
147.850906
162.591217
327.389526
372.926758
286.112366
227.816345
164.126495
113.227463
100.095413
100.525902
103.477715
103.721329
100.372604
100.339615
100.112999
100.007492
67.5890808
56.5624733
83.0437469
79.9753036
68.9409256
117.415314
108.626366
109.451469
