0.0
0.0
0.0
0.0
0.0
0.0
0.0
0.0
0.0
0.0
0.0
0.0
0.0
0.0
0.0
0.0
0.0
0.0
0.0
0.0
0.0
0.0
0.0
0.0
0.0
0.0
0.0
0.0
0.0
0.0
0.0
0.0
0.0
0.0
0.0
0.0
0.0
0.0
0.0
0.0
0.0
0.0
0.0
0.0
0.0
0.0
0.0
0.0
0.0
0.0
0.0
0.0
0.0
0.0
0.0
0.0
0.0
0.0
0.0
0.0
0.0
0.0
0.0
0.0
0.0
0.0
0.0
0.0
0.0
0.0
0.0
0.0
0.0
0.0
0.0
0.0
0.0
0.0
0.0
0.0
0.0
0.0
0.0
0.0
0.0
0.0
0.0
0.0
0.0
0.0
0.0
0.0
0.0
0.0549328215
141.962738
276.924011
324.568054
191.677216
56.6239967
9.99383068
31559.9492
99.9980927
99.9983063
99.9984512
99.9984818
99.9984741
99.9984665
99.9984512
99.9986572
106.521049
126.543533
118.59111
105.881981
99.9997101
99.9998016
99.9998474
99.9998398
100.000435
100.00103
103.585655
102.603554
101.153923
100.524651
100.16256
100.002426
142.731277
142.700287
113.284264
100.002525
100.004105
100.022453
100.008156
100.002312
100.002304
100.002296
100.002281
100.002495
100.558708
101.245842
100.352966
100.228188
100.81813
100.239571
100.56015
101.289871
101.774803
102.314651
105.28054
106.277695
131.287476
134.314407
110.240494
100.119995
60.113018
231.749435
270.032928
149.644928
116.922203
95.3050079
70.682724
104.521271
215.03772
193.279526
123.315979
78.762619
64.9542313
60.3249855
60.0205421
60.02145
60.0215645
172.494904
538.828613
540.752686
238.437836
80.8870621
145.188385
140.838425
87.338913
61.7990189
60.0366707
60.0360985
60.035675
60.1522865
70.3204422
71.0484085
76.3334503
82.971611
98.582695
199.433472
185.625443
102.498962
70.0396576
70.039444
70.0391541
70.0386429
70.0381775
70.0378876
70.0372925
70.1090012
79.5195618
79.1824875
72.5995789
70.5706329
284.726746
416.165283
340.234436
224.212097
161.768433
127.014732
98.7544174
78.7396545
71.6169357
70.4796829
70.136528
100.836754
101.411888
100.408203
100.049553
100.049042
100.048912
116.407181
225.28685
322.726959
257.709808
473.331024
470.595123
299.571106
222.565735
175.783997
123.92514
111.569855
109.667824
103.699646
100.507767
100.247894
100.158875
126.464516
127.243416
107.781662
101.473145
102.197334
100.621307
100.061775
100.061935
100.06292
40.0621376
42.6797142
42.3886604
52.5564079
55.1033211
49.5778503
72.7578659
254.313873
589.016907
540.996521
233.721863
66.0107498
271.574463
322.671539
170.746155
66.9159546
57.9995804
54.3341866
44.6369972
40.0638351
40.0628738
40.0619812
40.0612183
42.6898689
334.622314
371.366882
163.766968
57.2148438
46.6939049
42.195755
100.061325
100.060616
100.059418
100.058815
100.057991
100.570084
159.252289
157.96524
115.377083
128.943359
136.658829
126.158485
112.238632
102.168556
304.766144
306.813324
160.68399
102.407326
101.100929
100.143219
100.058304
272.876862
442.101685
318.235291
236.510071
316.940613
281.40274
163.630478
107.279716
100.480721
100.100014
100.067093
100.066635
100.065895
100.065643
101.738617
113.273994
342.088379
396.063904
229.713303
119.835625
100.095322
100.083527
100.068405
100.068039
100.067307
288.764526
276.726379
155.468307
408.578064
445.883636
228.10199
111.624435
100.07254
100.072174
100.071762
110.029846
200.314789
180.784164
123.939056
100.074501
50.0737877
50.0725708
52.0683022
79.5905304
249.818039
250.927689
123.941574
351.565765
323.97583
133.136246
100.072029
100.071342
162.034363
210.331543
261.799164
203.042404
388.855896
610.633545
630.634094
529.30072
605.700684
388.524506
196.092621
100.078278
100.077065
100.076385
100.075386
100.074303
100.072914
100.07196
101.020653
189.791412
216.202881
154.762222
206.181885
188.923828
129.716156
101.9627
121.674255
112.488297
105.947334
101.038979
100.500877
100.378693
100.073204
100.069847
100.065552
100.064774
100.064018
100.063309
100.062691
100.06192
100.06134
100.060699
100.060127
100.222794
100.059196
100.058517
100.058052
100.057449
100.056953
100.054886
100.055008
100.054077
100.054199
100.053223
100.259956
100.515999
100.180016
100.116508
100.05188
102.236481
101.25119
102.682121
51.2910728
50.5041885
51.008976
51.2518806
50.5812836
50.2341537
50.0478745
50.0473709
50.049324
50.0492935
50.0475616
50.0477104
50.0454636
52.1621017
51.4360275
50.8027458
100.10009
100.041695
100.041458
100.041191
100.040886
100.040741
100.040581
100.040398
100.040123
101.095139
100.742844
100.851166
100.111382
100.064888
100.039223
107.09446
139.601654
126.226952
108.995094
100.044106
238.856873
389.004211
297.629089
150.036194
100.051376
101.197098
101.424362
103.347778
101.839928
101.398346
100.094269
80.0583115
80.2543869
80.0491028
80.0456314
80.0445404
80.0435638
80.0424347
80.0416565
80.0410004
80.0404053
80.0399704
80.0405655
80.0435257
80.0420837
80.0385971
80.0421753
80.0418625
88.8789368
274.364868
329.587341
203.758057
216.707855
858.059692
822.62677
541.359436
311.473633
151.59201
81.1461258
80.0530167
80.0519333
100.16732
100.505707
100.182968
100.049004
100.048447
100.291992
100.927399
100.361359
100.064636
100.044846
100.043648
100.044731
100.088646
101.334129
494.235077
957.519043
983.83728
984.563477
1127.10352
771.536865
362.220734
192.324982
127.279236
112.797485
257.612549
346.229156
247.845337
136.342224
102.577332
101.194031
100.387329
60.0579987
60.0570755
143.834793
131.742188
81.6723709
60.056221
224.707031
489.794189
374.820557
141.291611
60.1409645
100.055099
100.054321
100.053291
60.0523758
60.0515175
99.2626266
409.692139
799.663147
638.154541
306.288757
620.593079
683.883423
690.219177
663.09491
646.806641
672.015686
655.578735
350.447266
110.452675
100.058182
100.057693
100.057098
100.056442
100.055695
100.054932
100.054474
100.05394
100.053322
100.052734
100.052361
100.051872
100.050499
100.050804
100.05014
100.049942
100.049171
103.764221
103.400887
100.897797
100.047905
100.04747
267.031616
326.123077
211.53241
118.656204
103.202911
121.080002
143.397568
129.974792
107.738762
101.102158
100.388222
100.150612
100.07373
100.05304
100.052559
100.052216
100.051674
100.144279
100.605545
100.849701
100.250298
181.466431
183.999298
124.760017
100.660545
102.902016
363.171631
414.801117
227.362366
113.88633
100.057518
100.057266
103.668556
104.160744
101.120995
100.055473
101.085953
101.722237
102.117676
116.122108
54.649765
104.44989
113.903061
639.315186
630.934021
502.332825
454.617432
315.263428
240.63768
159.594116
117.156181
608.836121
1037.14185
852.357544
956.247803
991.230774
611.712219
175.947708
100.064751
100.063744
100.062912
100.062202
103.965851
192.329041
490.781799
488.904846
539.997192
772.549316
748.806213
671.149109
1041.15503
886.137268
707.956543
684.149353
691.398926
611.651123
393.582367
360.224823
360.267914
348.255524
132.967209
100.078033
100.077682
100.076736
100.076027
100.075287
100.074493
100.073875
100.073204
100.072609
100.071861
100.071449
112.724884
129.264526
118.98848
103.585419
100.070076
100.069717
100.069031
101.593254
104.109421
101.285332
100.460785
101.450676
101.092598
100.389511
100.106743
100.0644
100.063828
110.784317
105.669395
101.829033
100.391602
100.079033
489.16806
479.836487
214.768921
107.179939
103.340202
101.14138
100.064537
100.064507
100.064301
102.948265
101.567184
100.614845
100.06292
100.059906
100.059509
100.059319
108.674789
53.7620583
51.217701
50.0599937
50.0594521
50.0582275
50.0564804
50.0556755
50.05513
50.0540886
50.7539482
151.93927
127.427216
73.3619766
50.0552368
50.0543785
50.0540428
50.0526695
50.0520973
50.0517883
50.0511436
50.050518
50.0501633
50.0498161
50.0489578
50.0486565
50.0484581
50.0478134
50.0473175
50.0471115
94.3826675
130.727219
110.509125
100.364685
100.048615
100.048477
100.048302
140.838898
129.202087
109.067162
100.04998
100.049248
100.048721
100.048248
100.047905
100.047722
100.047394
100.047073
100.046532
100.045921
100.045059
100.045273
100.04464
100.044312
100.044006
100.04361
100.656197
100.204773
100.132072
100.042297
100.041824
100.04142
100.039452
50.0393562
50.0393028
50.0391273
50.0397568
50.0397034
50.0386353
50.0385628
50.0383644
50.0383072
50.0380173
50.0379639
50.0376396
50.037468
50.0371323
50.0368385
50.0366096
50.0362549
50.0362244
50.0361824
50.035984
50.0360222
50.0997162
84.8961792
74.4031677
58.01577
50.0397682
50.0396919
50.0352859
100.035156
100.035072
100.034988
100.034927
100.03479
100.034706
100.034576
50.0343819
50.0342674
50.0340729
50.0336609
50.0330658
50.032795
50.0327644
50.0327454
50.0327225
50.0327072
50.0324631
50.0325089
50.0321884
50.0323906
50.3406944
50.0455246
50.0350456
50.0347595
50.0322647
53.5824318
53.9004631
51.6588631
50.415493
50.0334053
80.033226
80.0332108
80.0332489
80.8268051
80.0660324
80.032486
80.0321503
80.036293
80.0363235
80.0337982
80.0338058
100.511162
93.8956299
377.874329
352.306976
166.826721
80.0430832
80.0417557
80.0402908
84.7761993
89.9269409
85.9314346
81.7067184
80.0424042
114.631744
112.168335
92.4720078
87.5403748
84.8367767
81.746376
111.228317
111.933228
111.565491
109.698067
105.887199
117.889145
137.281357
397.111359
338.349182
400.720581
1445.60974
1828.97766
994.113525
269.285095
104.565361
105.572227
103.145012
102.495026
100.732956
100.051033
100.05027
100.049759
100.049149
100.048584
100.047981
100.075943
100.206604
108.883034
110.44146
103.877022
100.291641
60.0446892
60.0418663
60.7669754
62.0430756
63.3900299
97.2568207
109.112488
90.2596741
69.1750259
61.5266113
73.6636658
68.9753952
62.8031273
237.057938
283.425171
355.177765
429.547424
407.935699
548.681213
443.724121
215.803101
94.1849976
69.9956512
235.303375
678.10022
565.518799
199.448334
65.4455643
62.8325157
61.1566887
100.161133
110.676094
130.674194
123.170296
105.832077
100.05397
102.30809
102.648697
101.020065
100.867981
70.786705
70.2678223
70.1053772
70.0724106
70.0546951
70.0495377
93.8097
110.130096
102.76844
83.8224335
72.4760742
70.1335373
86.0421753
93.5936661
82.959671
72.8046722
79.7730331
425.388062
577.599304
338.543976
124.305695
102.876389
100.282738
100.055161
101.550453
102.22702
100.622429
100.053642
100.053268
100.052765
100.052422
105.794228
106.099304
101.616478
100.050911
100.050217
102.55323
103.155647
110.289108
173.674744
261.519348
237.525024
246.540222
283.737091
210.929337
139.192352
154.141373
260.077271
258.481506
163.666107
225.017242
220.377167
75.5802689
40.4530334
40.7984657
40.6734352
40.3277893
40.0665474
40.0654373
40.0644226
40.0635834
40.0623894
91.7965622
371.213409
1059.95947
881.313721
371.773102
366.243042
301.08252
110.807297
100.068871
100.068054
100.066956
100.066315
100.065338
506.013855
515.962524
235.070099
291.150391
381.918793
138.568451
124.74427
112.455521
103.146622
102.441299
101.621117
149.626785
148.32637
155.380066
142.077103
110.714539
100.064156
153.980438
297.733307
316.899292
198.395935
115.024391
100.068359
100.067848
100.067314
106.166023
127.256378
121.723457
104.75444
180.869598
300.038513
244.522995
234.743851
243.041504
172.696304
171.664215
157.377731
116.080315
100.606026
100.311134
100.074669
100.074127
108.68441
104.42144
101.452789
158.470612
186.970673
337.055908
290.753204
155.670761
100.672638
100.164444
100.077347
100.076965
100.076469
100.075966
100.075768
100.075531
100.285233
100.074417
100.074104
132.41571
162.180481
135.985855
108.669426
103.668098
101.936493
100.737907
50.0743256
50.0734138
50.0720825
50.0710526
50.069809
50.068737
50.0678978
154.512909
507.576355
473.291077
184.245453
58.0814896
125.941803
1220.66296
1528.79565
874.124634
1296.36597
1021.23187
778.512146
130.603241
100.068863
100.067551
100.066536
100.06562
100.064651
100.063789
100.063156
100.062263
100.061211
100.060844
103.841072
342.982788
802.468018
782.491089
366.995148
585.298767
482.4198
323.526428
100.408936
100.093475
100.079269
100.060654
100.059662
100.05912
100.058762
100.058372
100.057495
100.056793
100.056465
100.056114
100.055511
100.055161
100.054901
100.054184
100.053787
100.053886
100.053436
100.052979
100.052704
100.052299
100.051895
100.048981
100.050575
100.049286
100.046997
100.049271
106.604172
102.958572
101.049644
102.595963
101.16404
104.705139
110.187569
117.909172
120.32563
124.830444
110.910301
102.818573
100.048676
100.048599
102.982521
101.513138
77.0680618
50.04842
50.0484047
50.2040062
50.0491028
56.891243
53.4340057
58.9929047
113.575363
110.392586
113.363037
138.906586
125.04158
107.813461
123.407196
134.698898
154.807785
131.82428
109.614243
100.052872
102.014488
102.560387
101.01973
100.268082
100.051285
100.746468
100.124123
100.073784
100.049286
107.371941
104.537071
101.734024
100.947884
183.956085
232.085693
453.715515
654.688293
574.566101
299.019409
138.856918
100.328079
100.058464
100.057404
100.056641
100.055702
100.055077
100.395073
100.053658
100.052826
100.052429
100.051682
100.051048
100.050262
100.049538
100.048996
100.046219
100.045135
100.044258
100.04348
100.042618
100.045227
272.254761
446.480347
383.735107
229.766235
679.712463
736.680176
468.078064
253.17627
159.296341
106.113808
100.310883
100.536041
100.192307
100.055588
100.054581
101.160294
101.970673
100.664566
100.075905
100.051559
100.050697
100.050163
100.049767
100.049248
100.04882
100.047447
100.045441
100.04583
100.044975
100.044067
102.623108
207.235046
230.842987
197.141785
152.877274
114.009811
189.218628
612.248413
818.615234
453.832367
147.887573
64.6049271
60.5419235
60.0535469
60.3194122
60.4781303
60.1973076
66.1525497
132.469315
164.685257
132.0401
82.7030106
63.4289093
60.0513763
60.0502777
60.0495682
60.0488853
60.048439
60.7137833
60.3154068
60.1281815
60.0459518
60.1079102
60.0551643
60.0456352
60.0441551
60.0436897
60.1003036
60.407917
112.419235
142.167191
133.047379
108.713821
100.0784
210.062897
212.032028
133.155411
100.0457
106.0382
105.802109
102.518066
116.56916
115.716888
104.548363
543.407837
565.5896
1061.25952
1185.54541
1076.52393
670.866699
266.028473
573.793335
311.695831
239.634506
221.717438
220.113388
100.469955
104.00116
103.717049
116.594139
510.69458
928.551636
820.621704
1333.52466
1304.41797
1153.07227
751.892639
452.162537
175.831482
135.185715
110.412895
104.935875
116.61998
113.371407
110.752754
107.774078
102.076279
100.065552
100.064911
100.064301
100.064583
100.063934
119.391785
212.973877
201.307465
127.831482
114.600693
268.898193
759.119324
711.363525
309.28772
306.081329
281.800385
310.474609
181.215088
153.225693
164.09259
191.122314
207.618713
172.258148
153.268921
150.216919
109.806686
114.211845
107.177185
101.393349
100.07135
100.070572
100.069336
100.068268
100.067329
100.066528
100.065353
100.064674
100.063698
100.062943
100.06189
100.06144
100.060593
43.68647
43.7198296
101.888245
100.347458
100.109962
100.056137
100.081535
100.063538
100.053635
100.053001
100.052055
101.266869
103.020279
102.002487
100.22757
100.049248
100.341896
100.143181
100.049103
100.049042
101.68174
103.374161
101.928505
152.910675
154.129013
119.831787
275.007141
431.298889
711.969421
658.277466
322.477264
127.75515
100.060501
100.059937
100.059822
100.059479
100.058571
100.058121
100.058151
100.056831
100.056892
100.056732
192.1931
476.841461
668.497314
485.354736
216.415268
112.930275
100.064667
100.117973
100.063736
100.06282
100.063316
129.643738
250.674652
415.373871
392.528076
226.445404
123.314888
101.489937
100.070633
100.06855
100.069572
102.422066
101.347771
189.230133
775.082886
717.893372
284.034241
324.527222
358.675568
229.824677
100.074669
100.06472
100.063911
100.062943
100.062172
100.061485
100.420944
100.060257
100.059151
100.058342
100.057648
100.05677
100.056435
100.055672
100.055542
74.2485886
68.8354645
96.0125885
74.6817398
57.1352501
100.055092
100.054733
203.995361
220.388016
152.84491
108.645058
100.056763
120.080162
111.44133
103.625595
100.055634
100.055229
100.054779
100.054329
100.054024
100.053764
100.053169
100.05278
100.052582
100.052246
107.741386
103.608406
101.224884
100.050865
100.050331
100.050606
100.050606
100.049278
100.049316
100.04966
100.04966
100.049263
100.08712
50.0439682
50.043911
50.043457
50.0431747
50.0429459
50.0427094
52.9640884
51.3613853
50.56567
50.0417252
50.0414581
50.0411835
50.0411453
50.0408745
50.0405312
50.0402641
50.0401459
50.0398026
50.0398521
50.0397758
50.0391998
50.0389748
50.0386925
50.0384598
50.038166
50.0381508
50.0381165
50.0378189
100.035988
105.209534
104.741989
101.951294
100.410103
100.038635
100.037834
100.035049
367.932892
344.276672
177.336472
100.042107
100.041702
100.041237
100.040771
100.04039
100.039658
100.039841
100.040283
181.63092
169.705643
122.829147
100.044128
100.04335
100.042725
113.213875
109.063263
103.269424
101.747581
100.915771
100.431725
100.042831
100.044067
100.043793
101.226196
100.353233
100.15802
80.088295
92.3118362
168.184296
437.244446
944.467407
1085.04285
750.687073
334.186798
149.437988
105.824745
101.507072
100.052521
100.051689
100.050781
120.812164
116.39045
105.726479
100.048561
100.047623
100.953682
100.080391
100.045555
100.043831
100.04377
100.040039
100.039513
100.039215
176.438873
178.571121
123.85997
100.073433
100.043205
100.042152
100.042305
100.041115
100.040421
100.039513
103.652618
204.440475
247.505753
174.171509
261.843689
491.722137
489.200134
400.197906
356.67981
262.957581
154.906708
107.313957
100.057373
165.443176
1244.76819
1808.30737
1270.276
538.855957
550.47467
249.893814
230.475037
118.827873
100.059166
100.057327
100.056091
100.054848
100.054314
100.053421
160.872833
149.026245
114.929825
100.050858
100.097603
100.056503
115.395683
110.057487
103.119255
100.047249
100.04657
100.046021
150.363358
99.3499603
71.9257126
102.662994
448.69574
448.654877
180.88092
102.205055
207.562286
485.80304
516.848511
487.431396
507.851349
347.743896
320.589722
254.537674
100.054474
100.054352
100.053329
100.052933
100.052368
100.05188
100.051453
100.934929
101.013138
100.358742
124.205711
123.01445
106.547569
100.049721
100.048714
100.049377
100.04863
100.048195
100.047821
100.046883
100.04747
100.046532
100.045937
101.162575
101.703163
100.476494
100.044556
100.044212
113.144409
113.409874
104.365303
104.614159
104.447044
101.119698
116.130768
296.22821
377.138306
245.936676
126.91053
100.051735
100.051445
102.008774
140.27655
150.350128
122.168091
109.597977
106.979439
101.845612
100.053101
154.414215
158.130127
328.975525
319.375916
167.309357
40.8424988
40.0596962
40.0586395
40.0576286
40.0565529
40.0556335
40.0545616
40.0536842
40.0531807
90.6539001
90.9762268
56.7573128
40.9759064
51.0056229
378.73114
425.036346
189.474121
55.5080757
40.4322701
100.054138
40.1087608
40.342205
40.2091827
40.5393028
100.616119
40.3086853
40.0489235
40.0478554
40.0469971
40.0467186
100.04599
100.045311
100.044449
100.907394
102.399147
101.740166
100.199402
100.041901
116.584747
151.787109
147.720093
118.150116
101.969749
100.04528
100.044632
100.044044
100.043182
100.042267
100.041847
100.041275
100.041351
104.56105
107.757294
104.285568
100.412926
100.039986
100.241898
102.677628
102.844086
100.318985
100.038795
100.039322
100.038307
139.204239
273.940369
238.221375
138.809235
100.047516
100.047508
100.04705
100.043678
102.37365
101.272652
100.515358
100.042221
100.04184
100.041229
100.757545
100.292183
100.174202
100.04483
100.04483
100.044289
100.038651
100.039978
111.836357
106.411476
102.024185
100.038208
100.039436
100.039192
50.0415535
50.0423088
50.04245
50.7174492
58.1503639
61.8873138
90.4268494
106.474792
223.642761
174.543137
86.3652878
50.0473824
50.0472412
50.0469055
50.0463905
50.045681
50.0449905
50.046299
50.0460052
50.043644
50.0444832
50.0445976
50.0427208
50.0424232
50.0414047
50.0419655
50.0418472
50.0404434
50.040062
54.4406891
51.575325
50.5441475
67.9015961
279.358337
386.176636
233.293549
88.3697052
100.048607
100.048035
100.047852
100.047752
100.046684
50.0464554
50.0457306
50.0456734
50.0457916
50.0439949
50.0434952
50.0430794
50.0426216
50.0420761
50.041584
50.0413208
50.0450058
50.0447617
50.0446701
50.0399513
50.7024956
50.2168961
50.1409798
50.0409279
50.0382347
50.0411415
50.0409431
50.036129
50.0396576
50.0394783
50.0356026
50.0355377
50.0353203
50.0352516
50.0354271
50.0350494
50.0350113
50.0348625
50.0350075
50.0346413
50.0346069
50.0344543
50.034256
50.0342255
50.0341835
50.0338554
50.0337105
50.0336609
50.0335884
50.0335464
50.0335045
50.0334549
50.0332489
50.032093
50.0320168
50.0319786
50.0319252
50.0318527
50.0317574
50.0316315
50.0314445
50.0311356
50.0307426
50.0306854
50.0306396
50.0305023
50.030407
50.0303574
50.0303192
50.0302887
50.0302505
50.0301933
50.0303993
50.0300446
50.0302238
73.3956299
68.0377502
56.4668961
50.5629463
50.036335
50.032917
50.069355
50.0356216
50.0323563
121.84166
113.358337
91.4825211
80.0392609
80.0375137
80.0362625
80.1370087
80.0397797
80.033165
80.0326767
10.0113726
70.0527191
80.030899
80.0305481
80.0304031
80.0302811
80.0298386
80.029808
77.7674713
10.3336544
70.0656509
80.032196
80.0295334
80.6352234
105.418243
104.695518
90.436409
81.4078445
449.5896
430.714447
160.406403
100.040863
100.040222
102.659752
103.518349
101.016457
100.037621
100.037804
100.077049
50.0478516
50.035099
50.0350952
54.6055069
332.099121
550.378296
423.310913
188.874313
121.926567
100.048744
100.048531
110.132027
289.252075
321.968994
190.779388
110.472862
100.058022
107.543785
108.703239
102.572701
100.048897
100.048271
60.0460052
79.8644104
122.231201
403.01181
592.50708
385.728973
260.287994
492.667572
695.509033
447.118713
152.727661
62.6527328
60.0544968
71.7546844
109.725952
106.073738
116.724823
92.6684723
69.2133255
276.699188
339.28299
185.284698
79.365921
60.1200218
118.549805
209.678162
339.782806
573.915955
538.439941
255.323318
100.659081
91.6926117
91.617569
80.7978897
98.1423111
94.9738464
77.024498
70.1562958
70.0804138
73.0155563
77.6490707
83.5630188
232.111115
243.783539
431.616272
398.760681
238.731903
280.586823
430.488098
313.132507
159.404144
100.069336
100.068794
100.067749
176.254776
198.152283
353.345398
469.976562
392.787537
225.682632
125.070778
266.989563
321.597656
204.291962
117.348991
101.261032
101.271347
100.597626
100.436302
100.15937
100.074875
124.518379
249.680511
267.721619
509.19455
457.292358
204.463608
102.136253
103.169998
167.463776
201.125641
157.455887
120.868965
108.569298
133.027191
136.464478
114.393105
103.114258
102.464584
101.197533
115.701416
115.714798
118.38475
142.140915
100.233841
58.8212395
43.5282822
40.147007
184.786011
201.557953
119.943817
65.2704086
47.1190186
42.3317642
43.7249336
42.3562965
40.7383614
40.6847992
40.9315414
59.1424561
58.8226891
46.6319466
42.9515228
103.525604
102.385437
59.21381
40.0743065
43.7303581
124.338715
129.62941
72.1570587
48.4196892
106.54705
107.848038
105.2313
156.89502
213.567047
185.740692
149.09523
163.903519
440.688538
505.391663
328.859039
217.564484
157.410889
112.041466
100.132576
100.307747
101.772346
101.982727
100.271309
100.235977
100.129341
100.079201
100.078667
100.540085
122.685379
122.929131
113.589691
153.986633
147.092422
149.674713
