0.0
0.0
0.0
0.0
0.0
0.0
0.0
0.0
0.0
0.0
0.0
0.0
0.0
0.0
0.0
0.0
0.0
0.0
0.0
0.0
0.0
0.0
0.0
0.0
0.0
0.0
0.0
0.0
0.0
0.0
0.0
0.0
0.0
0.0
0.0
0.0
0.0
0.0
0.0
0.0
0.0
0.0
0.0
0.0
0.0
0.0
0.00312364008
0.00312364008
0.00312364008
0.00312364008
0.00312364008
0.00312364008
0.00312364008
0.00312364008
0.00312364008
0.00312364008
0.00312364008
0.00312364008
0.00312364008
0.00312364008
0.0
0.0
0.0
0.0
0.0
0.0
0.0
0.0
0.0
0.0
0.0
0.0
0.0
0.0
0.0
0.0
0.0
0.0
0.0
0.0
0.0
0.0
0.0
0.0
0.0
0.0
0.0
0.0
0.0
0.0
0.0
0.00312364008
0.00312364008
0.219067886
31.8362961
47.26754
61.1797829
39.6196823
13.5326767
10.0015631
2.43411016
0.00312372856
0.00312364008
0.00312364008
0.00312364008
0.00312364008
0.00312364008
0.00312364008
0.00312364008
2.89883375
8.98797417
6.10461712
1.85858476
0.00312364055
0.00312364008
0.00312364008
0.00312364008
0.00312364008
0.00312364008
1.38835669
0.992869973
0.438888341
0.221439898
0.0655428097
0.00312364008
10.7716656
11.2004824
3.36349034
0.00312364055
0.00312364008
0.009754017
0.00522998162
0.00312364008
0.00312364008
0.00312364008
0.00312364008
0.00312364008
0.229223236
0.501646042
0.1438912
0.0923532397
0.326010674
0.0967429876
0.239790037
0.511476874
0.770323038
0.89114666
2.2027564
2.27813387
9.08438396
9.02312183
2.74652982
0.0
0.0
27.5683174
28.071682
18.0725555
22.1538849
12.0063591
4.15158844
12.5972395
34.2222939
20.1582527
17.9255409
11.8492804
5.09274149
0.038927123
0.0
0.0
0.0
26.4710503
88.6250534
92.4720764
38.9739761
10.4276609
35.2487411
18.7573738
10.6673403
7.5833602
0.0
0.0
0.0
0.00954690855
0.104482681
0.532216251
3.46688747
6.29511547
12.2021675
37.9076233
16.5914841
9.91600895
108225.32
99.917511
99.9174042
99.9172897
99.9171677
99.9177017
99.9345016
99.9786987
105.12532
104.129051
101.08152
100.20649
150.777542
176.628662
167.23732
147.288544
134.424362
123.725227
112.526794
103.901039
100.780037
100.169746
99.9662781
100.439812
100.683647
100.113708
99.9179993
99.9179306
99.9182358
109.365021
141.04863
164.259247
144.875198
209.005188
200.380356
170.298676
155.791153
135.921814
112.220711
107.919182
106.324135
102.302879
100.254456
100.068474
100.025124
116.438232
115.330711
104.211067
100.978775
101.419891
100.315727
99.9526596
99.9339218
100.030006
40.0305748
42.0707817
41.663559
47.8709984
48.6511269
45.3456116
56.5574036
108.447586
200.678925
192.182098
104.536201
50.5506363
125.98642
149.924225
99.2635117
56.3804436
53.2096024
50.3474693
43.2953873
40.0654488
40.0670013
40.068428
40.0697327
42.3776588
141.457565
158.289658
88.8709488
51.5881882
45.2167664
41.7153511
100.08461
100.086174
100.087387
100.088615
100.089493
100.539276
131.365265
128.99527
108.1008
76.2120743
62.6627693
56.2312889
47.5540352
41.4072113
113.990906
110.757721
61.2872925
41.9597397
40.9254646
40.1710701
40.1056137
107.986603
171.147369
121.415016
104.43055
143.320557
128.609268
79.4684143
102.898582
100.543068
74.5488739
100.141808
100.123039
100.120857
100.11554
102.11171
112.073586
202.047333
227.12323
157.999634
110.622314
100.112144
100.091339
100.082916
100.065002
100.057251
192.409332
173.581863
124.087395
197.473236
257.919006
110.92588
107.706657
99.9810638
99.990242
99.9837723
112.270554
168.643433
47.3832703
112.905396
99.9587784
50.0070724
49.973278
52.9604568
78.6875534
160.820099
156.807892
87.5044403
220.736237
163.222183
82.3318787
49.8974495
49.9324188
105.946274
137.506653
166.182785
114.581573
234.769089
336.498535
347.785126
314.557983
194.79715
88.2767563
53.8517685
49.8944702
49.8969727
49.9365463
49.9771271
49.9467773
49.9141693
49.948391
52.1454926
123.713631
142.181396
89.3132706
133.793396
161.451828
70.5219345
101.940437
125.653053
61.5627975
57.2944298
101.081398
50.5145187
50.7912254
50.1023598
50.0942154
50.0957909
50.1047974
50.1135483
50.1215973
50.1290817
50.1360397
50.143013
50.150074
50.157608
50.5286369
50.1788216
50.1780319
50.1817284
50.1851463
50.1876106
50.1493835
50.1774673
50.1642303
50.1723328
50.1976852
50.619339
51.093132
50.3376884
50.2705803
50.198864
53.4794388
51.585762
53.4802818
51.426403
50.5526237
51.553669
51.6197701
50.5394402
50.3136902
50.1966324
50.1962852
50.1958885
50.1956139
50.1954422
50.1951332
50.1946983
52.8915672
51.3718491
50.6367722
50.1177368
50.0836868
50.0836906
50.083786
50.0834923
50.0833435
50.0833931
50.0829773
50.0830345
51.3918991
50.8024712
50.9663429
50.1223602
50.0974655
50.082386
56.699585
71.8759842
62.0423584
53.8001404
50.1022949
92.2867126
127.902397
91.8879623
60.781765
50.0796165
51.4495392
51.4836464
53.0565948
50.9418488
51.2252121
50.2015953
80.1847687
80.5122681
80.1788254
80.1783218
80.1774826
80.176918
80.1760712
80.1755142
80.1746674
80.1739655
80.1732407
80.1725616
80.1718369
80.1711578
80.1705475
80.1696701
80.1691055
16.4867821
119.073639
136.83548
107.649612
120.602493
284.098206
242.000458
221.366638
151.768127
102.277168
80.862793
80.1634064
80.1629791
100.249161
100.50676
100.266495
100.161453
100.161118
100.341827
100.81028
50.4042778
50.1744156
50.1583366
50.1576424
50.1570435
50.1939278
51.2985764
167.549637
295.942017
327.996399
390.476013
516.332275
352.144653
252.999481
163.126221
119.468605
114.243828
197.065582
243.974411
188.842117
125.392609
102.809166
101.60675
100.564438
60.1372299
60.1530647
118.47966
106.705482
74.5033417
60.1540337
152.629395
283.857178
204.703644
97.5978394
60.2287445
60.138176
60.1537781
60.1538277
60.1538162
60.1538467
98.1466446
260.720551
457.931396
357.936523
192.052078
103.285301
103.185822
364.660126
418.342041
236.166718
154.647507
102.263794
72.7601471
60.138237
70.1380997
70.1380386
70.13797
70.1379013
70.137825
70.1377411
70.1376495
70.137558
70.1374588
70.137352
70.1372452
70.1373062
70.1527176
70.1369324
70.1367493
70.1367874
70.1524582
76.2631912
74.9913406
71.3835373
70.1357346
70.1356659
174.689301
200.34726
131.864273
81.2461777
73.7856674
92.8056946
109.92659
92.5317307
75.9255142
51.118248
50.4715462
50.2289963
50.1696854
50.1324921
50.132225
50.1319847
50.1319351
50.2633171
50.7938194
50.971096
50.3323784
108.201111
93.0353241
62.7792053
50.6481628
53.2030373
187.961166
189.593964
107.43158
58.328373
50.1270676
50.1269569
54.6946106
54.089077
51.1274376
50.1255646
51.2686005
51.7462196
52.344677
68.037674
51.4320145
89.383316
85.8783875
353.324707
261.632019
286.986542
275.741882
216.047089
156.069016
90.5676041
58.3297768
399.019501
690.287964
426.198975
128.249542
40.2202187
40.2202187
40.2202187
40.2202187
40.2202187
40.2202187
40.2202187
47.4416542
127.871979
330.935333
336.650635
426.535156
457.064789
299.868073
154.227783
598.690308
695.677002
387.456329
158.040466
180.619736
447.12439
420.303986
207.57753
159.860748
150.430344
112.916946
100.220222
100.220222
100.220222
100.220222
100.220222
100.220222
100.220222
100.220222
100.220222
100.220222
100.220222
121.237991
142.557999
125.772156
104.947052
100.220222
100.220222
100.220222
102.780708
106.823135
102.265457
100.892746
102.392159
101.828728
100.742073
100.257202
100.180672
100.170914
115.800209
108.467773
102.693192
100.622604
100.173248
337.631195
335.486542
171.507401
111.243889
105.364792
101.801445
100.080284
100.074821
100.064018
104.964935
102.702278
101.010872
100.002838
99.963974
99.9478149
99.9375458
113.424149
56.0342674
51.8831291
50.0207901
50.0144386
49.976223
49.9384499
49.9302826
49.9241486
49.9186363
51.0892982
122.721008
110.37413
68.0921478
49.9464989
49.9329147
49.9291
49.8914528
49.8892479
49.8884468
49.8880806
49.8882294
49.8888588
49.8899384
49.8913918
49.8932838
49.8956833
49.8984871
49.901722
49.9057693
85.8787689
125.227669
108.473206
100.194878
99.9842224
99.9905624
100.024239
127.851288
118.422585
105.770966
100.043381
100.034019
100.041008
100.04863
100.056015
100.062912
100.069252
50.0752563
50.0815353
50.0881195
50.1008606
50.0992203
50.102478
50.1062698
50.1108208
50.1160126
51.0883904
50.2658424
50.2036972
50.1349754
50.1403542
50.1460876
50.1378975
50.1470947
50.1567307
50.1678886
50.15271
50.1790009
50.1808586
50.1806221
50.1803322
50.1801414
50.1796684
50.1796112
50.1793747
50.179081
50.1784782
50.1783638
50.1781273
50.1775932
50.1771507
50.1769943
50.1768379
50.1762123
50.2701607
69.9627075
63.6954041
54.4748039
50.1744957
50.174202
50.0565414
50.055954
50.0558281
50.0555
50.0552864
50.0551796
50.0549011
50.0545807
50.0546227
50.0541344
50.0536346
50.0522804
50.0486755
50.0479431
50.0474815
50.0469513
50.0467606
50.0460815
50.0459175
50.0452461
50.0451698
50.0458717
50.3889427
50.0498734
50.0697746
50.0438728
50.0441055
52.7247696
52.4428635
50.8446579
50.2207222
50.1556931
80.1549911
80.1542664
80.1533203
80.8042221
80.1626968
80.1511307
80.1501846
80.1491318
80.1484375
80.1474075
80.1465149
90.4698715
86.695076
136.332718
122.77536
93.391037
80.1416016
80.1408386
80.1399002
82.6433182
84.4424362
82.2946701
80.7287674
80.1357574
91.6159439
13.1688395
79.9222641
83.1949081
81.7123184
80.6940613
104.280396
53.9196014
54.1243095
53.0603409
51.9933434
56.1027298
61.120472
104.872643
95.6083527
119.830948
376.883301
527.092224
323.529633
108.855164
104.603806
105.152817
102.997025
102.283432
100.754333
100.16301
100.164124
100.164993
50.1652451
50.1653633
50.1653976
50.1917381
50.3180962
58.0639191
58.4866943
53.1564598
50.2662735
60.0962486
60.0791359
60.632637
61.5157394
62.3287621
79.7279816
85.0592194
74.9969406
64.5877838
60.8638802
68.1674271
64.9593887
61.5725632
115.609543
132.668213
158.321335
181.567535
182.573853
244.854889
201.649109
133.652405
81.998291
66.9860153
144.769333
333.808624
246.416382
111.873779
65.3660736
62.7231674
61.1659355
11607.1768
111.30809
126.620758
116.027985
104.002617
100.125519
102.21064
102.358879
100.905968
100.877457
100.761559
100.297737
100.18869
100.142799
100.127945
100.124092
121.143478
127.746628
120.511909
107.796326
101.490593
100.209267
113.619583
115.26284
107.610947
101.707314
108.201637
249.078339
280.049072
188.723785
121.442711
101.929092
100.265488
100.118484
101.578896
101.867294
100.559471
100.117493
100.117165
100.116432
100.115906
106.61998
104.661507
101.245491
100.113838
100.131248
102.557777
102.322815
109.605431
145.830872
179.242004
159.194931
179.224182
195.526428
144.792496
124.971916
143.634857
199.612839
178.986359
130.570602
186.620728
152.508972
55.0960617
40.5303688
40.9347878
40.735981
40.4229698
40.2127991
40.2128944
40.2129936
40.2130318
40.2130508
79.013855
192.855667
517.805359
359.48819
211.484894
266.502197
178.404037
75.4200211
40.2202187
40.2202187
40.2202187
40.2202187
40.2202187
296.184601
257.351807
118.141594
57.3684006
47.7551193
69.5431595
70.4002838
114.771179
104.79583
103.475403
102.764702
154.386124
144.992294
159.076477
139.508408
109.950409
100.220222
156.191986
254.000275
265.646576
176.142181
112.993774
100.220222
100.220222
100.220222
110.895554
137.356003
125.488144
105.446365
176.311096
266.447449
210.218704
225.923157
241.601074
174.231323
187.712677
163.206589
117.968521
101.028412
100.545059
100.218872
100.21006
114.898376
106.870804
102.136505
164.506836
197.827667
302.627136
243.880249
139.71315
100.985893
100.246498
100.112572
100.111816
100.107124
100.088593
100.077171
100.07193
100.533653
100.08712
100.067368
145.136627
177.889221
141.948059
109.36657
106.306297
103.052307
101.037277
49.9810333
49.9679871
49.9594917
49.9514847
49.9439621
49.9370232
49.9635735
134.520935
344.673035
307.807007
133.360794
58.225544
85.5853043
924.321594
1096.61768
557.185486
139.160599
49.9802322
50.4003372
49.9818153
49.939209
49.8927879
49.8905945
49.8920937
49.8941078
49.8966599
49.8996887
49.9031944
49.9071732
49.9117432
107.245071
258.663147
556.665161
545.363037
287.045624
130.882675
100.038925
100.019958
100.873795
100.142006
100.096245
100.05574
100.062973
100.072189
100.081779
100.090576
100.099693
100.10907
100.118019
100.126427
100.134727
100.142174
100.156525
100.163742
100.162918
100.170334
100.17659
100.18515
100.190254
100.193542
100.199806
100.159309
100.168671
100.197235
100.202629
100.191711
109.940361
103.925148
101.482452
103.559326
101.245125
105.504532
59.6833076
64.0422287
64.4541245
66.3356628
106.610123
51.9158936
50.2070961
50.2068672
53.4521332
51.234108
50.646534
50.2058678
50.2057495
50.4535866
50.2051277
56.2966537
52.3857803
56.8980713
109.16555
106.880684
109.002617
121.697418
113.096954
103.970421
115.287491
119.975662
129.581985
114.582275
104.36911
100.095734
102.404343
102.39518
100.68882
100.229599
100.093918
101.037399
100.168587
100.112892
100.115295
106.663109
102.593513
51.0272827
51.2122574
87.6027374
104.895073
174.409439
237.157059
219.865265
116.576851
95.0132141
80.4295197
80.1949539
80.1948166
80.1947632
80.1945114
80.1943512
80.8880997
80.1938248
80.1934662
80.1931
80.1928253
80.192337
80.191925
80.1912613
80.1909561
80.1904831
80.1898575
80.1894226
80.1886673
80.1880341
80.1873932
144.145706
197.159668
178.310608
131.358566
293.017639
288.483368
234.868301
155.820801
129.991562
104.253563
100.435951
100.64415
100.328743
100.196701
100.197067
101.306023
101.9058
100.78949
100.22567
100.197227
100.19677
100.19664
100.196274
100.19603
100.195656
100.195549
100.195061
100.19455
100.193954
100.193596
102.921989
146.894592
151.867493
145.12912
124.263809
106.778404
137.953217
269.032898
337.410034
200.090485
96.9392548
63.5140152
60.545536
60.1278305
60.3678474
60.5192795
60.2767029
65.6203537
101.686142
118.938263
101.278351
73.2546921
62.2999344
60.1132164
60.1131973
60.1128387
60.112381
60.1123543
60.7057343
60.3674316
60.1950912
60.1265335
60.1772308
60.1336365
60.1252098
60.1079178
60.107357
60.1698036
60.4512215
23833.9434
125.498802
115.905655
104.23851
100.119141
145.285172
133.71196
110.45031
100.100487
104.244171
103.257324
101.547195
110.596642
107.558212
102.367203
244.603302
211.75238
488.36261
488.329193
552.635864
344.180817
182.546555
250.550354
210.353928
134.939758
104.164116
102.28846
100.584488
105.482208
104.203011
120.615097
361.056061
581.962219
524.087402
586.953491
369.018921
363.254578
241.779999
100.148857
150.181168
144.815994
113.624878
108.560234
125.655983
118.222076
116.402054
110.908249
102.955345
100.129066
100.128944
100.146278
100.128242
100.128036
127.559036
202.290054
176.089386
120.318672
120.635742
237.235291
579.773926
527.88623
264.224487
119.965172
100.220222
154.700684
199.639618
160.325195
175.832184
206.104584
223.102859
182.148758
128.186981
103.709351
116.234192
121.92495
110.727165
102.111923
100.220222
100.220222
100.220222
100.220222
100.220222
100.220222
100.220222
40.2202187
40.2202187
40.2202187
100.220222
40.2202187
40.2202187
46.1583481
45.9472313
102.967911
100.628395
100.293762
100.220222
100.256767
100.231827
100.220222
100.220222
100.220222
101.841064
103.772987
102.377899
100.413177
100.220222
100.588531
100.337227
100.220222
100.220222
102.114334
103.714592
102.032539
142.780197
141.865356
117.829659
189.735992
267.659607
412.015472
403.531494
232.470551
120.305084
100.220222
100.211998
100.205284
100.206711
100.215744
100.179306
100.190178
100.17923
100.168495
100.176155
176.380432
351.972839
484.230286
388.629395
201.578384
115.417381
100.121246
100.222824
100.106873
100.075951
100.072495
144.001587
248.582642
394.041718
390.814911
245.728043
132.828705
102.771538
99.9768753
99.9379425
99.9545746
55.045948
52.7253532
146.148468
650.350037
535.329102
197.663086
52.2926178
102.867393
100.012466
99.9781342
99.9414902
49.9044342
49.9006081
49.8973808
49.8948021
50.7520332
49.9452858
49.899437
49.8885956
49.8882217
49.8883743
49.8890076
49.8902626
49.9300804
49.9698372
76.6712646
97.9654388
74.9447632
57.2126732
99.9715729
99.985405
169.795181
188.772003
138.214294
106.687561
100.027824
121.543617
110.556244
103.38443
100.03405
100.042496
100.05143
100.060425
100.085236
100.084068
100.085724
100.093582
100.102074
100.11039
109.586517
103.203262
101.16169
100.138046
100.143639
100.15168
100.161102
100.161591
100.159958
100.168083
100.18206
100.175468
100.240417
50.1694374
50.1795998
50.1874161
50.1918144
50.1947784
50.1946182
53.9947777
51.1783028
50.5841026
50.1935654
50.1933746
50.1933594
50.1929016
50.1926117
50.1923218
50.1921272
50.1917496
50.1914215
50.1911888
50.1909142
50.1904984
50.1901741
50.1899414
50.1896667
50.1892548
50.1889191
50.1885529
50.1884003
100.076332
105.170624
103.716957
101.269981
100.305183
100.096519
100.072037
100.071861
169.289581
155.074387
117.654221
100.073288
100.073128
100.072845
100.072906
50.0726013
50.0729218
50.0950203
50.0728149
80.1064301
70.4755554
56.8044777
50.0722122
50.0718536
50.0724373
58.2471695
53.8089027
51.3855629
51.7313995
50.421608
50.2304382
80.1739883
80.1734848
80.1728516
81.461998
80.3454742
80.2362442
80.2338486
87.4712524
108.987671
167.143799
293.032043
345.205322
278.87912
164.469284
104.896828
84.4144821
81.5634308
80.1678467
80.1678009
80.1673508
97.9630737
91.6322403
84.1422806
80.1659241
80.1654968
81.4263458
80.1892548
80.1640701
80.1631241
80.162796
100.161873
100.161644
100.160797
135.025375
130.24678
109.580887
100.180855
100.15818
100.157608
100.156921
100.156364
100.15567
100.154968
102.787262
138.376923
150.223389
126.099838
152.978622
215.792847
219.403961
206.85144
200.991562
170.272247
127.500458
104.65107
100.151207
135.997543
557.924133
793.294067
629.252258
357.015778
122.156364
65.4500351
60.5134125
60.1539879
60.1382904
60.1376114
60.1376305
60.1378555
60.1542244
60.1543655
109.703278
96.5751343
71.4631577
60.1381836
60.2015381
60.1455765
75.9524994
68.617836
62.8176575
60.1380157
60.1380119
60.1380997
97.3720245
84.6645203
67.7910919
62.3079529
235.699463
196.730698
104.33886
61.7690239
142.316772
279.790771
268.559418
286.101257
180.953339
98.9995499
70.1375809
70.1376572
70.152977
70.137146
70.136795
70.1365662
70.1363983
70.1362534
70.1363602
71.3153915
71.3044739
70.4837341
96.297966
90.0978622
75.98423
70.1353073
70.1511917
70.134758
70.134552
70.1343613
70.134407
70.150589
70.1336517
70.1332703
70.1332932
51.3117027
51.7067451
50.5355873
50.1315079
50.131321
63.8260422
60.1284904
53.3941612
53.967308
53.0333176
50.8274574
63.6502457
138.401352
158.543137
101.751724
60.362648
50.1260033
50.1255722
52.0035706
82.2028809
80.7563629
62.6842651
58.1734734
54.914093
51.3443108
50.1217842
89.1178131
78.8328018
135.395111
124.080078
22.8796539
40.7620926
40.2156715
40.2156906
40.2155724
40.215435
40.2153778
40.2151604
40.215065
40.2149277
75.9322662
66.0224152
48.5624771
40.8642273
50.0129013
177.345367
175.05545
94.5349731
48.1295166
40.4769859
40.2145958
40.2720299
40.4628487
40.3478012
40.7240486
40.7109451
40.4297752
40.2144394
40.2141838
40.2141266
40.2140274
40.2137337
40.2136574
40.2135582
41.1413918
42.3304787
41.5247078
40.3262215
40.2126045
54.2877998
71.980835
65.7299271
49.4345055
41.1877213
40.211586
40.2113724
40.2111969
40.2111588
40.2110405
40.2107658
40.2103348
40.2101059
44.2092056
45.5013123
42.6488266
40.4028969
40.2092628
40.3919792
42.2879105
42.0148354
40.3720856
40.2010841
28573.3066
100.206947
123.228859
165.317612
141.587021
110.789726
100.15329
100.149353
100.148514
100.135292
102.452789
100.987488
100.406784
100.097862
100.089256
100.080338
100.896156
100.253548
100.152496
100.063202
100.058868
100.045845
100.006241
99.9936981
109.121452
103.97345
101.089256
99.9241257
99.9410629
99.9308929
49.9558182
50.0089531
50.0034523
50.7300415
55.9954872
57.5051155
69.9064102
76.0111084
108.033554
83.739563
59.1118202
49.8770065
49.8721695
49.867466
49.8626099
49.8585014
49.8550568
49.8937607
49.8937454
49.8512573
49.8849602
49.8835449
49.8438911
49.8410187
49.8772545
49.9128914
49.8761024
49.8391533
49.8383904
53.7740707
50.9077148
50.2136497
60.6791534
108.732971
129.083633
87.4290695
58.079792
50.0009041
49.9748802
49.9728737
49.9747047
49.9517097
49.9511795
49.9555206
49.979248
49.9856262
49.9742928
49.9802475
49.9882851
49.9971085
50.0064659
50.0164871
50.0266418
50.0451965
50.0571136
50.0552711
50.0561295
50.9736252
50.18536
50.1335182
50.0854492
50.0915909
50.0818977
50.1057739
50.1111145
50.1010094
50.1315956
50.1345291
50.1371956
50.1374702
50.1372147
50.1368027
50.1365356
50.1362801
50.1359482
50.1355553
50.13517
50.1351051
50.1347542
50.1343842
50.1338501
50.1335831
50.1333084
50.1328583
50.1324158
50.1320381
50.1317482
50.13134
50.1308289
50.1306
50.0167274
50.0164909
50.0163803
50.0162086
50.0157661
50.0155602
50.0150757
50.0141258
50.0129662
50.011425
50.0109711
50.0107765
50.0103073
50.0101166
50.0099602
50.0094337
50.0092621
50.0086327
50.0084648
50.008213
50.0079842
50.0085335
64.7354813
60.0946655
53.2823372
50.2491951
50.0092125
50.0309296
50.0597038
50.0071678
50.006691
24.4052963
99.0894547
103.07946
100.111267
100.110603
100.109802
100.193123
100.108192
100.107086
100.106499
100.105507
100.104294
100.103561
100.102516
100.10141
100.100624
80.0994492
80.0985413
80.0975571
80.3739929
80.0978775
80.0946274
80.0938187
80.554924
90.4016037
89.3217163
83.6444931
80.469162
139.900452
132.744247
116.365532
100.08567
100.084595
101.269676
101.498077
100.484795
100.081909
100.081123
100.097214
100.084885
100.078728
100.078064
102.119698
149.017838
187.789917
175.141235
132.895416
106.213646
100.073326
100.072823
104.971054
145.942993
155.245697
125.433937
103.958344
100.073082
103.984772
104.492767
101.36232
100.066772
100.065918
59.9790077
68.5631104
81.0458679
137.893219
182.390381
141.251984
122.236748
192.357422
256.969666
184.861176
92.7587662
61.7800179
59.9920769
69.071022
89.5362625
87.4372177
93.0228577
78.3669891
65.1110611
140.340118
166.439911
110.921158
69.1672668
60.0534744
93.6951599
131.607986
177.405853
263.675537
250.656555
141.920731
14.9584522
88.894722
85.8853531
78.659874
92.3585815
86.6637421
74.7468109
70.1314545
70.0720749
72.6105042
76.3639984
80.6127548
145.007111
138.760391
226.145569
190.755096
155.291748
187.9189
256.479645
170.455399
94.2917023
70.0891953
70.1085205
70.0950546
128.505234
130.842239
222.568085
257.798065
224.981659
135.231567
84.389122
169.117599
179.063385
107.729393
61.4374504
51.4301834
51.335453
50.7266769
50.5006714
50.2093163
50.1280708
78.8075867
153.797607
147.081406
307.170166
200.53334
91.4380188
53.0286484
53.7974625
116.510056
133.906372
94.8225861
70.9835129
58.8556671
89.4241333
83.5965424
62.7135468
103.708549
52.8274078
51.5554886
70.8706589
65.4160919
111.794769
119.899902
89.228241
56.1732635
43.2372169
40.2879791
142.371674
137.707153
100.348907
62.5894394
46.4662247
43.465538
45.106945
42.8821373
40.9479599
41.1203499
41.3452797
62.6801224
58.2216225
46.2369843
43.994175
92.3949585
82.2064667
52.3506012
40.2202187
45.2665672
102.536705
98.3793182
61.1821556
50.0720215
47.1937523
49.5498962
56.3577576
102.03479
134.318436
111.617828
109.458206
145.135712
282.136871
292.830688
225.546341
208.344879
151.52858
110.574196
100.2883
100.71241
103.514801
103.369659
89.3872147
63.0092659
54.3943405
51.6209793
50.7707062
51.4146576
80.2111664
76.2528
57.4169617
95.0292511
80.3832626
91.0811081
