0.0
0.0
0.0
0.0
0.0
0.0
0.0
0.0
0.0
0.0
0.0
0.0
0.0
0.0
0.0
0.0
0.0
0.0
0.0
0.0
0.0
0.0
0.0
0.0
0.0
0.0
0.0
0.0
0.0
0.0
0.0
0.0
0.0
0.0
0.0
0.0
0.0
0.0
0.0
0.0
0.0
0.0
0.0
0.0
0.0
0.0
0.0
0.0
0.0
0.0
0.0
0.0
0.0
0.0
0.0
0.0
0.0
0.0
0.0
0.0
0.0
0.0
0.0
0.0
0.0
0.0
0.0
0.0
0.0
0.0
0.0
0.0
0.0
0.0
0.0
0.0
0.0
0.0
0.0
0.0
0.0
0.0
0.0
0.0
0.0
0.0
0.0
0.0
0.0
0.0
0.0
0.0
0.0
0.0466783307
141.837311
276.478943
324.199371
189.575409
55.0430145
9.99394989
31580.2031
99.998764
99.9988098
99.9988022
99.9987946
99.9987869
99.9987793
99.998764
99.99897
105.785362
124.122482
116.923561
105.37146
100.000076
100.000282
100.000305
100.000298
100.000771
100.001335
103.176079
102.303627
101.021698
100.464722
100.14463
100.002739
140.538239
140.613205
112.696007
100.002724
100.004395
100.020622
100.00779
100.002625
100.002617
100.002602
100.002594
100.002808
100.493271
101.099609
100.311729
100.202599
100.724548
100.212486
100.49559
101.144577
101.570328
102.061874
104.694992
105.629288
128.815323
131.791168
109.468132
100.108238
60.1015167
231.778168
267.962402
147.335007
113.660736
92.8799286
69.9435272
102.168732
212.836166
190.90564
120.427643
77.0375061
64.4991684
60.2942238
60.0216866
60.0226784
60.0228081
171.81691
537.603638
540.345459
237.446503
80.4830627
144.093079
138.22084
86.2383347
61.6216164
60.039566
60.0387535
60.0380592
60.1396713
70.2883759
70.9324188
75.6441956
81.6291962
95.9301376
197.809875
185.498596
102.615532
70.0409851
70.0406876
70.0402298
70.0399475
70.0394821
70.0391998
70.0385818
70.1019363
78.4938278
78.182991
72.318222
70.512558
284.910156
416.510742
340.309601
221.404358
156.562225
122.343842
96.1435089
77.8871689
71.4522629
70.4332123
70.1281815
100.74781
101.257584
100.368187
100.050728
100.050117
100.049957
114.784943
224.183762
322.53772
256.265137
472.127319
467.909882
297.035309
218.795578
171.784836
122.05265
110.394073
108.676346
103.322006
100.461182
100.228165
100.149101
124.153976
124.900299
107.107956
101.315704
101.959473
100.560226
100.063194
100.063148
100.064049
40.063076
42.386898
42.130558
51.3499146
53.6364326
48.6317291
70.1703262
252.392715
588.638672
540.522705
233.154236
65.8547211
271.571106
320.888
167.799118
65.2669296
56.3077888
52.9821014
44.2081261
40.0653381
40.0642242
40.0635033
40.0626984
42.3959808
334.598297
369.077881
161.451752
55.7964287
46.0128517
41.9802513
100.062485
100.06179
100.061234
100.060402
100.059387
100.512856
157.575745
156.264191
114.839912
126.784126
133.72493
123.792595
111.112503
101.963966
304.819336
306.811707
160.53389
102.160889
100.99205
100.135643
100.060036
272.886963
442.119598
318.239014
235.674988
315.898132
278.786102
161.522369
106.663361
100.436264
100.097984
100.068634
100.068169
100.067749
100.067116
101.548645
111.940308
341.854736
396.154968
228.3797
119.349487
100.09404
100.083382
100.069725
100.069397
100.069107
288.773071
276.726349
155.22757
408.577576
443.189362
225.532547
110.853065
100.074295
100.074051
100.073601
108.985802
200.124542
180.018005
123.750694
100.075935
50.0755501
50.0742569
51.8462563
77.128334
248.567429
247.599182
121.927017
350.955139
324.035645
133.155304
50.073391
100.073074
160.480255
207.772186
209.679169
200.761505
388.455444
610.645508
630.683533
529.30426
559.79541
387.390228
194.52887
100.080086
100.078957
100.078072
100.077049
100.075996
100.074593
100.073685
100.914162
188.445404
211.234619
151.736664
205.191559
186.933182
128.865875
101.77417
119.682404
111.31015
105.365196
100.93325
100.454781
100.344582
100.073769
100.070381
100.066475
100.066254
100.065079
100.064438
100.063774
100.062897
100.06234
100.061668
100.060898
100.204247
100.060051
100.059357
100.059052
100.058327
100.057816
100.055763
100.05574
100.055046
100.055168
100.054054
100.236237
100.463364
100.165329
100.10939
100.052765
101.989159
101.112297
52.3964462
51.1539307
50.455101
50.9037666
51.1252289
50.5285606
50.2166862
50.0486336
50.0480461
50.050415
50.0500908
50.0484543
50.0483932
50.0461922
51.9218674
51.2840652
50.7210579
100.094666
100.042336
100.042168
100.041977
100.04174
100.041382
100.041245
100.041191
100.040756
100.97657
100.664551
100.762398
100.104431
100.062515
100.039604
106.348366
137.267044
124.182007
108.344215
100.044983
238.945908
388.544983
297.613953
150.04184
100.05191
101.067802
101.272606
102.992966
101.639412
101.24823
100.089867
80.0577011
80.2312469
80.0495529
80.0461197
80.045166
80.0441208
80.042984
80.0421906
80.0415192
80.0409317
80.0404739
80.0412445
80.0438766
80.0424271
80.0389252
80.0425034
80.0421906
87.8874512
274.513092
329.872589
203.266632
216.587448
857.661865
820.072632
539.617188
310.566437
151.363678
81.0309906
80.0534897
80.0524063
100.15419
100.453201
100.167862
100.049454
100.048813
100.26384
100.82531
100.325142
100.062881
100.04525
100.044167
100.045174
100.083908
101.181015
494.191803
957.792725
983.942993
984.567017
1127.10376
768.795715
359.63916
191.391068
126.909317
111.495804
256.689636
346.24588
247.318069
135.570114
102.317627
101.06842
100.351189
60.0582199
60.0574188
141.941483
129.754532
81.0664825
60.0567894
224.703339
489.747498
374.726868
141.261002
60.132019
60.0554352
60.0547676
60.0536919
60.052948
60.0520897
96.6708527
407.627167
799.390503
637.915894
303.308716
569.194519
678.463806
685.32373
662.919006
640.362793
665.691284
652.423706
347.48465
107.542023
100.059296
100.058533
100.057686
100.057106
100.056458
100.056007
100.055283
100.05471
100.054115
100.053383
100.052872
100.052483
100.051453
100.05175
100.050919
100.050346
100.049698
103.3283
103.004219
100.796959
100.048485
100.047981
267.376648
324.823547
210.426163
118.311951
102.854141
119.063934
139.526382
127.371773
107.062454
100.985573
100.351295
100.140259
100.07196
100.053581
100.053413
100.052788
100.052208
100.134117
100.541817
100.757233
100.227806
179.676453
182.242126
124.22963
100.592857
102.582832
363.018707
412.1297
224.637238
113.04985
100.057961
100.057808
103.263657
103.7052
101.003761
100.056656
100.97094
101.535881
101.888016
114.589157
53.290535
102.274612
111.018349
637.831909
630.170349
501.957153
454.591583
314.318176
237.389709
157.096909
116.065918
608.596069
1037.20386
818.856445
956.475769
955.051086
611.793945
175.953537
100.065727
100.064835
100.063675
100.062897
103.531387
191.427032
489.598053
487.437988
538.946655
769.974609
744.182434
665.981873
1037.54688
882.07074
703.502136
680.758545
688.466797
608.781372
391.463745
353.490051
354.067108
344.295685
129.174637
100.079643
100.078987
100.07811
100.077606
100.076561
100.076157
100.075317
100.074753
100.074013
100.073563
100.072861
111.468674
126.627487
117.358009
103.275055
100.071594
100.071037
100.070671
101.431786
103.668396
101.150604
100.417664
101.298943
100.981087
100.355141
100.103775
100.066284
100.06572
109.668716
105.083755
101.64827
100.355774
100.078545
489.286743
479.544098
214.593079
106.426193
102.993095
101.029388
100.066208
100.066078
100.065666
102.627937
101.399704
100.554527
100.064507
100.061668
100.061302
100.061066
107.761856
53.3636742
51.0951538
50.0613976
50.0607414
50.0599327
50.0581665
50.0574722
50.0562019
50.0553169
50.675106
150.485077
125.179909
72.7387619
50.0565071
50.055645
50.0552979
50.0540504
50.0534096
50.0529213
50.0520935
50.0516205
50.0510712
50.0507469
50.0504951
50.0496254
50.0491028
50.0489655
50.0486374
50.0481453
91.9213181
128.335663
109.689774
100.334366
100.049583
100.049042
100.049057
138.388763
127.099556
108.454079
100.050842
100.05024
100.04995
100.0494
100.048828
100.048492
100.048264
100.047775
100.047447
100.04705
100.046135
100.04615
100.045464
100.045174
100.044769
100.044418
100.585487
100.185501
100.121597
100.042953
100.042542
100.042061
100.04023
50.0398979
50.0397682
50.0397263
50.0402641
50.0401421
50.0391884
50.0389557
50.0388641
50.0388794
50.0383797
50.0383186
50.0381508
50.0378151
50.037571
50.0373344
50.0371284
50.0367813
50.0365372
50.0364952
50.0362968
50.0363579
50.0929298
82.7371445
72.0932007
57.2913818
50.0401535
50.0402527
50.0358047
100.03566
100.035568
100.035461
100.035362
100.035294
100.034996
50.0349045
50.0347786
50.0347404
50.0345688
50.0341187
50.0334969
50.0332603
50.0331421
50.0331268
50.0329475
50.0329323
50.0329132
50.0330658
50.0325699
50.0327721
50.3047981
50.0449677
50.0354271
50.0349884
50.0324936
53.1700706
53.4710197
51.4748497
50.3731461
50.0337296
80.0335464
80.0333633
80.0335693
80.7377625
80.0634537
80.0327988
80.0323029
80.0364532
80.0364838
80.0339584
80.0339661
98.6196442
92.5095291
378.224884
352.946899
167.092499
80.0433197
80.0418243
80.0405121
84.2462387
88.8805084
85.3063126
81.5337448
80.0427322
112.005486
109.569763
91.4373856
86.7473984
84.3207169
81.5631638
110.082825
110.719795
110.372452
108.713051
105.274895
116.127808
133.846405
395.039307
337.96402
400.628479
1445.64136
1829.00952
994.115356
269.285217
104.067513
104.971451
102.806778
102.22966
100.659081
100.051064
100.050514
100.049828
100.049278
100.048721
100.048035
100.072624
100.188019
107.914391
109.326469
103.470863
100.26709
60.0449944
60.0421982
60.6864548
61.8257217
63.0396576
94.6280594
105.124268
87.635437
68.3192978
61.3783035
72.3042831
68.0776291
62.5269508
237.118317
282.197479
353.914429
429.359863
407.979553
548.683838
441.03717
211.110687
91.5345306
69.1609039
235.331604
678.177002
565.084778
199.144821
64.8699722
62.5313988
61.0369568
100.149567
109.577614
127.800018
121.081169
105.317123
100.054268
102.054718
102.359238
100.913345
70.7775116
70.7053299
70.2447968
70.0997543
70.0703964
70.0544357
70.0500336
91.6704559
106.459625
99.7210999
82.5041428
72.2345352
70.1248474
84.4722595
91.2674408
81.6713409
72.5255356
78.7649994
424.801147
577.7724
337.86203
123.458405
102.585052
100.259422
100.055916
101.380219
101.981216
100.558449
100.054459
100.054153
100.053581
100.053078
105.157433
105.43969
101.446342
100.051666
100.050713
102.276749
102.814407
109.244965
171.797821
260.350433
235.192871
244.817596
283.415833
210.774048
137.569626
149.904999
257.194397
255.62439
161.375229
224.373932
220.406158
75.5666733
40.4114799
40.7170753
40.6071854
40.2999229
40.0675087
40.0665512
40.0653572
40.0641479
40.0636063
90.0297012
369.662964
1059.5072
879.700256
369.948273
365.423096
301.056671
110.826309
100.069862
100.06913
100.067902
100.067261
100.066277
506.007294
515.868713
234.132355
140.640991
380.271179
134.849289
122.534874
111.327728
102.838028
102.198128
101.458557
147.473267
146.087891
152.091217
139.721542
109.970245
100.065857
151.876434
295.635132
314.604309
196.554337
114.332382
100.069878
100.069344
100.068535
105.540886
124.872849
119.905289
104.333046
179.542877
298.584595
243.634537
233.995682
240.286346
170.313446
168.936615
155.726593
115.334068
100.548607
100.286423
100.076614
100.075996
107.770073
103.959465
101.308739
156.889587
181.961945
334.295837
290.105164
155.582703
100.611153
100.15715
100.079544
100.078911
100.07872
100.078194
100.077736
100.077271
100.262611
100.076744
100.07621
129.845398
157.401382
133.160706
108.015541
103.276573
101.733688
100.667755
50.076519
50.075592
50.0743179
50.0732307
50.0720596
50.0707779
50.0699539
152.886108
505.697723
469.888641
182.162735
57.4455719
123.662949
1219.60718
1528.67944
811.579407
1296.59851
957.425781
778.044067
130.616318
100.070648
100.069176
100.068329
100.067451
100.066406
100.065224
100.064735
100.06395
100.06311
100.062393
103.407928
343.125122
802.586426
782.560059
366.965515
585.236511
482.264862
323.628693
100.370308
100.091133
100.078178
100.06176
100.060928
100.060341
100.059692
100.059273
100.058624
100.058006
100.05735
100.056908
100.056595
100.056023
100.055542
100.055214
100.054695
100.054298
100.054199
100.053864
100.053322
100.053017
100.052841
100.049667
100.051254
100.050323
100.048027
100.04998
105.852211
102.60865
100.931084
102.319237
101.045273
104.210457
109.183449
116.263603
118.464561
122.558517
109.889435
102.560371
100.050079
100.049637
102.657387
101.349884
50.5771065
50.049118
50.0494728
50.1870613
50.0498505
56.1528168
53.0665398
58.0685654
112.220543
109.334587
112.01255
135.717072
122.985184
107.208672
121.288422
131.539841
150.455109
129.325256
108.894379
100.054222
101.796974
102.286499
100.912315
100.244652
100.052353
100.668694
100.116623
100.071915
100.050644
106.582375
104.045158
101.551018
100.847832
182.758209
230.174347
452.327942
654.674927
574.613464
299.023102
138.77272
100.301857
100.059212
100.058311
100.057335
100.056473
100.055801
100.355461
100.054214
100.053474
100.053047
100.052284
100.051575
100.050888
100.050209
100.049805
100.046928
100.045868
100.044846
100.044098
100.043365
100.045753
272.257172
446.099792
382.387238
226.574173
678.224792
736.485596
467.670654
251.41748
157.863297
105.642441
100.283279
100.482117
100.177269
100.056053
100.055252
101.03241
101.752159
100.595428
100.073837
100.051926
100.051491
100.050789
100.050461
100.049919
100.0494
100.048027
100.046028
100.04644
100.045578
100.044647
102.317696
205.131531
228.003479
192.220184
149.567093
113.176292
187.851166
611.118591
818.232483
452.318848
146.63623
64.1607666
60.4917068
60.0543137
60.2892685
60.4297028
60.1810303
65.4897537
130.950165
160.22197
127.544525
80.9540482
63.1199074
60.052021
60.051239
60.050312
60.0496483
60.0490494
60.6360626
60.2844315
60.1190796
60.0465813
60.1012688
60.0546379
60.046463
60.044838
60.0442734
60.0941696
60.3643723
111.100731
138.643402
130.455948
108.046532
100.075653
209.950989
211.748047
133.02626
100.04644
105.384689
105.171692
102.245728
114.968933
114.198265
104.104698
543.453125
564.522766
1060.42847
1185.52454
1076.62134
669.761475
263.964722
529.992615
311.261047
237.421143
220.57785
138.662994
100.425125
103.569511
103.314674
114.98468
509.543701
928.573669
817.957764
1333.82202
1300.64856
1153.23071
751.905212
452.16568
173.147476
132.470581
109.591042
104.402115
114.94001
112.065132
109.652206
106.971741
101.867874
100.066566
100.066101
100.065033
100.065109
100.06459
117.541191
211.492798
200.944153
127.824615
113.149902
267.763824
759.081299
709.537476
307.810852
292.623474
265.116455
306.534882
176.780731
150.387955
161.507736
186.776459
203.534241
169.651474
137.381485
133.375366
108.83033
112.793587
106.47155
101.265182
100.07299
100.071922
100.0709
100.06987
100.069046
100.06813
100.067017
100.066116
100.065277
100.064484
100.063599
100.06263
40.061985
103.276276
43.3075714
101.685699
100.317291
100.105469
100.057533
100.079788
100.063988
100.055351
100.054497
100.053543
101.137024
102.718636
101.810417
100.211052
100.050583
100.309814
100.133865
100.050087
100.050003
101.510635
103.031288
101.739639
151.37439
152.112854
118.47892
274.639343
431.366821
712.01062
658.279907
322.38739
127.704643
100.061188
100.061073
100.061073
100.060295
100.059662
100.059341
100.058762
100.058044
100.057945
100.057556
190.198395
474.978485
667.858765
483.091125
213.924973
112.175308
100.065773
100.113289
100.065002
100.064049
100.064667
127.167221
248.997253
415.196838
392.669708
224.132401
122.41024
101.348259
100.072014
100.070129
100.070969
102.160736
101.207718
187.879395
773.049011
717.335999
283.650055
299.641968
331.433655
229.497849
100.075111
100.066193
100.064949
100.064178
100.063194
100.062469
100.380508
100.061142
100.059944
100.059456
100.058823
100.058128
100.057137
100.056778
100.056671
69.3898697
66.9950027
92.5139389
72.718277
56.5800438
100.055992
100.055779
202.71756
216.014862
150.346878
107.973633
100.057899
118.187866
110.340157
103.284134
100.056602
100.056107
100.055695
100.05542
100.054817
100.054527
100.054222
100.053917
100.053223
100.053108
106.887856
103.203384
101.093498
100.051758
100.051552
100.051353
100.051102
100.050133
100.050392
100.050232
100.050125
100.049973
100.083549
50.0446892
50.0443497
50.0442886
50.0439873
50.0435448
50.0433273
52.6329269
51.2116737
50.5070229
50.0424347
50.0421982
50.0418091
50.0418434
50.0413322
50.0411987
50.0411034
50.0406342
50.0403519
50.0403786
50.0402679
50.0397606
50.0394516
50.0392456
50.03899
50.0387115
50.0386353
50.0384636
50.0383606
100.036423
104.636978
104.240608
101.745544
100.371971
100.039154
100.038452
100.035477
368.75589
344.483856
177.449203
100.042633
100.042221
100.041603
100.041138
100.040756
100.040138
100.040245
100.040642
179.774353
167.751587
122.261368
100.044655
100.043991
100.043465
111.868622
108.126938
102.936852
101.559669
100.818237
100.388313
100.043365
100.044502
100.044197
101.092018
100.317596
100.144432
80.0834961
91.0512619
166.873169
436.11676
944.531982
1085.07727
750.689087
333.169495
148.232742
105.227074
101.353004
100.052956
100.052155
100.051125
118.868111
114.838127
105.188782
100.048996
100.048141
100.850151
100.07708
100.046097
100.044304
100.044258
100.040565
100.039909
100.039589
174.871765
177.177063
123.398392
100.070686
100.04364
100.042473
100.043007
100.04158
100.04097
100.039986
103.235428
202.769272
244.045609
171.092941
261.00708
491.759399
489.212952
400.198669
356.680298
260.944763
152.758484
106.675323
100.057831
163.795486
1242.9729
1807.70044
1270.24414
537.702026
518.672424
248.830643
170.133957
117.478416
100.059776
100.057716
100.056419
100.055031
100.05497
100.053879
159.637238
147.511032
114.447784
100.051346
100.092659
100.05629
113.861038
109.045418
102.810616
100.04789
100.047264
100.046516
148.505432
97.6028748
71.4446869
102.37397
448.710114
447.71405
180.25238
101.990051
207.493729
485.540588
516.734314
487.427887
498.162018
347.743622
309.842072
254.582779
100.054771
100.054604
100.053787
100.053192
100.052711
100.052109
100.051659
100.83094
100.900627
100.32309
122.036003
120.88224
105.927788
100.050117
100.049149
100.049805
100.049416
100.048714
100.048157
100.047272
100.04805
100.046875
100.046478
101.030907
101.507935
100.426109
100.045013
100.044777
111.786644
112.043167
103.916862
104.121078
103.978531
101.005966
114.573952
295.03186
377.200134
246.131699
126.91806
100.052132
100.051926
101.785889
137.236465
146.493866
120.310333
108.613022
106.253273
101.658524
100.053894
152.844711
156.212967
328.192993
319.181824
167.023163
40.7602272
40.0602837
40.0593262
40.0582085
40.0571594
40.0562592
40.0551491
40.0543861
40.053669
88.9403229
89.4222946
56.174427
40.8746834
49.9132042
377.960907
423.28656
187.710358
54.9279213
40.3929749
40.0547218
100.103081
40.309864
40.1920395
40.4834709
40.5531921
40.2805061
100.049393
40.0485077
40.047821
40.0470276
100.046326
100.045708
100.044899
100.810463
102.149475
101.560196
100.183022
100.042381
115.039322
148.471802
144.731049
116.688461
101.785255
100.046059
100.045349
100.04464
100.044167
100.043221
100.042313
100.041748
100.041847
104.08532
106.9842
103.878754
100.378159
100.040466
100.219589
102.407593
102.552986
100.290138
100.039421
100.039871
100.039124
136.65451
271.801208
237.92395
138.944916
100.047867
100.047691
100.047508
100.044228
102.111702
101.133621
100.462639
100.04274
100.042206
100.041573
100.677361
100.264236
100.15966
100.045021
100.044983
100.044464
100.039116
100.040314
110.609337
105.743103
101.819
100.038544
100.039612
100.03949
50.0419731
50.0424843
50.0428162
50.6402321
57.2916908
60.6862869
87.3653412
102.094017
221.777527
174.0914
86.392601
50.0480347
50.0474663
50.0472755
50.0468102
50.04636
50.0456924
50.046711
50.0464745
50.0441437
50.045105
50.0448494
50.0428963
50.0426979
50.0421944
50.0427895
50.0423584
50.0409546
50.040596
53.9331512
51.3902206
50.4838181
66.18367
279.452148
385.957153
233.173203
88.3505096
50.0488091
100.048325
100.04808
50.0479317
50.0471382
50.0466385
50.0460243
50.0459671
50.04599
50.0443993
50.0437737
50.0431824
50.0428391
50.042202
50.041832
50.0415649
50.0451622
50.0448685
50.0447235
50.0400314
50.6254158
50.1954422
50.1289177
50.0411224
50.0384636
50.0412369
50.0412331
50.0364075
50.039875
50.039547
50.0356712
50.0356026
50.0355415
50.0354729
50.0356445
50.0351143
50.0350723
50.0349236
50.0350647
50.0348549
50.0348206
50.0346222
50.0343819
50.0342827
50.0342522
50.0340958
50.0339241
50.0337181
50.0336456
50.0336037
50.0335617
50.0335121
50.0334625
50.0322914
50.0321808
50.0321388
50.0320892
50.0320168
50.0319214
50.0316391
50.0314522
50.031147
50.0307503
50.0306931
50.0306511
50.0305138
50.0304146
50.0303688
50.0303307
50.0302963
50.0302582
50.0302048
50.0304108
50.030056
50.0302315
71.1992111
66.1028748
55.7943573
50.5140038
50.0366478
50.0331306
50.0656471
50.0358162
50.0325432
119.769226
111.348579
90.7943726
80.0398254
80.038147
80.0370407
80.1258545
80.0400009
10.0126572
70.0539703
80.0325928
80.0321274
80.0312042
80.0307007
80.0304947
80.030365
80.0302277
80.0298767
10.0091057
70.3366241
80.044281
80.0322418
80.0295792
80.5628662
103.076096
22.258852
89.4292755
81.280983
449.694427
430.836365
160.438187
100.040985
100.040344
102.361183
103.127182
100.906525
100.037735
100.037888
50.0726433
50.0465164
50.0351753
50.0351486
54.0879478
332.042297
550.830994
423.415894
238.7659
121.87458
100.048752
100.048531
109.063248
288.585266
319.55246
188.237015
109.663383
100.057236
106.735336
107.782326
102.303757
100.048958
100.048393
60.0461006
78.0042725
118.614166
400.601105
592.195374
384.127197
259.444244
491.994171
695.38092
445.874634
151.909058
62.3988991
60.0549583
70.5545502
106.255821
102.457855
112.57412
90.1785736
68.5323563
276.720337
339.281616
184.282318
79.0394287
60.1132469
116.854446
207.800537
338.615295
573.770935
538.457947
255.197098
100.593971
89.6848907
89.6103592
79.7249908
95.5870743
92.752533
76.3974075
70.1461411
70.0786438
72.684639
76.8321381
82.1787415
231.547546
242.467728
430.517639
397.007507
236.033188
278.9617
430.06189
313.14682
159.40564
100.070244
100.069717
100.068909
174.430786
194.412476
351.179871
469.751526
392.89505
225.40329
124.830902
266.988983
319.094666
201.814651
116.403885
101.132889
101.138161
100.539932
100.396416
100.151016
100.075775
122.323364
247.775085
264.856873
506.990997
456.798615
204.483322
101.907768
102.827736
165.697189
196.817444
153.860519
118.948212
107.702034
130.237152
133.387955
113.11132
102.79377
102.203125
101.075058
114.148529
114.199028
116.684341
138.641617
96.7842407
57.2036667
43.2080994
40.141819
184.644699
199.911118
116.782501
63.1207428
46.5217133
42.0869904
43.3363914
42.118969
40.671875
40.6186142
40.8381958
57.4177856
57.1323738
46.0440369
42.639904
101.80658
100.935349
58.8681488
40.0764923
43.3315887
123.219757
127.746117
71.1732864
47.5682907
105.878693
107.069534
104.72728
155.022095
209.967743
182.008255
145.459763
159.919937
438.725037
504.999481
326.388397
213.243011
154.733475
111.30442
100.130028
100.285172
101.599052
101.781349
100.253326
100.221069
100.126671
100.081902
100.081276
100.490471
120.744904
120.968849
112.290329
151.183945
145.068497
146.537323
