0.0
0.0
0.0
0.0
0.0
0.0
0.0
0.0
0.0
0.0
0.0
0.0
0.0
0.0
0.0
0.0
0.0
0.0
0.0
0.0
0.0
0.0
0.0
0.0
0.0
0.0
0.0
0.0
0.0
0.0
0.0
0.0
0.0
0.0
0.0
0.0
0.0
0.0
0.0
0.0
0.0
0.0
0.0
0.00835518353
0.0166423377
0.0213372093
0.0249891207
0.0249891207
0.0249891207
0.0249891207
0.0249891207
0.0249891207
0.0249891207
0.0243204515
0.0236341767
0.0234273039
0.0234273039
0.0234273039
0.0234273039
0.0234273039
0.0
0.0
0.0
0.0
0.0
0.0
0.0
0.0
0.0
0.0
0.0
0.0
0.0
0.0
0.0
0.0
0.0
0.0
0.0
0.0
0.0
0.0
0.0
0.0
0.0
0.0
0.0
0.0
0.0
0.0
0.0
0.0234273039
0.0234273039
0.211062968
27.7540359
39.9452019
53.5646057
34.7643776
11.9022188
10.0117264
2.22100925
0.0234272163
0.0234273039
0.0234273039
0.0234273039
0.0234273039
0.0234273039
0.0234273039
0.0234273039
2.56417918
7.90768099
5.37670088
1.65151644
0.0234273039
0.0234273039
0.0234273039
0.0234273039
0.0234273039
0.0234273039
1.23419321
0.887064993
0.403490156
0.21340926
0.0777784362
0.0234273039
9.4067297
9.7733984
2.94990659
0.0234273039
0.0234273039
0.0292288847
0.025270354
0.0234273039
0.0234273039
0.0234273039
0.0234273039
0.0234273039
0.220196977
0.457170039
0.145896003
0.100891367
0.303846389
0.103898205
0.227602646
0.464034319
0.688931286
0.79433769
1.93422687
2.00081015
7.92328548
7.873559
2.40980983
0.0
0.0
24.0446548
24.9330902
14.0364218
20.6399517
11.6635513
2.55216169
11.0492868
30.0364304
18.9303322
16.9762802
10.9932194
1.46494532
0.0430607572
0.0
0.0
0.0
23.321846
79.5765228
79.2117615
34.4559708
10.3840599
31.4489498
17.8092766
10.5999832
4.49045801
0.0
0.0
0.0
0.0257619023
0.110324532
0.490219772
3.09794545
5.60248089
10.8525105
33.7420387
14.1998329
9.93303204
6.25321198
0.0
0.0
0.0
0.0
0.0
0.0
0.00436764909
4.57527208
3.67359591
0.977291465
0.207674056
45.2129173
57.7036514
59.8600845
108739.844
130.769257
121.22451
111.219482
103.519714
100.744545
100.200737
100.0214
100.449821
100.66256
100.158089
99.9863052
99.9876175
99.9894638
108.417496
136.690201
157.423004
140.085281
198.092941
190.133087
163.338165
150.416214
132.511566
111.166107
107.303162
105.883469
102.273064
100.444984
100.286018
100.257523
114.94986
113.998772
104.031441
101.140266
101.539688
100.555145
100.236412
100.221909
100.321487
40.3241196
42.1410789
41.7873726
47.3042068
48.029705
45.07827
55.0598984
101.51165
184.797028
177.660889
98.7497406
49.9483414
118.010056
139.907043
94.1588287
55.3700027
52.5394897
49.8938675
43.5779686
40.6886597
40.7065582
40.7211723
40.7328453
42.817997
132.770081
147.123291
84.6623001
51.2390862
45.4503288
42.3364296
100.892151
100.90844
100.921631
100.932899
100.942032
101.346954
129.205856
126.742996
108.123344
116.968567
120.302223
115.463219
107.663124
102.183441
168.017593
164.23703
120.003281
102.722321
101.813179
101.152214
101.104233
162.804932
219.865784
152.883026
116.921043
189.513855
176.08667
115.661629
105.93808
101.775505
79.7552567
101.454269
101.454697
101.467728
101.473663
103.373901
112.67186
197.109253
218.459152
153.898514
111.023064
101.561813
101.557922
101.564575
101.558563
101.561073
189.05661
169.482529
73.5827637
238.985519
250.63678
57.9542694
108.7285
101.655212
101.685532
101.696342
113.72744
168.860016
146.33696
113.711403
101.726303
51.7801476
51.7496872
54.7268486
79.7450867
160.808243
155.132751
86.9842987
234.507599
159.228851
82.3109512
51.7098885
51.750267
105.085617
137.088211
164.545547
113.364571
233.796387
333.705627
347.237793
319.235168
197.56987
90.2996063
55.7521782
51.7421036
51.7446098
51.7841797
51.8247643
51.7944145
51.761795
51.7960281
53.7951775
121.300339
140.129669
89.7337418
184.190094
160.845184
121.620384
103.724747
126.070686
112.927887
58.7753258
52.8771095
52.3321953
52.5684471
51.9299469
51.918396
51.9161835
51.9207268
51.9251251
101.735924
51.9299469
51.9300804
51.9292603
51.9277
51.9262238
52.2514458
51.9279633
51.9170341
51.9099884
51.9014969
51.8922081
51.8429489
51.8639145
51.8472748
51.8529625
51.8754501
52.246624
52.6653938
51.9984703
51.9331017
51.8630943
54.7908936
53.1225548
54.7979507
52.9717865
52.1783676
53.0451317
53.1096992
52.1573181
51.94347
51.8307152
51.8269691
51.8236008
51.8203011
51.816658
51.813015
51.8089142
54.1947136
52.8710213
52.1950493
51.7156448
51.6799736
51.6762047
51.6721077
51.6681633
51.6639061
51.6599312
51.6555595
51.6513214
52.800209
52.2848244
52.420929
51.6721725
51.6443253
51.6258392
57.4748192
71.00737
62.4856644
54.9932022
51.6222725
89.0833282
121.483505
89.5068512
61.3200645
51.5756035
52.7967682
52.8262367
54.2292442
52.3422813
52.581295
51.6663818
81.6451569
81.9283752
81.6275101
81.6208344
81.6135559
81.6060638
81.5982971
81.5907593
81.5829849
81.5751038
81.5671387
81.5592728
81.5519409
81.5446548
81.5374298
81.530014
81.5222397
87.1194763
124.457352
51.8709297
106.128555
41.5255737
260.48587
227.40361
210.655533
146.595947
101.637909
82.1095581
81.4698029
81.4682693
101.543205
101.772362
101.553535
101.455009
101.450027
101.607574
102.021233
51.6537781
51.4428024
51.4225883
51.4161682
51.4098015
51.436985
52.423542
157.410141
275.073853
306.616089
377.406738
496.562775
333.861084
244.466522
160.963135
120.194695
114.910637
191.424774
236.751312
186.177338
126.205902
104.552635
103.40345
102.399261
61.9848633
62.0006981
115.472336
105.137756
75.3945465
62.001667
147.309052
274.865387
197.147583
97.2759476
62.0728226
61.9858093
62.0014114
62.001461
62.0014496
62.0014801
97.1617126
254.666138
441.363892
345.275208
188.338043
103.568253
103.369995
362.859253
416.959442
238.008728
157.636993
104.376205
74.8242416
61.9858742
71.9857407
71.9856796
71.985611
71.9855423
71.985466
71.9853821
71.9852905
71.985199
71.9850998
71.984993
71.9848785
71.9849472
72.000351
71.9845734
71.9843903
71.9844284
72.0000992
77.6194687
76.459465
73.134613
71.9833679
71.9833069
167.651642
192.12558
129.001556
82.265274
75.3715973
92.9555435
108.819458
92.673996
77.3329391
52.8891068
52.2940331
52.0690575
52.0157204
51.9801254
51.9798584
51.9796181
51.9795685
52.1011581
52.5855942
52.7480927
52.1628036
104.91967
91.1750793
63.53619
52.4513893
54.7818413
179.675293
182.403137
104.611824
59.5235672
51.9747047
51.9745903
56.1846962
55.6157951
52.89394
51.9732018
53.0224113
53.4580574
54.0042725
68.3393326
52.3130074
87.0372009
83.8647842
341.48645
246.883621
278.178162
267.641785
210.735565
154.452545
90.8070526
59.6067619
411.171143
704.537537
459.039856
141.230057
42.067852
42.067852
42.067852
42.067852
42.067852
42.067852
42.067852
48.5653458
122.765099
316.670898
328.211823
439.163879
478.34079
308.116272
156.078217
624.390137
716.568359
398.081238
160.079697
177.833496
447.801147
426.770874
210.064178
158.205688
149.293579
113.950546
102.067848
102.067848
102.067848
102.067848
102.067848
102.067848
102.067848
102.067848
102.067848
102.067848
102.067848
120.992157
140.252731
125.134743
106.328773
102.067848
102.067848
102.067848
104.382599
107.999161
103.900284
102.668907
104.005363
103.501869
102.532417
102.097618
102.028297
102.018547
115.895981
109.381706
104.252914
102.415977
102.018089
315.417847
313.003174
165.875153
112.124504
106.756004
103.49942
101.927917
101.922455
101.911667
106.35611
104.304848
102.768578
101.850464
101.811615
101.795464
101.785187
113.906769
57.2750282
53.5438042
51.8684235
51.8620682
51.8238525
51.7860832
51.7779121
51.7717819
51.7662697
52.815136
116.467926
105.214516
67.828186
51.7941322
51.7805481
51.7767372
51.7390862
51.7368851
51.7360802
51.735714
51.7358551
51.7364922
51.7374763
51.7388687
51.7405624
51.7425079
51.7447891
51.7471237
51.7496452
83.3431091
123.832436
109.22142
101.998505
101.80867
101.80703
101.831596
126.268677
117.819992
106.805748
101.811028
101.790604
101.785942
101.781921
101.777084
101.772171
101.766342
51.7605362
51.7544365
51.7485924
51.7491264
51.7352524
51.7259407
51.7174454
51.7095375
51.7021179
52.5460052
51.8092728
51.741787
51.6701584
101.662399
51.6553612
51.6359444
51.6377792
51.6435204
51.6519737
51.6337204
51.6577835
51.6564674
51.6534462
51.6500854
51.6468658
51.6435661
51.6398544
51.636673
51.6331329
51.6293869
51.6254997
51.6216164
51.6174316
51.6135101
51.6094475
51.6050339
51.6008606
51.6780052
68.735672
63.2493553
55.2917023
51.5803223
51.5760612
51.4544563
51.4496422
51.4451561
51.4402809
51.4355812
51.4307327
51.425663
51.420372
51.4149704
51.4094734
51.4039726
51.3968506
51.3881149
51.3815613
51.3749886
51.3683662
51.3617172
51.3551369
51.3483734
51.3416443
51.3348274
51.3289833
51.618885
51.3200798
51.3343468
51.3017654
51.2955055
53.5897331
53.3500824
51.972084
51.4229774
51.3745232
81.3663483
81.3578491
81.3493576
81.8935852
81.3425064
81.3246231
81.3152542
81.3059158
81.2963181
81.2870789
81.2774582
90.1373291
86.9172134
129.831406
118.28598
92.7464218
81.2250061
81.215889
81.2066498
83.3650131
84.9234619
83.0589828
81.6883698
81.1642838
91.1194763
89.263092
84.1832275
13.0019979
73.2865677
81.6064911
104.712921
104.3992
104.56617
103.638557
52.7024918
56.2615395
60.623909
98.7773285
90.7974701
112.156372
342.068787
479.807373
298.629517
104.667015
105.300774
105.846558
103.950264
103.332184
101.991692
101.480064
101.49099
101.498306
101.502708
51.5046577
51.5045853
51.5270691
51.635807
58.4847717
58.8374252
54.1300507
51.5695114
61.4155121
61.3937569
61.8786697
62.6529694
63.3649406
78.7155685
83.4237213
74.5456009
65.3434296
62.0433311
68.4919662
65.6530762
62.6495094
110.500443
125.6138
148.799835
169.922058
171.244736
228.771698
189.288055
128.106827
81.232605
67.6847992
138.91217
319.475128
230.064575
108.526604
66.5660477
64.1516495
62.7746048
15245.2969
112.164238
126.10643
116.081833
105.338722
101.87368
103.749222
103.875717
102.573929
102.553314
102.446854
102.030243
101.933762
101.889603
101.87413
101.867836
120.913643
126.613503
120.072708
108.668571
103.065964
101.926003
114.05162
115.35582
108.4888
103.241806
109.110771
239.310669
271.162567
181.29422
120.983574
103.454613
101.964859
101.835388
103.155548
103.402519
102.23288
101.837608
101.836479
101.834801
101.832436
107.678795
105.88134
102.833344
101.822189
101.836868
104.004936
103.780731
110.300781
142.814346
173.136215
154.958282
175.624756
190.375839
141.946854
124.435814
142.295212
195.100128
173.9599
129.297165
183.585846
149.143768
55.3726425
42.2629471
42.6408501
42.4619293
42.1814308
41.9939995
41.9956741
41.996048
41.9955902
41.9949493
77.0063171
180.812454
496.955231
335.61264
202.953629
263.331299
172.756836
74.9899673
42.067852
42.067852
42.067852
42.067852
42.067852
290.926117
249.278351
116.336807
58.9016991
49.4262314
70.427063
71.3069458
116.089935
106.503906
105.21106
104.520096
153.580124
144.554596
158.221588
139.474289
111.227364
102.067848
155.305466
251.46936
264.882935
176.059036
114.273819
102.067848
102.067848
102.067848
112.089912
137.254135
126.185669
107.014412
174.253326
264.442017
209.115036
225.5047
242.932953
176.966827
190.051208
167.773575
119.76474
102.835701
102.376808
102.066498
102.057693
115.946617
108.387833
103.89286
162.934113
194.975616
303.763489
242.448624
140.420914
102.816628
102.089951
101.960205
101.95945
101.95475
101.936226
101.924812
101.919556
102.352669
101.934753
101.914993
144.049896
175.260361
141.629715
110.784576
107.770622
104.760223
102.843323
51.8286705
51.8156204
51.8071251
51.7991142
51.7915878
51.7846489
51.811203
129.542633
333.485352
294.477783
130.263931
59.6883392
85.2019958
949.205872
1135.55518
581.978394
143.595978
51.8278656
52.2145157
51.8294449
51.7868423
51.7404251
51.7382317
51.739727
51.7417412
51.7443008
51.7473221
51.7508278
51.7548103
51.7593689
108.314072
245.031311
528.109985
520.292664
278.679504
131.253571
101.886551
101.867584
102.65451
101.985466
101.941513
101.903374
101.910599
101.91983
101.929428
101.938095
101.946938
101.955559
101.963097
101.969353
101.974686
101.97879
101.989075
101.99176
101.985092
101.985359
101.983398
101.983391
101.979019
101.972496
101.96846
101.918419
101.921875
101.947899
101.951035
101.937828
110.542809
105.229813
103.071609
104.901894
102.857292
56.6121368
60.3019562
64.1573105
70.3851089
116.206482
57.5791931
53.4317131
51.921299
51.9183998
54.7882385
52.8186989
52.2974167
97.0326996
51.9032669
52.1192932
51.8972168
57.2685051
53.8113785
57.7806969
109.786247
107.765457
109.640976
120.885788
113.1922
105.162781
115.232986
119.3367
127.914894
114.485527
105.500175
101.741325
103.800079
103.782318
102.253319
101.844833
101.72142
102.559464
101.781609
101.725906
101.726234
107.537994
103.901932
52.5132256
52.6825523
85.0655136
100.257492
163.757111
227.194794
207.253723
110.833359
94.9689255
81.9839859
81.7775879
81.7763443
81.7745819
81.7725296
81.7705002
82.3923416
81.7647552
81.7615509
81.7581177
81.7540283
81.7493439
81.7442398
81.7392044
81.7342224
81.7284775
81.7225418
81.716507
81.7099457
81.7036209
81.6968842
138.680435
185.980835
169.133881
127.373299
276.655243
270.736816
224.270782
150.791168
128.789047
105.460197
102.008209
102.205757
101.928764
101.814392
101.817879
102.816757
103.351669
102.353088
101.845901
101.818573
101.816345
101.813904
101.811386
101.808273
101.804756
101.800392
101.795654
101.790688
101.785416
101.77961
104.202156
143.422058
147.782166
141.897491
123.23999
107.639259
135.581085
253.950394
316.622437
188.695343
95.2188568
64.8091049
62.1120224
61.7386131
61.9597549
62.0997658
61.8846703
66.7086182
99.5095062
115.055374
98.9908676
73.6160431
63.7177086
61.7349548
61.7332726
61.7308388
61.7277107
61.7245064
62.2524834
61.946434
61.7871933
61.7221832
61.7630157
61.7197495
61.7077026
61.6853905
61.6789589
61.7297935
61.9740257
26219.127
124.507309
115.758957
105.33567
101.650101
142.573959
131.660553
110.869057
101.610535
105.341637
104.422585
102.888489
111.080017
108.24736
103.605042
234.090118
201.94281
479.97876
461.505127
528.391968
328.076111
178.468933
246.8302
204.512985
134.275238
105.746941
103.932068
102.356972
106.987617
105.705429
121.028275
353.954681
579.580872
526.356812
592.123779
387.698059
308.388306
255.081635
101.99649
149.251801
144.756439
115.012238
109.910606
125.971848
119.085861
117.260681
112.112419
104.650887
101.9767
101.97657
101.993912
101.975876
101.975662
127.136246
196.435425
172.535904
120.815575
120.997665
232.529022
576.147095
533.899597
267.813507
121.974838
102.067848
153.223907
196.473328
159.745331
173.941467
203.447357
220.878784
181.945312
129.64267
105.564903
117.180084
122.834023
112.257217
103.922829
102.067848
102.067848
102.067848
102.067848
102.067848
102.067848
102.067848
42.067852
42.067852
42.067852
102.067848
42.067852
42.067852
47.4170723
47.3248177
104.600281
102.435791
102.13382
102.067848
102.100479
102.078217
102.067848
102.067848
102.067848
103.510597
105.258446
104.02494
102.244057
102.067848
102.394867
102.171738
102.067848
102.067848
103.7453
105.195351
103.699585
139.876984
139.344772
117.82975
182.128723
252.950684
387.452026
383.558105
225.631561
120.888832
102.067848
102.059624
102.052917
102.054337
102.063377
102.026932
102.037811
102.026863
102.016129
102.023788
172.606232
340.942566
476.91864
387.192139
203.069824
117.444305
101.96888
102.067955
101.954506
101.923584
101.920128
143.761963
246.637817
406.488525
409.232635
257.903198
137.015213
104.615242
101.824501
101.785576
101.802208
56.5192719
54.3672256
141.480713
662.659912
551.864197
203.756241
53.9564857
104.498665
101.856789
101.824188
101.789116
101.752068
51.7482376
51.745018
51.7424316
52.523365
51.7929115
51.7470703
51.7362289
51.7358589
51.7360001
51.7366409
51.737896
51.7777138
51.8174706
75.4833527
94.4183807
73.9181137
58.253479
101.819214
101.833031
164.076294
180.950378
135.731201
107.788811
101.873703
121.271591
111.180695
104.83873
101.869835
101.874603
101.878693
101.881432
101.899406
101.890244
101.883179
101.881866
101.880608
101.87883
110.314873
104.555168
102.76609
101.863617
101.858116
101.854919
101.85289
101.841927
101.828506
101.825012
101.827431
101.808762
101.855583
51.7856979
51.7925606
51.7977943
51.7991982
51.7992668
51.7963295
55.1437645
52.6437759
52.1254387
51.7838211
51.7806358
51.7771988
51.7736435
51.7700882
51.7668533
51.7634544
51.7597961
51.7560501
51.7523041
51.7485542
51.7449036
51.7411156
51.737175
51.7330284
51.7290535
51.7251434
51.7206802
51.7165527
101.600731
106.02684
104.757584
102.62439
101.786469
101.6017
101.573036
101.568535
162.027222
149.233749
116.793739
101.552628
101.547928
101.543198
101.538284
101.533348
101.528755
51.5462036
51.5195122
77.8626251
69.2309647
57.3539238
51.4995422
51.4941483
51.4892654
58.6664467
54.7391624
52.6194916
52.9315109
51.769722
51.5972786
81.5552902
81.5485764
81.5419235
82.6650314
81.6787186
81.5781479
81.5706024
87.8800201
106.659637
157.835907
271.063507
321.569946
264.768433
157.208359
103.855339
85.2939224
82.7598038
81.4914627
81.4905853
81.488266
97.5928497
91.701561
85.0231171
81.4736481
81.4687042
82.6040878
81.4805374
81.4526672
81.4468155
81.4406586
101.434494
101.42794
101.421455
132.567917
128.102692
109.764259
101.418167
101.392609
101.386055
101.379997
101.373512
101.366783
101.360039
103.696983
135.389603
145.84964
124.371918
148.592545
205.024231
208.391129
197.642441
192.68309
164.852448
126.086037
105.404594
101.329712
133.932465
483.911743
757.597778
658.032959
347.389862
120.0868
66.902916
62.3332138
62.0016212
61.9859238
61.9852448
61.9852638
61.9854927
62.0018578
62.0019989
106.980789
94.9010315
72.2460175
61.9858208
62.0444984
61.992569
76.2898941
69.6351929
64.411171
61.9853554
61.9849396
61.9845543
95.5498199
83.9410553
68.8527374
63.9335747
225.273865
184.859863
101.781952
63.4677162
140.498947
269.068817
255.333466
274.879456
173.905136
98.6143799
71.9852142
71.9852905
72.000618
71.984787
71.9844284
71.9841995
71.9840317
71.9838943
71.9840012
73.0710678
73.0532837
72.3001938
95.8328552
90.0977936
77.295723
71.9829483
71.9988327
71.982399
71.9819336
71.9816818
71.9813538
71.9970474
71.9797745
71.9784546
71.9774017
12.0152273
44.4173241
52.3345032
51.9710274
51.9691162
64.2527237
60.918644
54.889286
55.4037971
54.5537186
52.5786018
64.0518646
131.323273
149.795258
98.3612289
61.1560211
51.942379
51.9409523
53.6433716
81.094635
79.578392
63.22295
59.2415581
56.2350922
53.025959
51.9275932
87.4469681
77.7184372
159.680313
118.608414
72.4244385
42.5101471
42.0177422
42.0173264
42.0166817
42.0157356
42.01437
42.0128632
42.0111656
42.009552
74.2482834
65.1996155
49.5092392
42.5889168
50.8361816
166.683777
164.199036
91.1084518
49.1818352
42.2426987
42.0052605
42.0581245
42.2313805
42.1265869
42.469799
42.4562073
42.1993637
42.0028877
42.0016556
42.0002899
41.9987831
41.9969292
41.9950752
41.9932022
42.834465
43.9044342
43.1641998
42.0859489
41.9822311
54.6343536
70.5200577
64.8862152
50.2465744
42.8460655
41.9689026
41.9666367
41.9642754
41.9618149
41.9593163
41.9569359
41.9542389
41.9518661
45.5443649
46.7077446
44.1328049
42.1145897
41.9390755
42.1016541
43.809124
43.5504189
42.0742111
41.9185333
28948.8457
101.919304
122.432426
160.14386
138.955032
111.385094
101.855194
101.849907
101.847931
101.833168
103.895012
102.597519
102.070671
101.788887
101.778648
101.768028
102.487343
101.922691
101.827415
101.743187
101.736923
101.722244
101.680717
101.666054
109.774071
105.228928
102.641319
101.588638
101.603897
101.591797
51.6142883
51.663475
51.6512909
52.2793236
56.9325714
58.2825851
69.2772675
74.7379913
103.289185
81.748764
59.7402687
51.4631119
51.4513206
51.4395828
51.427269
51.4154892
51.4046288
51.435833
51.4278412
51.3775902
51.4034767
51.3945389
51.3465233
51.3356972
51.3641701
51.3917656
51.347229
51.3025665
51.2937317
54.7513351
52.2397728
51.6114349
60.7999153
103.271332
121.434372
84.503891
58.5322533
51.3638077
51.3266792
51.3130569
51.3032875
51.2690353
51.2565422
51.2487907
51.2606544
51.2553711
51.2319107
51.2257423
51.2217064
51.2181473
51.2153778
51.2130699
51.2108612
51.2167816
51.2160492
51.2024269
51.1907349
51.9846916
51.2818909
51.2237091
51.1710358
51.1642151
51.1431885
51.1599197
51.1615448
51.1487923
51.1764793
51.1765594
51.1763763
51.1732483
51.1701279
51.1664352
51.1631432
51.159626
51.1560707
51.1524429
51.1489105
51.1451225
51.1410561
51.1373329
51.1335983
51.1296005
51.1254425
51.1214294
51.1172066
51.1129494
51.1086121
51.104454
51.100174
51.0956917
50.9777641
50.9734993
50.96912
50.9646683
50.960041
50.9553566
50.9506149
50.9452515
50.9393044
50.9328804
50.9277878
50.9227142
50.9171829
50.9116364
50.9064522
50.9010468
50.8954086
50.8897057
50.8837242
50.8779984
50.8722191
50.867466
63.533699
59.61586
53.6995049
51.057415
50.8416634
50.8581238
50.8774452
50.8240967
50.8183289
22.865715
99.0670929
103.487846
80.8988876
80.8910294
80.882637
80.945694
80.8658676
80.8574905
80.8483734
80.8389206
80.829216
80.819725
80.8101578
80.8005219
80.7907791
80.7810287
80.7711182
80.7618484
80.9874268
80.7465439
80.7359467
80.7266693
81.1091614
89.579895
88.7064743
83.7837067
81.0145416
132.490417
126.637123
114.873329
100.652504
100.645546
101.671394
101.871628
100.979836
100.621483
100.615303
100.624023
100.608032
100.596848
100.590744
102.357574
143.176712
177.363266
166.533936
129.501678
105.980209
100.555443
100.550484
104.851593
140.954773
149.33046
123.002159
103.977112
50.5269089
53.9767494
54.4350166
51.6578331
50.5054779
50.50037
60.4090881
67.9840851
79.0195541
129.451172
169.315979
132.886108
116.082581
179.365265
238.249405
173.368668
90.1731949
62.1459999
60.5479736
68.6876068
86.9834442
85.1922531
90.1399841
77.0931854
65.2105179
132.403473
156.094543
106.410431
68.9273758
60.7408295
90.8234329
124.877914
166.282593
245.107849
233.710724
135.058548
16241.3301
118.12883
115.291145
108.858818
121.292526
116.015099
105.407394
101.307899
101.26683
103.528748
106.888344
110.696236
168.979126
162.571045
244.603729
209.954468
179.764435
215.842041
278.123718
192.05011
123.360893
101.594208
101.646263
101.656372
155.490921
156.718826
246.078033
276.186798
245.003204
161.011215
114.831467
215.832489
222.933823
155.225372
112.389725
103.151421
103.053162
102.49408
102.281273
102.012894
101.940613
128.67981
200.09938
193.72998
351.705017
243.90976
140.710007
104.771873
105.463814
165.659866
182.804016
144.401703
121.847672
110.259888
139.643188
133.804504
113.845695
105.397545
104.52375
103.33239
121.608154
116.36264
110.190643
117.958099
88.7513657
57.2732658
44.9362755
42.1327324
139.112366
134.62085
99.4331131
63.5101852
48.0429077
45.1877174
46.7446518
44.6125565
42.7633209
42.9260521
103.141937
63.140419
59.1010628
47.7618446
105.620781
90.8879242
81.5537796
113.47065
42.067852
106.787903
100.366241
156.731476
61.8255463
111.341507
108.674011
110.660713
106.872513
145.661499
179.072952
158.86673
141.654541
154.799911
296.543762
324.456909
252.780106
209.442535
152.422684
112.076584
102.137856
102.520287
105.093155
105.143845
102.363991
102.355476
102.159225
102.067848
102.067848
102.895004
129.827118
126.489891
118.174553
153.62851
140.252121
150.067154
