0.0
0.0
0.0
0.0
0.0
0.0
0.0
0.0
0.0
0.0
0.0
0.0
0.0
0.0
0.0
0.0
0.0
0.0
0.0
0.0
0.0
0.0
0.0
0.0
0.0
0.0
0.0
0.0
0.0
0.0
0.0
0.0
0.0
0.0
0.0
0.0
0.0
0.0
0.0
0.0
0.0
0.0
0.0
0.0084471181
0.0167203583
0.0214025639
0.0249891207
0.0249891207
0.0249891207
0.0249891207
0.0249891207
0.0249891207
0.0249891207
0.0243204515
0.0236341767
0.0234273039
0.0234273039
0.0234273039
0.0234273039
0.0234273039
0.0
0.0
0.0
0.0
0.0
0.0
0.0
0.0
0.0
0.0
0.0
0.0
0.0
0.0
0.0
0.0
0.0
0.0
0.0
0.0
0.0
0.0
0.0
0.0
0.0
0.0
0.0
0.0
0.0
0.0
0.0
0.0234273039
0.0234273039
0.217147395
28.4517422
41.0556412
54.450119
35.212059
12.0315104
10.0117264
2.2368443
0.0234273933
0.0234273039
0.0234273039
0.0234273039
0.0234273039
0.0234273039
0.0234273039
0.0234273039
2.59263229
7.99302673
5.43838692
1.66987157
0.0234273039
0.0234273039
0.0234273039
0.0234273039
0.0234273039
0.0234273039
1.2555362
0.905666471
0.412065178
0.216490924
0.0788128003
0.0234273039
9.5622015
9.90716553
2.99649072
0.0234273039
0.0234273039
0.0292288847
0.025270354
0.0234273039
0.0234273039
0.0234273039
0.0234273039
0.0234273039
0.225107282
0.464762092
0.148228019
0.102296397
0.308211237
0.104953118
0.231000662
0.470452815
0.698466659
0.804044902
1.95457637
2.0211103
7.97102022
7.92401409
2.42537379
0.0
0.0
24.3759327
25.108942
14.5683718
20.7357101
11.7747335
2.60915303
11.1339884
30.2226753
18.9604149
16.9842892
11.2348938
1.4668169
0.042988725
0.0
0.0
0.0
23.3101158
79.068573
79.2444763
34.3822021
10.3790722
31.0741215
17.7105026
10.5909338
4.35184908
0.0
0.0
0.0
0.0233171135
0.107892238
0.48583436
3.07308054
5.56935453
10.7741299
33.4155731
14.1530323
9.9309864
6.17562723
0.0
0.0
0.0
0.0
0.0
0.0
0.00107950624
4.53695154
3.66238427
0.973267317
0.203153908
44.7360268
57.0541687
59.1786423
108731.133
130.30748
120.895279
111.044754
103.462364
100.726959
100.190567
100.013741
100.436073
100.649475
100.149261
99.9788818
99.9802551
99.9821091
108.330635
136.293365
156.716187
139.536636
196.488983
188.475449
162.143692
149.413834
131.821625
110.909111
107.172562
105.758331
102.211479
100.416481
100.260033
100.232567
114.777985
113.776588
103.947891
101.106255
101.497772
100.524628
100.210518
100.195908
100.295425
40.2987137
42.1076126
41.7518463
47.2416115
47.9496269
45.0205765
54.9524536
101.017868
183.078506
175.596008
97.6851654
49.7222099
117.034286
138.391876
93.266304
55.0983734
52.3338356
49.754528
43.500061
40.6472397
40.665863
40.6816559
40.694416
42.762764
131.58754
145.863571
84.0751266
51.0566368
45.367939
42.2803497
100.850433
100.867455
100.881859
100.893898
100.904289
101.308517
128.893753
126.525436
108.029709
116.777748
120.118027
115.303177
107.575974
102.137169
167.245361
163.702286
119.805962
102.671913
101.76902
101.113083
101.066772
161.960236
218.311188
114.346886
103.485451
182.93988
172.885056
114.296539
105.832954
101.723663
78.0168762
101.414299
101.416267
101.431862
101.442123
103.29821
112.421707
194.987305
216.332428
153.1884
110.877754
101.532669
101.52932
101.536575
101.531258
101.534698
186.785767
168.34996
23.2455444
239.003662
246.870453
156.904739
108.58773
101.627991
101.659828
101.671753
113.270485
166.362106
145.262756
113.472107
101.70768
51.7644157
51.7374115
54.6045341
78.8846741
156.991074
151.794937
86.1719589
226.542725
156.678223
81.570694
51.7042503
51.7455826
104.540985
135.816406
162.828918
112.214066
231.063507
328.006439
339.519318
310.442932
192.375702
88.7658157
55.5700951
51.741909
51.7444077
51.783989
51.8245735
51.7942162
51.7616081
51.7958412
53.8136101
121.140411
139.218262
89.0180206
133.762161
110.089134
71.2649689
53.6892166
126.104721
62.7838745
58.7320671
102.867523
52.3292351
52.5795975
51.9368973
51.9263954
51.9255295
51.931778
51.9376335
51.9424324
51.9466972
51.9497147
51.9522095
51.9543266
51.9564209
52.2883453
51.9642944
51.9561157
51.9522705
51.9469261
51.9408798
51.8945351
51.9174843
51.9016495
51.9077682
51.9308777
52.3080521
52.7333832
52.0549545
51.9901123
51.9210129
54.8961182
53.1939049
54.8987961
53.0415497
52.2393112
53.1257629
53.1886787
52.219059
52.0062408
51.8942642
51.8913918
51.8886223
51.8853798
51.882534
51.8791885
51.8763847
54.3111649
52.9534225
52.2681732
51.7855721
51.7508011
51.7477264
51.7444687
51.7411346
51.7378044
51.7344513
51.7309151
51.7275124
52.9016991
52.3738136
52.5145683
51.7523155
51.7251167
51.7075806
57.7196465
71.5970917
62.7140388
55.1017418
51.7097397
90.0615845
122.644974
89.8018265
61.4220924
51.6687775
52.9065094
52.9345741
54.3576469
52.4430542
52.6893158
51.7664528
81.746666
82.0361481
81.7319107
81.7266846
81.7211914
81.7150574
81.7090683
81.7031479
81.6971207
81.6905975
81.6845856
81.6786118
81.6725998
81.6668243
81.6609879
81.6550369
81.6492386
87.3701172
125.244118
52.3080063
106.249924
117.783035
184.671677
225.766739
209.184845
145.376205
101.293083
82.2297668
81.6065521
81.6056671
101.680801
101.907036
101.691971
51.5957069
51.5913696
51.7485085
52.1584854
51.7958374
51.5884666
51.569828
51.5646172
51.5596428
51.588089
52.5701981
156.816589
271.605255
300.961121
368.16333
487.037781
326.452423
242.485413
160.261917
119.98439
115.127319
192.679871
237.621674
186.291061
126.218018
104.561569
103.40992
102.400536
61.9848518
62.0006866
116.39222
105.981773
75.6115417
62.0016556
148.63974
277.2005
199.16066
97.6823502
62.0723534
61.9857903
62.0013924
62.0014458
62.0014305
62.001461
97.6948242
256.758881
444.779053
347.756958
189.113831
103.768761
103.537811
362.676727
416.514526
237.347214
156.989319
104.262283
74.750412
61.9858551
71.9857254
71.9856567
71.9855881
71.9855194
71.9854431
71.9853592
71.9852676
71.9851761
71.9850769
71.9849777
71.9848633
71.9849319
72.0003357
71.9845581
71.984375
71.9844131
72.0000839
77.7031403
76.5541306
73.1591034
71.9833603
71.9832916
169.018555
194.262909
130.138763
82.4596024
75.4174881
93.2303314
109.365677
93.0789337
77.4362411
52.9083786
52.3001213
52.0709229
52.0160828
51.9801064
51.9798431
51.9796028
51.9795532
52.1031914
52.598278
52.7677422
52.1677094
105.806
92.2028732
63.8474236
52.4631729
54.8357811
181.430389
184.822296
105.7686
59.6789093
51.9746819
51.9745674
56.2453003
55.6911163
52.9136429
51.973175
53.0413475
53.490963
54.0438271
68.5921783
52.5666847
87.7569427
84.7411804
344.05957
250.178207
279.71936
268.713379
211.299866
154.509644
90.8432388
59.610939
408.583954
700.64386
452.313782
139.274277
42.067852
42.067852
42.067852
42.067852
42.067852
42.067852
42.067852
48.642952
123.409485
317.751038
328.673859
437.100311
475.34436
306.330261
155.505112
621.692444
712.644897
396.560272
160.07576
178.228699
448.067505
426.973877
210.227707
158.514603
149.550369
114.021645
102.067848
102.067848
102.067848
102.067848
102.067848
102.067848
102.067848
102.067848
102.067848
102.067848
102.067848
121.221382
140.7061
125.406143
106.380219
102.067848
102.067848
102.067848
104.40918
108.076942
103.924843
102.677277
104.034019
103.523071
102.53936
102.098442
102.028221
102.018463
116.117912
109.499069
104.289146
102.423088
102.018402
318.188812
315.867523
166.761581
112.223953
106.802185
103.514442
101.927795
101.922302
101.911514
106.405922
104.330879
102.778038
101.850304
101.811447
101.795288
101.785027
114.066238
57.3441391
53.5647659
51.8682518
51.8618965
51.8236847
51.7859116
51.7777481
51.7716179
51.7661018
52.8302994
117.670563
106.324188
68.1633606
51.7939377
51.780365
51.7765503
51.7389069
51.7366982
51.7359009
51.7355347
51.7356834
51.7363167
51.7374001
51.7388458
51.7407455
51.7430344
51.7457924
51.7490273
51.7527428
84.2314301
124.543991
109.46434
102.016022
101.823967
101.826347
101.855301
126.938339
118.374352
107.004372
101.848732
101.831863
101.831093
101.830688
101.829887
101.828377
101.825851
51.8229294
51.8203354
51.8176117
51.8215485
51.8111916
51.805481
51.8000641
51.795105
51.7906837
52.6540833
51.9088287
101.842957
51.7724762
51.7681503
51.7640076
51.7463875
51.7500725
51.7569084
51.7657928
51.7481613
51.772049
51.7713776
51.7688789
51.7660255
51.763176
51.7602272
51.7576332
51.7547607
51.7516785
51.7486877
51.7455635
51.7422409
51.7388
51.7357063
51.7322655
51.7286568
51.7252998
51.8054695
69.1346588
63.5930977
55.5041428
51.7083282
51.7048759
51.5840492
101.580139
51.5765839
51.5730171
51.5693512
51.5656395
51.5619926
51.5580902
51.5540924
51.5500031
51.5456619
51.5398445
51.5325317
51.5270805
51.5220222
51.5171738
51.5121231
51.5069008
51.5014191
51.4959564
51.4906387
51.486351
51.7865448
51.4806938
51.49617
51.4652328
51.4603539
53.8119431
53.5566635
52.1450005
51.5944252
51.5469055
81.5406418
81.5340042
81.5273056
82.0928192
81.5239258
81.5079041
81.5012054
81.4941559
81.4870682
81.4798508
81.4729156
90.4736938
87.1887207
130.493301
118.636757
93.0015411
81.4330368
81.426384
81.4196396
83.606636
85.1775131
83.2896881
81.911972
81.3866577
91.4586716
89.5771484
84.4406357
13.1485558
73.6598129
81.8458099
105.014572
104.700287
104.872551
103.929329
102.975212
56.6187286
61.0765648
99.8448639
91.6613235
112.973862
340.465393
474.853607
293.979492
103.653397
105.496666
106.007195
104.137474
103.538651
102.197472
101.685432
101.698486
101.707901
101.714333
51.7182083
51.7201042
51.7440147
51.8575745
58.7243767
59.0772629
54.3665466
101.79631
61.6421204
61.6219521
62.1050415
62.8757668
63.5846939
78.9943924
83.6174927
74.7035294
65.5472946
62.2781258
68.7354507
65.8580933
62.8828163
110.785965
125.633163
148.534561
169.158829
170.173477
226.657394
187.322205
127.249664
81.0908585
67.8120117
138.578094
316.041199
228.07196
108.025726
66.8996658
64.3625641
62.9132004
16550.9648
112.650169
127.081604
116.720306
105.576302
101.945564
103.928177
104.032043
102.664452
102.662537
102.539162
102.104767
102.009415
101.964912
101.950531
101.946281
121.771568
127.781898
120.99295
109.057312
103.211143
102.021332
114.643661
116.032433
108.87812
103.391861
109.518959
243.716858
276.045929
183.928329
121.642273
103.598122
102.070229
101.935638
103.321754
103.544495
102.34391
101.938362
101.938232
101.937401
101.936386
108.000008
106.105927
102.970703
101.931068
101.947021
104.215904
103.949608
110.72921
144.288528
175.368652
156.499298
177.523621
192.365921
142.835907
125.0802
143.299377
197.058136
175.528076
129.942139
185.263794
150.627075
55.8103485
42.3524132
42.7406731
42.5527
42.2501221
42.0458488
42.0457497
42.045475
42.0450439
42.044693
78.0957336
185.292847
507.108978
347.249268
207.938522
269.697205
178.387497
76.4147873
42.067852
42.067852
42.067852
42.067852
42.067852
296.875977
257.385803
119.024666
59.4233971
49.7163086
70.9890747
72.2547379
116.567413
106.56575
105.307411
104.54969
154.609497
145.936356
159.426941
140.665909
111.546753
102.067848
156.295517
254.424164
268.661133
178.213348
114.654114
102.067848
102.067848
102.067848
112.199844
137.876633
126.820824
107.157883
175.446472
267.374817
211.731918
227.31958
245.613495
179.198807
191.116287
168.603973
120.066368
102.853882
102.385628
102.066467
102.05764
116.130478
108.543022
103.94426
163.824707
196.495697
305.864014
244.693756
141.165588
102.836281
102.092834
101.960098
101.959343
101.954651
101.936127
101.924644
101.919395
102.356094
101.934624
101.914864
144.68454
176.41568
142.349152
110.955841
107.832878
104.815094
102.864189
51.8284874
51.8154373
51.8069496
51.7989349
51.7914162
51.7844849
51.8110313
130.950668
337.242676
298.223267
131.529144
59.7999687
85.6110229
953.475464
1137.67676
582.032227
143.511627
51.8276596
52.2172928
51.8292427
51.7866364
51.7402191
51.7380295
51.7395287
51.7415504
51.7441063
51.747139
51.7506447
51.754631
51.7592049
108.413208
247.146637
532.37207
523.93512
280.011627
131.425507
101.886406
101.867378
102.660286
101.985825
101.941666
101.903221
101.910454
101.919678
101.929298
101.93808
101.947212
101.956589
101.965546
101.973526
101.980606
101.98645
101.998451
102.003418
101.999779
102.003815
102.006401
102.010696
102.010246
102.007072
102.00621
101.958954
101.964088
101.990768
101.994545
101.981956
110.792267
105.390251
103.158501
105.008316
102.937843
106.769257
110.562164
114.526207
114.909676
66.6201172
57.8091393
53.533432
51.9725609
101.970398
54.8959656
52.9033318
52.3653336
51.9608078
51.9582481
52.1783371
51.9529572
57.4489861
53.9367981
57.9889755
110.06662
108.013077
109.91301
121.420509
113.63813
105.350792
115.578705
119.8452
128.585999
114.956512
105.692169
101.806519
103.896408
103.889717
102.339516
101.917969
101.790634
102.642067
101.854507
101.799057
101.799934
107.720192
104.049957
102.620216
52.7757263
85.7550278
101.353668
165.372009
228.582489
208.595703
111.581139
95.2230301
82.0701981
81.8606567
81.8607101
81.8603363
81.8597336
81.8583603
82.4889984
81.855278
81.853035
81.8505478
81.8479156
81.8445129
81.8405457
81.8367386
81.8328705
81.8285751
81.8241959
81.819603
81.8147507
81.8100739
81.8053741
139.273315
186.951416
169.978561
127.820427
275.774048
270.424072
223.707428
150.562805
128.77092
105.532608
102.094948
102.293312
102.017105
101.903793
101.908379
102.913116
103.44416
102.447472
101.940704
101.91394
101.912766
101.911537
101.909683
101.907776
101.905396
101.902443
101.899071
101.895737
101.892006
101.887718
104.339966
143.958939
148.18248
142.288574
123.421219
107.79007
135.903015
254.156784
315.805328
187.925262
95.087204
64.8955612
62.2099915
61.8325882
62.0531006
62.1941566
61.9774017
66.8638
99.9433441
115.331757
99.1238861
73.6858673
63.8077621
61.8279877
61.8269882
61.8252525
61.8231583
61.8210754
62.3594131
62.0506287
61.8899193
61.8249321
61.866787
61.8255196
61.8148575
61.7941666
61.789711
61.842556
62.0976257
24219.9258
124.836334
115.93235
105.478661
101.774864
143.086685
131.830002
111.033813
101.741646
105.511902
104.548676
103.032257
111.295265
108.379868
103.749054
234.568497
201.608093
476.134552
457.114075
524.501709
324.817108
177.89444
248.202484
205.207489
134.473938
105.817719
103.986794
102.387619
107.078339
105.792618
121.337685
356.224792
580.693481
528.096069
594.612366
387.780945
299.390228
253.733246
101.996475
149.702942
145.378265
115.158623
109.998489
126.272598
119.370224
117.442886
112.292679
104.693565
101.976677
101.976547
101.993889
101.975853
101.975639
127.485168
197.782486
173.83725
121.122536
121.231644
233.891602
578.522766
536.731689
268.856934
122.081116
102.067848
153.608704
197.350433
160.361984
174.440475
204.289566
221.681274
182.545807
129.819077
105.583183
117.283707
123.01886
112.341675
103.937065
102.067848
102.067848
102.067848
102.067848
102.067848
102.067848
102.067848
42.067852
102.067848
42.067852
42.067852
42.067852
42.067852
52.0925446
107.417053
104.646942
102.442627
102.134911
102.067848
102.101074
102.078407
102.067848
102.067848
102.067848
103.538361
105.333839
104.081184
102.249748
102.067848
102.401398
102.173813
102.067848
102.067848
103.780777
105.2789
103.748566
140.792648
140.339859
118.212364
183.875595
256.090607
391.679962
387.070587
227.041763
121.066299
102.067848
102.059578
102.052826
102.054253
102.063339
102.026848
102.037727
102.026779
102.016045
102.023705
173.300674
342.109924
477.89679
387.008606
202.77269
117.336456
101.968773
102.067696
101.954399
101.923485
101.919945
143.934402
246.853363
404.959778
406.268982
256.780731
137.014404
104.637955
101.824265
101.785347
101.801964
56.5578575
54.3883476
142.190125
662.733887
550.547852
203.281982
53.9720268
104.517647
101.856941
101.82415
101.788918
51.751873
51.7480507
51.7448235
51.7422485
52.5303764
51.7927361
51.7468948
51.7360535
51.7356834
51.7358322
51.7364731
51.7377281
51.7775536
51.8173027
75.9447632
95.2603455
74.3954697
108.382233
51.8190308
101.832855
165.319214
182.665482
136.517044
107.921013
101.875069
121.648537
111.419136
104.916405
101.877426
101.883751
101.890572
101.896622
101.918343
101.91291
101.90979
101.911957
101.914139
101.915428
110.535767
104.69738
102.846115
101.913483
101.91114
101.911522
101.912331
101.904396
101.894356
101.893677
101.898994
101.884048
101.933701
51.8645058
51.8717995
51.8776436
51.8797073
51.8802757
51.877739
55.3034592
52.7611046
52.2217789
51.867157
51.864502
51.8618507
51.8587837
51.8559837
51.8531342
51.850029
51.8471222
51.8439636
51.8412094
51.8379822
51.8349953
51.8318329
51.8285675
51.8252716
51.8219757
51.8183632
51.8149834
51.8115692
101.696564
106.270096
104.958885
102.756264
101.890961
101.701202
101.673462
101.669884
163.302719
150.242401
117.20536
101.657631
101.653877
101.650032
101.646172
101.642311
101.638596
51.6571198
51.6314163
78.4020386
69.6820145
57.5801964
51.6158676
51.6115227
51.6079636
58.9052505
54.9160461
52.7605095
53.0805092
51.8987923
51.7248497
81.6819839
81.6771164
81.672142
82.8198395
81.8168793
81.7151718
81.7083893
88.1650009
107.349396
159.326019
272.781311
321.681549
263.707245
157.021149
103.893303
85.4151154
82.8987045
81.6315918
81.6315613
81.6302795
97.7153778
91.8253784
85.1597366
81.6202469
81.6166916
82.7650833
81.6305771
81.6045609
81.6000671
81.5952072
101.590286
101.585304
101.580299
132.739777
128.237579
109.926323
101.581642
101.556847
101.551987
101.547173
101.541931
101.536522
101.531433
103.871307
135.603104
145.979645
124.501701
148.627518
204.514572
207.533295
196.639908
191.521133
163.998825
125.846703
105.513535
101.502823
133.731476
523.722046
793.461914
597.367371
345.036774
120.432236
67.0317993
62.3424492
62.0016022
61.9859085
61.9852295
61.9852486
61.9854774
62.0018425
62.0019875
108.279854
96.3036194
72.662323
61.9858055
62.0464058
61.9928207
76.743576
70.0154724
64.5253143
61.9856377
61.9856339
61.9858589
96.6250916
85.034668
69.1858444
64.0269012
229.203033
189.961868
103.450439
63.5308533
141.946564
273.514709
260.519836
279.299805
176.946945
99.3606033
71.985199
71.9852753
72.0006027
71.9847641
71.9844131
71.9841843
71.9840164
71.9838791
71.9839783
73.1002579
73.0894089
72.3115005
96.3934784
90.7788696
77.4901505
71.982933
71.9988174
71.9823837
71.9821701
71.981987
71.9820328
71.9982147
71.9815292
71.9812012
71.9811096
53.0904922
53.4578781
52.3582802
51.9786606
51.9780731
64.6215439
61.3403778
55.0369415
55.5392075
54.6889648
52.6253891
64.4312592
85.1349182
151.390625
100.097023
61.5021744
51.9646873
51.9641228
53.7190895
81.8051834
80.4629135
63.6325874
59.4591522
56.4085083
53.0929298
51.9569016
88.2658234
78.5810013
161.600754
120.495697
73.0243225
42.5535889
42.0463867
42.0456047
42.0449219
42.0440788
42.0431633
42.0422058
42.0413857
42.0404892
75.0389557
66.0007858
49.7920265
42.6441917
51.0862885
169.358109
167.200333
92.3618011
49.3833237
42.2806702
42.0335464
42.0874367
42.2687035
42.1592407
42.5098
42.5016708
42.235775
42.0310211
42.0303993
42.0297737
42.0289307
42.0280914
42.0272102
42.0262566
42.8921051
44.0015106
43.2466545
42.1276321
42.0204544
55.0236397
71.3691101
65.6206284
50.5402985
42.9110031
42.0124207
42.0111694
42.0099373
42.0084534
42.0069542
42.005249
42.0037117
42.0020714
45.7046928
46.9064674
44.2522697
42.1736298
41.9938126
42.1621132
43.9230576
43.6588173
42.1372871
41.9774323
22937.8223
101.980026
123.076767
161.728943
140.022766
111.699577
101.919319
101.914268
101.912453
101.897957
104.010414
102.67746
102.140121
101.855515
101.845726
101.835533
102.573158
101.992233
101.896965
101.813202
101.807281
101.793152
101.752136
101.738312
110.064453
105.382347
102.732155
101.66317
101.678871
101.667152
51.6904564
51.7409286
51.73069
52.3788872
57.1668472
58.543663
69.8299561
75.4072723
104.545677
82.5041962
59.9992294
51.5579147
51.5480576
51.5380211
51.5284805
51.5191612
51.5104675
51.5435371
51.5377388
51.4896355
51.5175514
51.5107307
51.465107
51.4563141
51.4872055
51.5171814
51.4744377
51.4322624
51.4255638
54.9699249
52.3891907
51.7508736
61.1688614
104.372002
122.385788
84.8284988
58.6927528
51.5127831
51.4789009
51.4685555
51.4624596
51.4311371
51.4222946
51.4184723
51.433712
51.4315033
51.4115143
51.4082413
51.4067001
51.4058533
51.4054909
51.4058533
51.4063835
51.4160843
51.419529
51.4087296
51.400177
52.2144356
51.4972534
51.4421616
51.3925476
51.3889999
51.3722687
51.3907547
51.3930244
51.3807182
51.4090309
51.4095192
51.4095688
51.4075127
51.404686
51.401577
51.3985939
51.3956146
51.3926659
51.3896713
51.3866081
51.3832664
51.380146
51.3768044
51.3737602
51.3705444
51.3669052
51.3637505
51.3601913
51.3568344
51.3531265
51.349453
51.3458824
51.3422318
51.2251091
51.2216034
51.2181091
51.2143555
51.2108421
51.2070541
51.2028503
51.1986923
51.193737
51.1884308
51.1841507
51.1800156
51.1757584
51.1713638
51.1671982
51.1625671
51.1581955
51.1535645
51.1488876
51.1442642
51.1397362
51.1360435
64.0227585
59.9112587
53.9702454
51.3327904
51.1158104
51.1334686
51.1548729
51.1015053
51.096653
23.3392963
79.6477432
83.8205872
81.1827393
81.1766052
81.170433
81.2382584
81.1573486
81.1507034
81.1437836
81.1362228
81.128685
81.121315
81.113678
81.1059189
81.0980988
81.0901718
81.0820694
81.0743561
81.3113556
81.0619736
81.0530472
81.0452957
81.4437103
90.0448303
89.0755005
84.1139679
81.3398438
133.673172
127.258484
115.320831
100.980698
100.973938
102.011978
102.204529
101.309677
100.949188
100.942825
100.951233
100.934464
100.923111
100.916504
102.711212
143.931122
177.903046
166.722794
129.64386
106.26165
100.876122
100.870377
55.1590157
91.043869
99.1592255
73.0530777
54.2469902
50.8394012
54.260479
54.699028
51.9539528
50.8126411
50.8059578
60.7131615
68.2283401
79.150238
128.873032
167.80246
131.814514
115.278625
177.038742
234.288681
170.843323
89.7037201
62.3671875
60.7978287
68.8792038
87.0921326
85.1970215
90.2321396
77.1744003
65.4018097
132.565323
155.753296
106.272644
69.081955
60.959446
91.0402756
124.952209
166.113251
244.218964
232.552338
134.604416
20108.0781
118.274574
115.422676
109.033356
121.494461
116.166626
105.587814
101.504364
101.461632
103.758118
107.145027
110.982513
169.766388
162.887589
245.172272
209.843872
179.826889
215.563538
280.46875
191.892944
123.2621
101.713768
101.7621
101.769432
157.595856
158.058762
250.099213
280.521545
248.495392
162.583115
115.219742
219.29361
227.320419
157.49855
112.876823
103.236473
103.13253
102.544716
102.321121
102.038956
101.963303
129.660583
203.615158
197.658279
359.305176
250.316345
142.504959
104.894913
105.650024
167.58255
186.124313
146.550964
122.718414
110.689056
140.751282
135.290054
114.472099
105.544006
104.654045
103.394714
122.17115
117.082123
111.939392
120.827606
90.6715164
57.9895554
45.0763283
42.1356125
141.413513
138.381226
101.499069
64.4132996
48.3002396
45.2761078
46.8931122
44.715332
98.1247864
42.9509888
43.1783943
63.627739
59.8055649
108.010979
45.7184944
152.094055
83.23703
53.9966087
102.067848
106.900932
101.803909
98.8639984
62.6734581
111.577019
108.914734
110.879326
107.035141
146.702545
181.441528
160.893585
142.818558
156.138489
300.286469
330.197083
256.596008
211.661499
153.838104
112.401443
102.13958
102.523849
105.11718
105.200386
102.370743
102.358086
102.160049
102.067848
102.067848
102.903908
130.269089
127.141212
118.5009
154.470108
141.312622
150.914795
