0.0
0.0
0.0
0.0
0.0
0.0
0.0
0.0
0.0
0.0
0.0
0.0
0.0
0.0
0.0
0.0
0.0
0.0
0.0
0.0
0.0
0.0
0.0
0.0
0.0
0.0
0.0
0.0
0.0
0.0
0.0
0.0
0.0
0.0
0.0
0.0
0.0
0.0
0.0
0.0
0.0
0.00767060556
0.0188453421
0.0303126052
0.0385858454
0.0432680473
0.0468546078
0.0468546078
0.0468546078
0.0468546078
0.0468546078
0.0468546078
0.0468546078
0.0468546078
0.0468546078
0.0468546078
0.0468546078
0.0468546078
0.0461859368
0.0454996601
0.0
0.0
0.0
0.0
0.0
0.0
0.0
0.0
0.0
0.0
0.0
0.0
0.0
0.0
0.0
0.0
0.0
0.0
0.0
0.0
0.0
0.0
0.0
0.0
0.0
0.0
0.0
0.0
0.0
0.0
0.0
0.0437309593
0.0437309593
0.237451047
28.472044
41.0759354
54.4704208
35.2323608
12.0518141
10.0218887
2.26728868
0.0437310487
0.0437309593
0.0436123051
0.0428873897
0.0423572138
0.0421691462
0.0421691462
0.0421691462
2.6113739
8.01176834
5.457129
1.68861341
0.0421691462
0.0421691462
0.0421691462
0.0421691462
0.0421691462
0.0421691462
1.27427816
0.924408257
0.430807024
0.23523277
0.097554639
0.0421691462
9.58094311
9.92590714
3.01511383
0.0413255692
0.0407953858
0.0464089029
0.0424503684
0.040607322
0.040607322
0.040607322
0.040607322
0.040607322
0.242287308
0.481942177
0.165408045
0.119869784
0.326116145
0.123506896
0.249742508
0.489194632
0.717208505
0.822786689
1.97331822
2.03985238
7.98976183
7.94275713
2.44411564
0.0
0.0
24.3932247
25.1175423
14.5941315
20.7443085
11.7833328
2.64349532
11.1511688
30.2398567
18.9690132
16.9928894
11.2692347
1.48399723
0.0601687506
0.0
0.0
0.0
23.3272953
79.0771713
79.2702408
34.3995399
10.3878279
31.1003532
17.7201405
10.6009207
4.38787222
0.0
0.0
0.0
0.0436056517
0.128355965
0.506454468
3.09415054
5.59048176
10.7955313
33.4371338
14.1667538
9.94492054
6.21512985
0.0
0.0
0.0
0.0
0.0
0.0
0.0265841745
4.56261253
3.68816352
0.999203265
0.229402646
44.7625885
57.0813408
59.2069244
108691.289
130.340714
120.932037
111.08493
103.506187
100.773849
100.24041
100.0662
100.490852
100.706299
100.208122
100.039627
100.042603
100.045425
108.395447
136.359024
156.78363
139.608093
196.563477
188.561035
162.243393
149.530197
131.956238
111.06208
107.342163
105.942825
102.409035
100.626007
100.479843
100.461105
115.014587
114.020714
104.198372
101.363297
101.760559
100.792953
100.483353
100.472832
100.57608
40.5818138
42.3923721
42.0383644
47.5290642
48.2384491
45.3102722
55.2421417
101.306137
183.36673
175.898819
98.0139847
50.0791016
117.413559
138.805115
93.7254257
55.6074066
52.8396645
50.3359642
44.1080513
41.2769508
41.3137436
41.3442421
41.3692207
43.437912
131.830841
146.460358
84.8000641
51.7822189
46.1495323
43.0845795
101.674065
101.707336
101.735283
101.758263
101.777969
102.189972
129.607452
127.41835
108.930244
117.58297
121.002533
116.185608
108.50193
103.070351
167.705978
164.648788
120.768936
103.651077
102.762856
102.120071
102.084938
162.49881
218.74498
168.05127
121.843925
189.773773
176.089737
116.550201
107.079094
103.021576
80.712204
102.786316
102.810791
102.845291
102.871582
104.692429
113.663727
194.687927
216.541916
154.479462
112.371323
103.08242
103.099228
103.122154
103.130119
103.145035
186.387772
169.231461
74.683136
237.010193
246.094193
58.0890541
110.296944
103.427528
103.487991
103.520447
114.734711
166.116821
146.371078
115.219612
103.630989
53.6967812
53.6767044
56.4099426
79.8254623
154.938171
150.688461
87.4446259
217.11499
156.377197
82.9605331
53.6976357
53.748951
105.364624
135.525986
162.739624
112.948975
229.80896
324.315796
334.898621
305.695465
190.420471
89.8106842
57.5300331
53.8019524
53.8044548
53.8440323
53.8846169
53.8542671
53.8216515
53.8558807
55.8423843
121.668045
138.997726
90.1223755
132.860199
110.772598
72.8409729
55.7031593
127.696587
114.562607
60.6348534
54.8886566
104.359428
54.6057053
53.9702339
53.9559402
53.9506569
53.9523392
53.9531937
53.9527702
53.9507027
53.946125
53.9403267
53.932869
53.9242172
54.239521
53.911087
53.8914299
53.8742027
53.8579025
53.8393936
53.7819519
53.796669
53.7756805
53.776947
53.7952271
54.1584282
54.5686111
53.9020348
53.8342209
53.7620125
56.6551247
54.9907837
56.6456146
54.8327866
54.0471458
54.903717
54.9596329
54.0127068
53.8001785
53.6862373
53.6779594
53.6701164
53.6620102
53.6536522
53.6457329
53.637291
55.9948463
54.6726913
53.9992027
53.5245323
53.4850616
53.4766579
53.4677162
53.4591751
53.450325
53.4413567
53.4321594
53.423317
54.5516281
54.0378723
54.1671333
53.4244194
53.3918495
53.3684654
59.1772766
72.6289062
64.0613403
56.6468048
53.3373909
90.4616623
122.17012
90.5374756
62.8010597
53.2625198
54.4395752
54.4628181
55.8231621
53.996067
54.2108307
53.3191185
83.2919998
83.5595245
83.2626114
83.2498169
83.2364426
83.2228775
83.2088547
83.1945648
83.1803741
83.1659393
83.1512909
83.1371002
83.1236572
83.1103439
83.096611
83.0830917
83.0694046
88.6118088
125.525208
132.674133
107.201286
118.29995
261.652466
225.104645
207.581131
145.947556
102.423233
83.5740585
82.9546661
82.9496307
103.020088
103.239792
103.021988
52.9216042
52.9117966
53.0622444
53.4621277
53.0966759
52.8855782
52.860527
52.8484001
52.8366432
52.8581123
53.8196602
156.262802
269.828583
298.996552
359.884583
484.172119
323.468689
241.331543
160.054718
121.169678
116.612534
191.057983
233.072968
183.399414
126.710556
106.455978
105.381088
104.4338
64.044899
64.06073
116.199783
105.496277
76.8608704
64.0616989
147.025452
267.481812
193.333496
97.6394501
64.1265793
64.0458374
64.0614395
64.0614853
64.0614777
64.0615082
98.2605286
250.180222
431.033447
334.572723
184.049469
103.432419
103.492996
351.495544
397.926208
227.578537
153.085281
103.516411
75.9309235
64.0458984
74.0457611
74.0456924
74.0456314
74.0455551
74.0454788
74.0453949
74.045311
74.0452194
74.0451202
74.0450134
74.044899
74.0449677
74.060379
74.0445938
74.0444107
74.0444489
74.0601196
79.5477066
78.404892
75.1654739
74.043396
74.0433273
167.405731
190.974197
129.574142
84.0522614
77.3337936
94.3786316
109.759659
94.1525803
79.2494736
54.9235458
54.3460388
54.1265373
54.0751648
54.0401497
54.0398865
54.0396461
54.0395966
54.1587601
54.6315727
54.7877274
54.2178421
105.415749
92.191803
65.3063354
54.4973373
56.7624588
176.262711
178.154037
105.033569
61.3417969
54.0347214
54.0346107
58.1130486
57.5489998
54.9223862
54.0332184
55.0507736
55.4663162
56.0022888
69.9210434
54.0287895
87.8709793
84.5800247
332.88092
240.868561
272.280762
259.604065
204.397339
150.452286
89.8352966
60.728302
392.302063
669.35675
417.214539
131.066696
44.1278915
44.1278915
44.1278915
44.1278915
44.1278915
44.1278915
44.1278915
50.6429291
123.685638
312.116669
321.073212
425.049255
460.56369
300.718994
154.506805
608.989258
700.462402
390.151764
160.63089
179.593658
446.457764
424.256165
210.739151
160.10202
151.202362
115.986954
104.127884
104.127884
104.127884
104.127884
104.127884
104.127884
104.127884
104.127884
104.127884
104.127884
104.127884
122.998306
142.176239
127.10524
108.374176
104.127884
104.127884
104.127884
106.421982
110.023918
105.949806
104.725998
106.055321
105.55426
104.58979
104.157242
104.088249
104.078491
117.860909
111.389435
106.297318
104.473267
104.07785
314.405762
312.238525
167.109848
113.963722
108.707703
105.524689
103.987831
103.98233
103.971542
108.31916
106.309822
104.808815
103.910332
103.87149
103.855331
103.845062
115.703377
59.2100296
55.5643272
53.9282951
53.9219398
53.8837242
53.8459549
53.8377876
53.8316574
53.8261452
54.8524971
117.54834
106.643066
69.7011795
53.853981
53.8404045
53.836586
53.7989426
53.7967415
53.7959442
53.7955742
53.7957268
53.7963562
53.7974396
53.7988892
53.8006859
53.8028221
53.805027
53.8072433
53.8097649
85.0010834
125.751907
111.231789
104.051765
103.858597
103.851738
103.870705
127.93425
119.749008
108.791229
103.820419
103.791199
103.778076
103.764793
103.750816
103.736435
103.721664
53.7061806
53.6907654
53.6754951
53.6665497
53.6434135
53.6251755
53.6066818
53.5887756
53.5717697
54.3769646
53.6607552
53.5835876
53.5022202
53.4847298
53.4677925
53.4404945
53.4354401
53.4367447
53.4412155
53.4189072
53.4387474
53.4335861
53.4261818
53.4186897
53.411293
53.4038544
53.3962173
53.3885803
53.3810463
53.3727989
53.3645248
53.3562088
53.3477325
53.3391991
53.3306885
53.3219795
53.3132324
53.3831329
70.1459122
64.8810349
56.9706154
53.2707481
53.2620087
53.1354752
103.126022
103.116646
53.1067886
53.0968399
53.0866661
53.0764351
53.0658379
53.0551643
53.0444756
53.0334435
53.0209045
53.006546
52.9938545
52.9816322
52.9693832
52.9567146
52.944088
52.9313545
52.9186249
52.9058228
52.8940315
53.1691017
52.8734169
52.8813286
52.8432884
52.8309288
55.0688248
54.8450699
53.4936905
52.9353828
52.8800163
82.8654556
82.8505554
82.8356476
83.3545532
82.8157501
82.790947
82.7747345
82.7580643
82.7414551
82.7248001
82.7078934
91.4157104
88.334465
130.43251
119.540894
94.0972672
82.6131363
82.5971527
82.5811005
84.6891861
86.2338409
84.4103317
83.0350647
82.504837
92.3334274
90.5875778
85.51194
85.0727768
83.8209534
11.2608395
47.6580391
55.7405205
55.8682518
54.9585648
53.9953651
57.5555649
61.9794464
100.090698
92.5601807
113.159851
338.096313
472.861938
294.670715
104.716797
106.632767
107.291992
105.456306
104.894562
103.595596
53.1076393
53.1319656
53.1490517
53.1600189
53.1664238
53.1689873
53.1917038
53.299324
60.0079651
60.4326134
55.7648315
53.2245064
63.0687065
63.0430069
63.5199547
64.2835541
64.9855423
80.0067749
84.7525482
76.0259857
66.9196472
63.6431656
69.9468231
67.2088165
64.2260818
110.813354
126.068901
148.178864
168.661346
169.786469
224.412506
187.403
127.757561
82.4701614
69.2463913
137.325531
304.729126
228.65274
109.508263
68.396843
66.0863953
64.7342148
14931.0459
113.803001
127.418716
117.994019
107.324722
103.873154
105.746513
105.870712
104.5737
104.553772
104.446114
104.031204
103.934837
103.88974
103.87294
103.86515
122.375443
128.241135
121.877182
110.632149
105.047539
103.90519
115.688454
117.176453
110.432343
105.200851
110.891327
234.744766
262.417694
182.285248
122.704094
105.388702
103.920174
103.794594
105.100563
105.343788
104.189987
103.798119
103.796005
103.793007
103.789108
109.553299
107.787918
104.774895
103.769394
103.781425
105.919525
105.697472
112.116768
144.067963
173.671188
155.922974
174.089676
190.040894
143.174072
126.015129
143.182648
195.580994
174.47963
130.737198
183.987457
150.269821
57.1183167
44.2161064
44.5885429
44.4232979
44.1504059
43.9662209
43.9692764
43.9710159
43.970562
43.9692116
78.4790878
180.321991
486.30011
330.031494
199.956879
256.225037
169.178345
75.8381958
44.1278915
44.1278915
44.1278915
44.1278915
44.1278915
281.442688
241.182983
114.989128
60.1502075
51.1130371
71.5112915
72.0709534
117.516785
108.413055
107.156883
106.512085
154.022003
144.761566
158.229034
139.826477
112.844162
104.127884
155.631088
246.358093
258.632874
174.062759
115.650452
104.127884
104.127884
104.127884
113.966545
138.259476
127.140724
108.817543
174.026611
259.056305
205.283615
222.149475
236.856201
173.116333
187.280731
163.918427
120.485039
104.853203
104.415512
104.126495
104.117668
117.562622
110.119621
105.833656
162.85376
193.002716
293.297607
236.057205
139.905853
104.806229
104.139404
104.020134
104.019379
104.014687
103.996162
103.984695
103.979439
104.403633
103.994652
103.974899
144.698563
174.115112
141.398956
112.242935
109.623344
106.636292
104.82888
53.8885269
53.8754768
53.866993
53.8589745
53.8514595
53.8445206
53.8710709
129.537552
321.598816
286.453766
128.072617
61.247364
86.5170746
914.392639
1063.74304
550.931824
142.618698
53.8877068
54.272953
53.8892899
53.8466835
53.8002663
53.7980804
53.7995758
53.8015976
53.8041534
53.8071823
53.8106918
53.8146706
53.8192444
110.375313
246.818085
528.405823
519.709717
279.390564
133.091995
103.946449
103.927437
104.71125
104.045174
104.001305
103.963249
103.970505
103.979721
103.989357
103.998138
104.007156
104.016342
104.024574
104.030685
104.035019
104.037727
104.046394
104.047394
104.039055
104.037254
104.032356
104.028008
104.01783
104.004372
103.992622
103.935272
103.933479
103.955551
103.955223
103.938545
112.560341
107.273918
105.078407
106.877663
104.853653
62.4389954
82.0351028
66.1737137
66.5409622
85.5222549
59.5925217
105.402855
53.8742371
53.8675804
56.710434
54.7697945
54.2384949
53.8400841
53.8331146
78.5725632
53.8188782
59.1717682
55.746357
59.6859169
111.712273
109.697868
111.543068
122.766663
115.170471
107.078163
117.034454
121.189613
129.681427
116.436951
107.386299
103.602234
105.6119
105.604927
104.105194
103.689827
103.561409
104.373169
103.612823
103.552231
103.548088
109.260803
105.734955
104.327606
54.4570656
86.3471375
101.56086
162.835968
218.470901
207.915924
111.945328
96.5762329
83.7640686
83.5614166
83.5590439
83.5557632
83.5520554
83.5477829
84.1696091
83.5372086
83.5312347
83.5244904
83.5168686
83.5084305
83.49897
83.4893799
83.4798584
83.4697037
83.459053
83.4478378
83.4362183
83.4241486
83.4125977
140.266571
186.817993
169.753067
128.382385
274.814636
268.139465
222.250275
150.596985
129.755081
107.114365
103.778198
103.979477
103.717926
103.612442
103.61937
104.607513
105.122108
104.145645
103.650856
103.62336
103.619682
103.61544
103.610451
103.605064
103.598595
103.590637
103.582008
103.573097
103.562935
103.552498
105.951797
144.805283
148.731842
142.995102
124.518166
109.243843
136.909302
252.88797
312.918488
186.492264
95.8276978
66.4615707
63.8662491
63.5133095
63.7350845
63.8749161
63.665802
68.3922043
100.45697
115.493042
99.7717285
75.0595093
65.446579
63.5259171
63.5232887
63.5187759
63.5133018
63.5069122
64.0198822
63.7152138
63.5566483
63.4900055
63.5261383
63.4789543
63.4621582
63.4350853
63.4231758
63.4676819
63.6996956
20599.832
125.692017
117.167191
106.965843
103.354134
143.161255
132.664902
112.34462
103.290443
106.916306
106.02858
104.520813
112.471703
109.749863
105.204865
230.935867
200.824203
461.309784
452.220764
516.411011
320.268524
177.005539
242.211029
201.439392
134.733124
107.49501
105.84391
104.353004
108.701187
107.552368
122.177292
343.243164
547.264771
494.427979
569.810303
356.41275
241.195755
241.309769
104.056503
149.89151
145.299896
116.540565
111.731911
127.339172
120.628616
118.865601
113.884911
106.626366
104.036705
104.036575
104.053917
104.035881
104.035667
128.616577
195.996323
172.7509
122.340477
122.494957
228.686096
558.285889
511.604187
261.629974
123.304764
104.127884
154.626404
196.411606
159.858429
174.57373
202.919022
219.507874
181.119186
130.460312
107.430237
119.0625
124.345322
113.931465
105.897964
104.127884
104.127884
104.127884
104.127884
104.127884
104.127884
104.127884
44.1278915
104.127884
44.1278915
44.1278915
44.1278915
44.1278915
109.468224
49.2910843
106.605217
104.493614
104.193733
104.127884
104.160507
104.138245
104.127884
104.127884
104.127884
105.567421
107.284027
106.045128
104.299393
104.127884
104.453712
104.231392
104.127884
104.127884
105.798203
107.211159
105.726936
141.620438
140.819641
119.658707
183.119385
252.20578
382.314148
376.246826
223.004044
122.204926
104.127884
104.119606
104.112862
104.114281
104.123367
104.086876
104.097755
104.086807
104.076073
104.083733
172.297379
331.665863
458.474091
370.771118
197.714386
118.20681
104.028809
104.122101
104.014435
103.983513
103.97998
144.079315
240.840729
384.212708
384.981384
243.764023
135.73378
106.648071
103.884315
103.84539
103.86203
58.520668
56.4094772
141.924103
644.07489
525.819336
197.602463
56.025383
106.553322
103.91674
103.884079
53.8489647
53.8119202
53.8080902
53.8048706
53.8022957
54.577446
53.8527794
53.806942
53.7960968
53.7957306
53.7958717
53.7965126
103.797768
53.8375931
53.877346
77.6116943
96.6083832
76.1217194
60.3339729
103.879074
103.892914
166.06369
183.093338
137.956299
109.870926
103.934479
123.179543
113.299446
106.913506
103.927773
103.931015
103.933411
103.934517
103.949356
103.936295
103.92453
103.917221
103.909065
103.900032
112.265335
106.607643
104.778557
103.853386
103.839142
103.826988
103.816216
103.79631
103.774071
103.761299
103.754761
103.727226
103.764015
53.6892128
53.6912003
53.6921043
53.6893463
53.6853943
53.6782837
102.641342
54.5359726
54.0012054
53.6484718
53.6409378
53.6330452
53.6253777
53.6173096
53.6095848
53.6015511
53.5936699
53.5855026
53.5773659
53.5692253
53.5612221
53.5527649
53.5441971
53.5354805
53.5268326
53.5180321
53.509243
53.5002632
103.379631
107.806854
106.553017
104.409721
103.550354
103.357513
103.324455
103.315056
163.222824
150.893982
118.503151
103.279808
103.27018
103.260468
103.250526
103.240608
103.230881
53.2433128
53.2118568
79.1458588
70.9002151
59.0230484
53.1723289
53.1618156
53.1517906
60.1861115
56.3965683
54.2698479
54.5303688
53.4093857
53.2304649
83.1821289
83.1701813
83.1581116
84.241806
83.2834396
83.1768494
83.1613159
89.3954086
108.042587
158.656631
268.911621
315.78363
258.265167
157.069153
104.86985
86.7663422
84.2934494
83.0529404
83.0511093
83.0468903
98.9504166
93.0568161
86.5051727
83.0197296
83.0109558
84.133728
83.0138016
82.9816589
82.9711151
82.9603195
102.94912
102.937492
102.925781
133.807449
129.161407
111.115028
102.902199
102.872314
102.860809
102.849579
102.837967
102.826164
102.814323
105.128433
136.5242
146.619125
125.371452
149.393372
204.526245
207.328796
196.643295
191.579727
164.342621
126.689629
106.680885
102.739471
134.656952
517.782227
785.92511
634.047729
341.433411
121.368179
68.8731155
64.3779068
64.0616455
64.0459518
64.0452728
64.0452957
64.045517
64.0618896
64.062027
108.322372
96.6058044
74.1599121
64.0458527
64.103981
64.0525284
78.1123581
71.5979919
66.4297028
64.0456848
64.0454025
64.0449371
97.0530548
85.8319778
70.8374329
65.9572678
221.199326
185.619308
103.328911
65.4904861
140.30188
268.154358
254.06897
272.66568
173.58252
99.9895554
74.0452347
74.045311
74.0606384
74.0447998
74.0444489
74.04422
74.0440521
74.0439148
74.0440216
75.0951385
75.0843964
74.3517151
97.3072891
91.822876
79.2545547
74.0429688
74.0588531
74.0424194
74.0422134
74.0417862
74.0411224
74.0562744
74.0382385
74.0362473
74.0343018
55.0738335
55.4263649
54.3847008
54.0228996
54.0191689
66.0100708
62.8428726
56.8919106
57.3682289
56.5598488
54.6074295
65.7859573
131.231171
99.3646317
99.5065613
63.0005341
53.9639664
53.960701
55.6053467
82.0544891
80.8799133
65.0104065
61.003109
58.1563606
55.0126801
53.931427
88.0014877
79.1414185
154.228455
118.927032
73.9326859
44.4921303
44.0102043
44.0090675
44.0069885
44.004509
44.0016365
43.9983292
43.9948959
43.9914627
75.4780121
66.5969009
51.2981834
44.548954
52.6058807
165.149673
162.65123
91.647522
50.9348946
44.2066994
43.9768715
44.0299683
44.1993752
44.098175
44.4234123
44.4132309
44.1655235
43.9742317
43.9711494
43.9678688
43.9642334
43.9602127
43.9557953
43.9511147
44.7509193
45.7857361
45.0886002
44.0313988
43.9255943
56.1837769
71.6051178
66.11306
51.9388962
44.7486038
43.8917885
43.885994
43.8797455
43.8735809
43.8672142
43.8604774
43.8537064
43.8471146
47.2911034
48.42416
45.9627342
43.9907951
43.813446
43.9633026
45.5809326
45.3726044
43.9302444
43.7717819
21871.4648
103.764076
123.674576
160.155579
139.658234
112.924881
103.679344
103.670265
103.664314
103.645691
105.647934
104.37178
103.862549
103.586426
103.572533
103.558182
104.260818
103.700264
103.604202
103.518867
103.508926
103.490074
103.444702
103.426697
111.271645
106.852592
104.357407
103.334808
103.346016
103.330299
53.3488235
53.3929596
53.3747826
53.9843254
58.4892426
59.7825317
70.4077759
75.6898804
103.223816
82.5387344
61.1704407
53.1235466
53.1048698
53.0860443
53.0668831
53.048008
53.0301743
53.0537491
53.0387611
52.9811478
52.9997902
52.9836235
52.9286919
52.9105263
52.9319077
52.9523811
52.9009361
52.8489418
52.8331299
56.1801834
53.7427673
53.1219406
62.029686
103.176987
121.031876
85.342308
59.8701363
52.829567
52.7841835
52.7624626
52.7447128
52.7015114
52.6807938
52.6645775
52.6683311
52.6546822
52.6228523
52.6076279
52.5945549
52.5819511
52.569519
52.5581131
52.5468292
52.5452766
52.5374527
52.5150986
52.4949265
53.244873
52.5680237
52.5017853
52.4404144
52.4251442
52.397934
52.4089279
52.4065742
52.3900642
52.4147987
52.4114075
52.4077568
52.4014091
52.3943825
52.3874893
52.3802261
52.3731575
52.3660965
52.3588295
52.3513985
52.3440323
52.3365364
52.3289261
52.3210754
52.313427
52.3055725
52.2974968
52.2895088
52.2816658
52.2734795
52.2653236
52.2568665
52.2482338
52.1263962
52.1181068
52.1097832
52.1014519
52.0928574
52.0843086
52.0751534
52.0657883
52.0555458
52.0451469
52.0358505
52.0258827
52.0163689
52.006546
51.9964561
51.9863052
51.9763184
51.9661827
51.9555359
51.9451103
51.9350433
51.9254417
64.2873154
60.6268997
54.7433739
52.0938644
51.8777504
51.8895226
51.9031067
51.8468971
51.8364182
23.2753487
80.6527328
84.5411835
81.8961182
81.8823471
81.8675766
81.9209595
81.8386993
81.8237762
81.8081512
81.792244
81.776207
81.7599335
81.7439804
81.7273788
81.7109222
81.6942139
81.6776581
81.6616745
81.8711166
81.633873
81.6173096
81.601265
81.9627991
90.3112335
13.6791019
80.5025558
81.8568344
132.923416
127.760605
115.815361
101.468315
101.455048
102.469452
102.673714
51.7730675
51.406765
51.3941307
51.3966103
51.3737907
51.3564034
51.3438148
53.0998077
93.5514221
127.696365
116.847122
80.0462494
56.6591949
51.2688522
51.2578812
55.4776154
90.879715
99.3784027
73.4235229
54.6129608
51.2010384
54.5724678
55.0509491
52.3026314
51.1575813
51.1467896
61.0501022
68.4698257
79.303978
128.451874
167.476471
132.026962
115.165756
176.319107
233.51059
170.891266
90.0004196
62.7671814
61.2324867
69.2566299
87.2260818
85.5096817
90.2669983
77.6103439
65.9097443
131.262039
155.048859
106.526566
69.6086884
61.5588531
90.8735733
124.319168
164.649506
240.906403
230.708679
134.916061
29447.4043
118.692123
116.334343
109.979492
121.932053
117.167793
106.674088
102.627983
102.601585
104.859734
108.162193
111.880669
167.807083
163.142914
239.256897
209.479233
177.872589
206.6716
267.811768
192.472229
124.672752
103.222008
103.312805
103.351715
156.519409
157.833115
245.577698
275.935425
244.911926
162.128296
116.552826
215.527252
222.563766
156.181213
114.175507
105.109238
105.026276
104.481285
104.277397
104.017624
103.948875
130.080841
198.951904
193.137497
347.737091
241.895432
141.792053
106.698395
107.395309
165.568405
181.552124
144.992249
123.23925
112.018517
140.459824
134.688324
115.494568
107.329315
106.490334
105.343918
123.040482
117.906448
109.881569
117.285934
89.1659393
58.7817955
46.8996735
44.1907425
138.317139
133.236938
99.4466782
64.7097244
49.8731194
47.1354904
48.642395
46.5817642
44.7987213
104.955505
45.1644974
64.650177
60.5375862
109.616989
47.5775414
134.111938
82.1344681
55.1034737
104.127884
108.722397
100.765717
96.7427292
123.108742
53.1124649
110.477188
112.429459
108.736618
146.399521
178.335434
158.620239
142.12323
154.708923
288.461151
312.326752
246.818878
206.458618
151.66243
113.549438
104.192017
104.580078
107.148712
107.047585
104.402802
104.414795
104.219025
104.127884
104.127884
104.952301
131.132217
127.436523
119.682793
153.916718
140.323669
150.30658
