0.0
0.0
0.0
0.0
0.0
0.0
0.0
0.0
0.0
0.0
0.0
0.0
0.0
0.0
0.0
0.0
0.0
0.0
0.0
0.0
0.0
0.0
0.0
0.0
0.0
0.0
0.0
0.0
0.0
0.0
0.0
0.0
0.0
0.0
0.0
0.0
0.0
0.0
0.0
0.0
0.0
0.0
0.0
0.0
0.0
0.0
0.0
0.0
0.0
0.0
0.0
0.0
0.0
0.0
0.0
0.0
0.0
0.0
0.0
0.0
0.0
0.0
0.0
0.0
0.0
0.0
0.0
0.0
0.0
0.0
0.0
0.0
0.0
0.0
0.0
0.0
0.0
0.0
0.0
0.0
0.0
0.0
0.0
0.0
0.0
0.0
0.0
0.0
0.0
0.0
0.0
0.0
0.0
0.0403244756
40.8177757
125.041046
192.508102
133.911133
42.9555397
10.0497723
5.86030054
0.10191159
0.103025317
0.103301778
0.10348393
0.103666186
0.104066357
0.104266256
0.104512095
5.78375959
20.1604023
12.4945812
5.87627649
0.108562276
0.109524049
0.109736845
0.110079028
0.110668704
0.110775173
3.24345589
2.38491678
1.11582446
0.564669967
0.248838902
0.112204731
28.1459885
17.5718441
10.0603867
9.25663948
0.121402755
0.139882118
0.127101451
0.121854573
0.122141421
0.122308984
0.122357294
0.122545511
0.632555664
1.207569
0.435187429
0.321975917
0.81097579
0.327093124
0.611595452
1.17606556
1.64181304
1.94711351
4.39538288
4.81527138
20.4768276
13.448122
10.0759077
5.54092216
0.219973892
114.162239
136.471283
66.2926102
45.6805077
33467.5039
108.766579
134.651962
209.660782
196.58963
149.342224
116.418144
104.537621
100.59346
100.320747
100.322021
100.322853
174.288422
502.063995
506.491394
249.751724
116.447708
160.050919
159.821701
121.039864
102.074974
100.469261
100.465561
100.461121
100.56498
100.717628
101.375732
105.922142
111.199638
122.883163
188.67395
176.539459
121.516304
100.490532
100.488983
100.486496
100.483833
100.480644
100.477554
100.474258
100.538857
108.616928
108.348114
102.684563
100.926224
254.622711
344.656921
293.983948
217.38681
174.975952
148.488663
125.299019
108.253731
102.035027
101.013657
100.69281
101.329086
101.850563
100.928055
100.595261
100.59024
100.585587
113.855789
182.754913
249.810547
212.314667
410.44165
413.159607
262.406342
195.942261
161.751251
120.951416
110.943741
109.242973
103.992073
101.176048
100.943657
100.858177
121.643494
122.224052
106.877693
102.055733
102.716232
101.267395
100.750603
100.746307
100.74099
40.7320023
43.0526466
42.7704735
50.7019539
52.8040581
48.5461693
66.3887024
196.888474
493.199829
460.354553
198.683716
59.7338333
215.898758
257.677856
143.751312
63.2724953
56.124691
52.9553833
44.7057037
40.8266373
40.8182144
40.8090935
40.7999535
43.1525726
268.281555
299.211731
138.779358
55.5041046
106.726997
102.714813
100.823692
100.816101
100.807907
100.799644
100.791512
101.249489
141.637482
140.807373
111.650246
124.153931
130.899521
122.990471
111.248199
102.620453
251.514374
253.217529
145.219986
102.935951
101.752823
100.892471
100.81205
224.493164
350.372925
261.885132
199.026031
254.924942
234.354721
149.791916
107.238091
101.361961
101.005417
100.970688
100.966118
100.961632
100.957245
102.469559
111.972839
280.167938
318.161377
198.436157
116.29818
101.046989
101.034363
101.017113
101.013733
101.010292
237.802292
227.663223
141.128769
352.079651
379.894836
205.165894
110.735527
101.124199
101.122879
101.120613
109.767426
169.067474
156.663437
117.452942
101.14621
51.1392059
51.1267853
52.915844
74.1324921
194.372162
194.472687
105.861931
295.550964
267.815796
116.833214
51.1410942
51.1290207
94.9441528
134.030396
168.230713
128.240189
279.260529
513.482727
527.631714
430.249542
269.904053
260.066162
163.244446
101.275414
101.261688
101.247742
101.233566
101.219055
101.203957
101.189781
102.030449
156.810593
183.632812
142.214752
176.165741
166.557785
123.375351
102.844437
118.851967
111.413467
106.108734
101.954269
101.453194
101.332344
101.036736
101.017906
100.998268
100.982101
100.966461
100.95089
100.935974
100.921715
100.907516
100.893883
100.880898
101.01947
100.857162
100.845428
100.834312
100.822845
100.811829
100.802498
100.796669
100.79216
100.788162
50.7843819
50.9680901
51.1880417
50.885376
50.8266068
50.7639923
52.6205101
51.7602882
52.8558502
51.7148323
51.080719
51.5433426
51.687252
51.0897064
50.8505211
50.7214584
50.7165337
50.7120476
50.7074127
50.7024574
50.6977272
50.692852
52.4637909
51.7049713
51.210041
100.711296
100.668533
100.664474
100.659981
100.655762
100.651291
100.647034
100.642799
100.638634
51.5023804
51.1711655
51.2594757
50.6696129
50.6364212
50.6150093
55.8171654
74.0190659
65.034317
55.4426956
50.6024513
125.251526
237.740341
182.423492
87.1181259
50.6590729
51.711132
51.8885956
53.5464478
52.2584572
51.846859
50.6697311
80.6321335
80.8034134
80.6105652
80.6036301
80.5963287
80.5891953
80.5821304
80.5756454
80.5690536
80.5626831
80.5571671
80.5526733
80.5507889
80.5459442
80.5385132
80.5381699
80.5348816
87.8902588
201.90271
241.100739
167.121857
175.957092
783.654114
763.546509
474.957886
260.922119
136.851776
81.7161636
80.686348
80.6739502
100.771843
101.078651
100.77076
100.638321
100.62941
100.844429
101.416069
100.892212
100.617249
100.593658
100.586464
100.580254
100.613708
101.735756
405.758484
823.92865
868.452087
884.356079
1027.76929
709.779907
324.109924
169.839813
121.434746
111.926605
208.956757
272.396698
206.366638
128.407578
103.152908
101.8937
101.143387
60.8305855
60.8184013
115.932068
108.857262
75.3046036
60.7995644
177.978745
402.169556
318.461151
128.869888
60.9202728
60.8277321
60.8147011
60.8022423
60.7906723
60.7791061
89.7065582
350.531372
694.22644
559.731812
237.723602
97.3477173
91.9936295
435.713013
523.830688
273.179077
131.159225
90.925766
69.7191162
100.923248
100.913918
100.904274
100.894623
100.885101
100.875061
100.865379
100.855721
100.846176
100.836746
100.827232
100.818237
100.809166
100.801132
100.792725
100.784447
100.776306
100.768967
104.069756
103.746887
101.510887
100.740784
100.733566
205.099182
244.187286
178.92926
115.947136
103.655235
118.412216
136.518677
125.263756
107.093063
101.748314
101.084053
100.859261
100.784683
100.760658
100.75573
100.750427
100.745262
100.826782
101.245255
101.464432
100.911507
151.752457
153.221207
116.279259
101.314079
103.354279
301.624268
344.760101
200.66983
112.165298
100.809776
100.806686
104.087166
104.513176
101.759689
100.791695
101.711693
102.276871
102.603096
113.700272
52.3201904
86.9783936
95.3736115
578.935303
576.262695
432.34549
363.996033
258.022858
155.307236
88.3313141
55.44944
503.482605
891.674316
563.9328
157.437653
244.308563
473.463989
160.742371
100.968231
100.958069
100.947922
100.93837
104.419388
162.160248
415.795593
423.161102
478.622772
570.294312
534.745789
556.374573
925.989075
749.899109
615.543823
588.50293
616.513672
545.082581
343.317017
296.316803
299.048798
309.88266
127.673149
101.225609
101.219879
101.21331
101.206665
101.199471
101.192383
101.185402
101.178551
101.171913
101.165581
101.159172
111.656441
124.409348
115.98085
103.863632
101.139656
101.135231
101.130272
102.46756
104.697639
102.205147
101.46582
102.319443
101.995491
101.380196
101.12709
101.085991
101.081001
110.018005
105.748192
102.527397
101.36097
101.074303
420.930237
406.297211
193.102493
107.478218
104.034309
102.061455
101.10289
101.099854
101.096672
103.678406
102.44519
101.581955
101.083473
101.078712
101.07534
101.072052
108.411179
54.2488823
52.0388451
51.0351639
51.0222588
51.00914
50.9959221
50.9826546
50.9696274
50.9564934
51.5732002
111.187088
97.594902
64.995285
50.921524
50.9115677
50.9008827
50.8895111
50.8781815
50.8668594
50.8555946
50.8447609
50.8339691
50.8231964
50.8128891
50.8024673
50.7921906
50.7823639
50.7727966
50.763134
80.7733765
122.407761
108.10379
100.960487
100.723831
100.715462
100.707741
129.671051
121.155556
107.029366
100.688576
100.682701
100.6763
100.670158
100.66423
100.658363
100.652885
100.647087
100.641975
100.637245
100.63237
100.628181
100.623741
100.619347
100.615196
100.61113
101.163948
100.747772
100.681244
100.596085
100.592621
100.589439
100.582878
50.5802231
50.5776329
50.5754814
50.573822
50.5718536
50.568615
50.5664673
50.5638618
50.5617867
50.5591431
50.5566101
50.554245
50.5519676
50.5493355
50.5469398
50.5444221
50.5421944
50.5398293
50.5376129
50.5354385
50.5331955
50.5918922
71.398407
65.5388718
55.4096642
50.5289955
50.5273247
50.522686
100.522102
100.521347
100.520699
95.5112152
50.5193977
50.5188293
50.5181122
50.5175591
50.5168686
50.5164223
50.5158386
50.5149841
50.5143623
50.5138321
50.512886
50.5122681
50.5115776
50.511013
50.5105667
50.5095406
50.5091019
50.7775574
50.5184441
50.5099335
50.5090446
50.50597
53.0438156
53.0678787
51.5040627
50.7359848
50.5026894
80.5004654
80.498436
80.4965439
81.1177979
80.5146408
80.4902954
80.4875488
80.4896774
80.4875565
80.482872
80.4807358
91.6203079
87.562851
254.346527
221.617371
127.403381
80.5117035
80.5076218
80.5024185
84.7414932
88.9704819
85.545166
81.893425
80.4862518
106.102951
104.805283
90.0469971
87.0943146
84.7514496
82.0000458
109.944778
110.401924
60.2554131
58.4614792
55.4453125
65.2266464
80.6110611
288.919678
283.864746
330.068665
1297.00989
1725.20752
937.680481
256.675568
104.773163
105.651978
103.434456
102.814018
101.240051
100.625595
100.616577
100.607414
100.597343
100.587578
100.578316
100.595444
100.707153
107.957718
109.177048
103.68457
100.726196
60.5275078
60.5199394
61.1027031
62.0931473
63.0689163
84.9938507
96.0302811
83.7101059
68.0548477
61.7911339
72.0533905
68.0774536
62.8257904
186.773453
216.838196
282.428253
336.393616
312.751984
458.220764
383.596161
192.70816
89.1542358
69.1139221
185.989838
587.813599
507.822449
186.69606
65.6327744
63.2584801
61.7383232
70.8361664
79.7798538
95.6313095
89.0195007
75.2426071
70.7141571
72.7623215
73.0499191
71.56353
71.4177017
71.3385239
70.8695145
70.7201614
70.684082
70.6620865
70.6512146
88.93116
101.746201
96.5123901
81.829834
72.6797562
70.7161789
84.0426559
90.3640747
81.4968491
72.9800797
79.0581131
364.544373
471.988922
275.236786
111.032059
103.317757
100.92971
100.718712
102.085335
102.694939
101.223427
100.698769
100.693436
100.688484
100.683098
105.68119
105.88472
102.017075
100.664932
100.66082
102.78392
103.28849
108.825478
151.129486
212.570969
200.042694
206.103912
232.438522
181.220505
131.802231
144.966873
215.203445
215.395248
149.420761
187.636047
183.365585
65.3216476
41.2534485
41.5661888
41.4287415
41.1028137
40.8570595
40.8461533
40.8350182
40.8240662
40.8142586
75.8313904
304.463135
959.97876
820.188171
329.730347
293.764618
247.894516
97.8967285
40.9590607
40.9520454
40.9435616
40.9346161
40.9256744
379.27832
388.308655
154.173706
51.723484
45.9891548
58.2785721
61.3621902
111.303658
103.633636
103.032524
102.309731
137.60997
136.61348
144.064041
133.932419
109.475388
100.939125
140.87056
242.08812
259.470032
174.318115
113.047974
101.010666
101.006401
101.001045
106.253883
123.093964
118.428001
104.79911
157.462357
241.563385
203.919479
196.209229
206.64917
157.693878
156.354126
144.453979
113.74012
101.623444
101.346146
101.124092
101.119492
108.61161
104.902557
102.301079
143.083878
168.510162
280.388611
241.255997
141.890686
101.738518
101.26384
101.180954
101.177643
101.174088
101.170357
101.166222
101.162285
101.352829
101.15464
101.150436
125.75782
150.170578
129.457245
107.947495
104.420586
102.857971
101.760269
51.1508064
51.1379242
51.1237679
51.1092072
51.0948105
51.0804863
51.0666313
115.888893
435.206116
411.14386
167.357117
57.9426956
72.2390823
1115.95081
1376.08167
624.705322
129.380981
101.138672
101.292496
101.115021
101.102188
101.088631
101.075066
101.061653
101.04821
101.034866
101.021759
101.008507
100.995598
100.982681
104.330841
274.893738
690.582764
678.186768
319.198944
127.567856
122.167648
101.006058
101.310997
101.005295
100.977989
100.946594
100.93187
100.917351
100.902946
100.889183
100.875954
100.863312
100.850815
100.83876
100.827293
100.816399
100.805992
100.795662
100.786224
100.777229
100.768753
100.760406
100.752594
100.744881
100.73748
100.730354
100.725594
100.721642
100.717216
100.714394
106.125549
103.086044
101.516357
102.686203
101.470566
104.183968
107.747238
112.289162
113.758804
117.226944
108.285896
102.781677
100.67894
100.675873
103.220139
51.9359322
51.1885757
50.6617813
50.6583023
50.7958145
50.6512222
56.2319107
55.5062561
57.7495232
111.182732
108.868286
111.412697
130.518585
118.748344
105.953972
119.940231
128.294006
144.069977
125.194321
107.987473
100.669052
102.451126
102.913574
101.540489
100.850609
100.651627
101.277756
100.710327
100.660713
100.635521
106.936668
104.506432
102.072784
101.414169
154.628464
193.328613
386.211578
546.104126
487.98996
252.423172
128.365921
101.019554
100.764725
100.754196
100.743813
100.733482
100.724396
101.044731
100.705833
100.696648
100.687881
100.678574
100.668617
100.658722
100.649467
100.640358
100.631355
100.622452
80.6139069
80.6056442
80.5980759
80.5912704
187.42453
340.923645
312.665558
186.347916
623.022095
659.403748
394.201599
211.687088
145.172501
106.015823
101.01091
101.213928
100.886108
100.750511
100.741394
101.746521
102.460381
101.26577
100.726318
100.696388
100.687424
100.67894
100.671219
100.663704
100.655777
100.647194
100.639
100.63105
100.623245
100.615364
102.919518
160.076447
179.595139
171.782318
143.126312
111.718231
162.398621
539.813477
723.147644
395.77002
133.988663
64.8105164
61.173027
60.7259598
60.9627533
61.0980453
60.8303528
65.998642
110.388031
138.455139
117.634132
79.5829468
63.6133537
60.6855011
60.6750069
60.6641388
60.6535187
60.6431465
61.2497025
60.8732605
60.6929474
60.6101379
60.6591797
60.6057701
60.5930367
60.5878525
60.5825539
60.6284676
60.9085693
110.608597
130.438568
92.5271225
76.2414246
70.598877
144.536713
143.610748
92.0644913
70.6041183
75.9797821
75.7831879
72.8244858
84.2148132
83.4696884
74.3261719
452.183838
470.474396
957.907654
1088.26294
973.42981
613.577698
251.343643
258.451324
257.469849
149.230576
103.902428
102.612114
101.213318
104.339828
104.09388
114.407478
448.824005
821.939148
711.398926
707.249268
795.664978
469.332153
292.749451
100.977364
131.780151
128.470108
109.137726
105.830971
116.527985
112.225655
110.972939
107.712158
102.717766
100.950981
100.945084
100.939713
100.933891
100.927818
117.554962
187.491089
168.254288
119.128227
115.586456
240.223862
687.43512
654.442444
285.93222
114.225471
120.923721
301.61969
164.978729
143.062225
151.979309
176.567062
194.220398
159.204895
120.253372
103.259514
109.622864
113.224731
107.134048
102.17028
101.0308
101.020592
101.010101
100.99971
100.989494
100.979248
100.969025
100.958786
100.948708
100.939064
100.929474
40.9199753
100.910736
44.0941734
44.0922165
102.46051
101.117203
100.913696
100.863274
100.876404
100.854202
100.839371
100.831505
100.82354
101.800697
103.121178
102.274384
100.929298
100.789078
101.034729
100.856407
100.770721
100.764931
102.116035
103.389618
102.181541
135.335999
136.099976
115.18998
223.848297
337.703491
612.191528
573.799805
281.672791
121.064552
100.912903
100.910309
100.906342
100.902008
100.897636
100.89325
100.888626
100.88385
100.878883
100.874359
160.881866
407.319122
573.494934
419.397308
196.992416
111.676071
101.008545
101.057129
101.004318
101.001305
100.998055
124.229233
204.448944
333.650909
319.163849
199.319443
119.702324
102.393677
101.122124
101.118912
101.116013
53.2220383
52.2308922
109.695595
665.826416
614.302856
221.59407
102.165886
102.798653
101.099236
101.077576
101.056351
101.043526
101.030807
101.018166
101.00528
101.36499
100.980583
100.96801
50.9558868
50.9432983
50.9315033
50.9195175
50.9074593
50.8966103
50.8854485
65.5462112
82.8180237
67.4859467
105.677391
50.8435555
100.834694
168.725235
194.946213
139.397522
107.819107
100.826424
120.322266
110.262695
103.754059
100.794754
100.786438
100.778175
100.769905
100.762276
100.755127
100.747711
100.740425
100.73349
100.726372
107.403259
103.702782
101.688576
100.702705
100.697151
100.691719
100.686554
100.680862
100.675842
100.671371
100.66674
100.662285
100.694168
50.6521187
50.6490746
50.6463165
50.6432495
50.6403847
50.6373978
53.067421
51.6499023
51.0312195
50.6259842
50.6228638
50.6201477
50.6171761
50.613739
50.610611
50.6073341
50.604023
50.6010742
50.597744
50.5954361
50.5922775
50.5889664
50.5860252
50.5827522
50.5797272
50.5767479
50.5737343
50.5708389
100.566353
104.466209
103.845482
101.8358
100.795433
100.561554
100.559326
100.555206
255.436356
227.491669
142.453201
100.594368
100.593369
100.590981
100.587837
100.584671
100.581551
100.578545
100.577026
153.527084
146.321426
115.399025
100.594704
100.592941
100.590103
111.799255
108.319336
103.339157
102.108391
101.362068
100.928772
100.576309
80.5735931
80.570137
81.6262283
80.841835
80.6640244
80.5971909
90.4984894
137.972397
367.229553
842.355591
984.007324
636.007202
267.113678
137.927887
105.958611
102.034782
100.715248
100.703842
100.692047
117.373215
113.885941
105.245613
100.65107
100.640244
101.453651
100.651337
100.611053
100.602242
100.593964
100.585556
100.57901
100.573463
146.672821
147.164673
114.84906
100.606476
100.575455
100.571198
100.567535
100.562729
100.557854
100.552567
103.813858
167.397873
202.277756
156.150085
215.413635
402.958496
404.163055
320.068665
281.508667
219.561401
143.576248
107.060051
100.771172
146.838745
1179.01514
1713.66589
1170.1947
481.803162
135.018829
65.1105576
61.1569786
60.8660202
60.8540001
60.840168
60.8255272
60.8111153
60.7976913
60.7849159
100.767227
93.7079468
70.73452
60.7510719
60.7835464
60.7341881
73.5545273
69.087677
63.2579575
60.6842041
60.6726151
60.6611748
96.1995773
88.6320267
69.1221085
63.0251465
387.685455
378.947632
159.824081
102.622826
173.853027
408.370056
434.564636
400.59729
281.621399
147.996109
100.815376
100.8088
100.802063
100.79451
100.786957
100.778938
100.771011
100.763069
100.755287
101.564606
101.624146
101.015106
119.236252
118.382507
105.766685
100.714592
100.709579
100.704613
100.699295
100.69397
100.688583
100.684212
100.679649
100.674973
100.670372
101.662888
102.113014
101.033218
100.654839
100.651329
111.100441
110.883278
103.955284
104.283928
104.059174
101.462082
113.017563
235.687744
291.38678
202.358704
120.319557
100.718246
100.716515
102.516075
131.890976
140.391983
118.854645
109.19442
106.887451
102.323174
100.727844
140.354584
143.145447
271.641174
265.826843
151.58667
41.5301628
40.7914734
40.7814445
40.7706413
40.7597504
40.7491264
40.738884
40.730011
40.7207298
75.0581665
75.316925
52.2390213
41.5568237
50.0370407
317.434021
354.805542
162.619995
53.2615433
41.0976639
40.7469215
40.7914963
40.9994392
40.8707161
41.1692429
41.2214699
40.9370842
40.6972198
40.6896439
40.6823692
40.6756134
100.668861
100.661911
100.655167
101.402878
102.602829
102.038918
100.762863
100.625938
113.623283
138.212418
136.328522
114.813934
102.260155
100.622986
100.619865
100.616104
100.61203
100.608047
100.604027
100.600555
100.597298
104.466637
107.003212
104.013405
100.88343
100.584183
100.767632
102.831421
102.992096
100.81723
100.572769
100.571205
100.568665
128.628265
218.5047
190.507721
125.2743
100.617096
100.616425
100.614342
100.61058
102.716125
101.725578
101.029999
100.599075
100.596001
100.593376
101.227158
100.812668
100.703751
100.584946
100.582489
100.580025
100.574257
100.573044
110.364388
105.895386
102.208572
100.564827
100.564117
100.562248
50.5632439
50.5610313
50.5579567
51.1589355
57.2740402
60.0832062
80.179985
94.3659973
172.213226
132.375854
73.9937515
50.6040077
50.6015968
50.5979996
50.5941582
50.5903625
50.5866013
50.5828857
50.579216
50.5757217
50.572773
50.5696487
50.5662651
50.5634422
50.560421
50.5582886
50.5557289
50.5525894
50.5499039
54.4035454
51.9134026
50.9903717
63.7714806
203.632828
269.013733
174.762344
77.759201
50.6153603
50.612175
50.6076775
50.6032715
50.5987625
50.5943642
50.5899696
50.5859756
50.581913
50.5780869
50.5744934
50.5711212
50.5679932
50.5646706
50.5615883
50.5587044
50.5559502
50.5536232
50.551075
50.5485306
51.143177
50.7014046
50.6311798
50.5398445
50.5362434
50.5344162
50.5328064
50.5273361
50.5282784
50.5269089
50.52211
50.520359
50.5187645
50.5170708
50.5156364
50.5138588
50.5122604
50.5105324
50.5091591
50.5074654
50.5059013
50.5045509
50.5032463
10.2944069
40.7076836
50.4991875
50.4977379
50.4962158
50.4949341
50.4936295
50.4925117
50.4911423
50.4897995
50.4872475
50.4867706
50.4862213
50.4856796
50.4852829
50.484642
50.4842987
50.4837227
50.4829674
50.4823799
50.4819298
50.4814377
50.480999
50.4802666
50.479763
50.479248
50.4786415
50.4780884
50.4772835
50.4770775
50.4762573
50.4759445
64.4677582
61.3625107
54.1980591
50.7730598
50.4812775
50.4776268
50.5107269
50.4797745
50.4760208
3340.44141
115.047012
105.515724
100.473022
100.47068
100.468964
100.562546
100.470413
100.463455
100.461281
100.459358
100.457481
100.455597
100.453552
100.451424
100.449455
100.447426
100.445587
100.443657
100.735741
100.451851
100.440659
100.436615
100.947945
115.027504
114.512794
106.187958
101.147652
367.687805
332.497864
176.59021
100.471558
100.468788
102.863503
103.625725
101.348389
100.455093
100.451988
100.485291
100.455902
100.441582
100.438347
104.404045
307.479919
479.993103
389.679718
207.918594
117.184334
100.549637
100.54351
109.297882
233.397278
261.175446
169.091461
109.41909
100.582863
107.19886
108.175865
102.777512
100.547607
100.539169
60.5306091
76.1359177
106.885605
344.566101
491.27005
322.982788
206.577667
416.116699
598.111572
389.239441
139.331741
63.0506058
60.6975517
70.7178116
99.1614532
97.5050049
106.319229
87.0589905
68.0216217
221.851517
266.218384
154.671402
75.5324402
60.7656136
103.171021
167.136795
266.634766
479.648438
447.878876
214.492401
122.857788
118.908684
118.858978
110.110321
124.069153
121.191887
106.513306
100.897377
100.819603
103.469147
107.431519
112.17627
211.684296
221.250504
393.094116
374.215149
237.287674
252.296265
368.837952
286.776489
147.024353
100.966896
100.959747
100.951172
153.007843
171.555237
293.037354
375.379944
315.29126
193.936798
120.300186
220.148743
264.696167
180.910461
115.422821
102.215355
102.224823
101.594131
101.437546
101.174744
101.088707
120.407555
202.049316
218.289764
442.553528
406.840393
190.250488
103.0756
104.003372
149.412582
177.236023
147.186447
119.282799
108.726288
127.905212
130.909851
113.195007
103.935753
103.366318
102.201477
114.318184
114.185913
97.0840836
177.019653
88.9767075
117.291656
104.186272
101.238785
201.759705
156.716095
102.594681
122.486702
107.114693
103.241394
104.432167
103.178856
41.7424278
41.7064781
101.91745
56.3339844
56.1191216
46.4099998
103.715012
86.3779297
85.3532333
54.653286
101.115509
104.404106
99.5678864
109.565918
124.587051
108.526642
106.831673
107.832588
105.47567
142.718231
186.402313
167.994858
141.818542
152.727234
383.939972
427.638184
279.047974
193.243195
147.065262
111.001434
101.316887
101.475143
102.731873
102.937965
101.418571
101.384842
101.281853
101.230186
101.223602
101.633537
119.066895
119.273682
112.558632
142.459503
136.67485
140.381653
