0.0
0.0
0.0
0.0
0.0
0.0
0.0
0.0
0.0
0.0
0.0
0.0
0.0
0.0
0.0
0.0
0.0
0.0
0.0
0.0
0.0
0.0
0.0
0.0
0.0
0.0
0.0
0.0
0.0
0.0
0.0
0.0
0.0
0.0125613697
0.0263168588
0.0348920077
0.0374431051
0.0374431051
0.0374431051
0.0374431051
0.0374431051
0.0374431051
0.0374431051
0.0374431051
0.0374431051
0.0374431051
0.0374431051
0.0374431051
0.0374431051
0.0374431051
0.0374431051
0.0374431051
0.0374431051
0.0374431051
0.0374431051
0.0374431051
0.0374431051
0.0374431051
0.0374431051
0.0374431051
0.0
0.0
0.0
0.0
0.0
0.0
0.0
0.0
0.0
0.0
0.0
0.0
0.0
0.0
0.0
0.0
0.0
0.0
0.0
0.0
0.0
0.0
0.0
0.0
0.0
0.0
0.0
0.0
0.0
0.0
0.0
0.0374431051
0.0374431051
0.241697192
65.7042236
84.2066498
77.0416489
36.9402657
5.8376441
0.0377771109
0.0374431051
0.0374431051
0.0374431051
0.0374431051
0.0374431051
0.0372252874
0.0363342278
0.0354472846
0.0351029113
5.12092876
14.3864908
5.38918686
0.0354123302
0.0351029113
0.0351029113
0.0351029113
0.0351029113
0.0351029113
0.0351029113
2.38106871
0.943831861
0.330558002
0.182198241
0.0359511971
0.0549541824
21.9503574
9.53895378
0.0356482081
0.0351029113
0.0561805144
0.0601213984
0.0351031162
0.0351029113
0.0351029113
0.0351029113
0.0351029113
0.0351029113
0.730379581
0.378192663
0.0351148099
0.441116959
0.255209625
0.0521804467
0.746034384
0.385631531
1.43362987
0.658181787
3.9923737
1.69936919
17.0325909
7.45144176
0.135399178
0.0
0.0
55.4346581
47.6170311
9.78077316
22.2983265
9.38482285
0.0
23.0062408
55.9365883
30.169157
15.8294125
5.66237116
0.141116112
0.0
0.0
0.0
0.0
49.7344627
165.061478
107.95459
19.1784992
0.481171131
53.0038757
29.0903606
2.76146817
0.0
0.0
0.0
0.0
0.0413541347
0.136878625
0.760765553
5.61104584
8.48359776
17.8972645
62.3819351
23.003109
0.0
0.0
0.0
0.0
0.0
0.0
0.0
0.0
0.0167113673
9.00887394
3.5112772
0.0
0.362930447
94.5849991
105.089462
74.8470764
50.5895691
37.4724426
24.2393074
9.76232815
1.5624063
0.511817932
0.133438066
0.0
1.41205502
0.686264157
0.0
0.0
0.0
0.0
18.23666
71.4843445
92.9810257
43.4672432
189.772125
112.268562
77.5195923
73.8796234
34.5014114
6.36664677
13.2027225
7.46902561
1.0027808
0.531759441
0.399606764
0.454575002
33.8314934
14.9445095
0.33446008
3.13269639
1.73987222
0.36306113
0.40822953
0.37811476
0.529666662
0.534798086
4.19428349
2.39229298
15.3034286
10.9376955
5.34397602
31.6626148
125.469925
266.608551
174.587326
35.8718491
0.753757
178.917542
137.942383
45.3903313
9.53863907
23.2257404
11.6146517
1.04559445
1.07578886
1.10127103
1.12233984
1.1400547
5.44943619
213.169022
139.073227
21.8829403
12.3376637
6.26462889
1.35018432
1.37792981
1.40168035
1.42171764
1.43856049
1.45295393
2.05425
63.8496857
27.7747097
1.67388976
35.8838959
25.3356743
17.2569828
5.68276787
1.57425904
153.53093
67.7570343
3.34137917
3.06917906
1.90537357
1.66341746
1.67969227
141.173035
199.158951
60.6957359
97.0645065
164.68132
94.66539
17.9286537
2.82386017
2.3405025
2.18891358
2.23029375
2.27329278
2.34087229
2.41022301
7.0332346
24.7014847
204.773331
175.393845
42.3215981
5.28343487
3.79331779
3.04612708
3.46190143
2.99439955
2.76959229
186.641037
83.0879135
9.86919975
300.869049
207.420853
36.3640518
2.71969008
2.79942155
2.82398033
2.84187388
25.3919239
138.970184
56.8255386
2.82252026
2.98613191
2.99145865
2.90380955
7.36875105
50.5257034
205.745575
138.77951
25.5198154
341.793549
134.272995
2.89551878
2.89214253
3.00879455
101.999809
141.10408
181.290466
75.8335342
330.663666
476.408508
432.789917
376.600555
155.505234
20.9531021
2.92319918
2.92576551
2.93021822
3.04349756
3.05425477
2.95338845
2.95406961
3.05503345
6.33252621
141.588257
135.539459
33.195137
149.34787
80.7843399
12.1182623
3.5345149
45.6658173
18.8649235
8.71073914
4.51908684
3.16452432
3.84634209
3.18309522
3.17247033
3.17286587
3.17150021
3.16834283
3.16399145
3.15781856
3.15089321
3.1427052
3.13371825
3.12424755
3.43656993
3.09674573
3.08188272
3.06672049
3.05072761
3.03469586
3.02146816
3.01474977
3.01110435
3.00751615
3.00384736
3.40448904
3.93337584
3.07179546
2.98802757
2.98409009
7.88254738
4.9827733
7.26518393
4.68508244
2.98326278
4.6558485
4.71098328
3.18130612
2.94537497
2.94052672
2.93580151
2.93110895
2.9263401
2.92164898
2.91674805
2.91177607
6.92270947
4.56437397
2.95274639
2.76552629
2.71462727
2.70969963
2.70473051
2.69977236
2.69474936
2.68968582
2.68430138
2.67922115
4.32904148
3.55177426
3.44648266
2.7400806
2.65321374
2.64781928
13.2209435
40.4390373
15.0805626
2.62339187
2.66003537
81.0539246
126.117142
37.97649
2.63697481
2.58762956
4.16090727
4.2567606
6.92973995
3.90473676
3.33388782
2.76155019
2.6994741
2.98967957
2.68361664
2.67505693
2.66619444
2.65737605
2.64827895
2.6390419
2.62966967
2.62001729
2.61043525
2.60155606
2.59306741
2.58418226
2.57497692
2.56654501
2.55739784
13.1867476
90.8836823
78.6398468
21.6726875
66.6306915
371.926025
173.049789
180.104202
74.0174332
4.41437054
2.49117398
2.48787069
2.48405981
2.92245746
2.72230983
2.47023654
2.46320343
2.45597029
3.26141024
2.94513917
2.51289558
2.43060231
2.42058229
2.41371965
2.47599244
2.46213031
4.77475977
232.002441
390.370087
366.434784
507.640991
717.363953
291.924347
145.868393
56.3903999
6.0267663
29.9310417
192.976898
209.483093
72.1722183
9.05732632
5.04571772
4.13354826
3.08783841
3.05750608
3.08948112
118.309418
50.1349869
3.06174397
3.09203362
189.798141
389.788086
129.825226
3.28834701
3.06611562
3.06827402
3.10064173
3.1016717
3.10226226
3.10271096
73.1709671
388.767242
676.688721
342.388306
101.874466
45.6588135
66.6124725
609.17865
518.637329
128.056732
121.377113
47.9587936
3.15337467
3.11991239
3.11964822
3.11952043
3.11938739
3.1192441
3.11908865
3.11892223
3.1187458
3.11855936
3.118361
3.1181531
3.11793447
3.11805749
3.14882851
3.11731458
3.11695051
3.11703038
3.14831829
13.604826
6.99625015
3.11556673
3.11492109
3.11478257
203.705612
176.517914
38.7816467
3.11897588
9.13341331
41.5654182
60.9864235
19.4799366
5.0444479
4.07325888
3.31257868
3.19321442
3.14175653
3.10803771
3.10744786
3.10681152
3.10650229
3.43006372
4.79662514
3.90618563
3.10339475
116.059639
47.956913
4.11822319
3.59433413
9.88870049
273.393463
192.699097
35.7647972
3.09717965
3.09550571
3.09569335
13.1695147
7.43845654
3.0943141
3.09409666
6.48527861
4.77213526
7.91346407
35.6623268
15.660408
92.6288452
63.9623184
604.773132
249.586914
374.703613
353.358276
211.557419
151.385406
44.1301155
17.3788681
765.830566
1129.02869
353.833679
3.26279545
3.23648882
3.23648882
3.23648882
3.23648882
3.23648882
3.23648882
3.23648882
17.9814301
186.939728
551.002563
367.394592
703.350159
625.455627
252.224945
112.06002
1129.18225
814.972778
186.08255
17.6070938
167.494156
719.094421
351.882538
28.6871719
113.596611
48.4211082
3.23825097
3.23648882
3.23648882
3.23648882
3.23648882
3.23648882
3.23648882
3.23648882
3.23648882
3.23648882
3.23648882
3.23648882
44.0700111
62.6380348
19.960062
3.23693419
3.23648882
3.23648882
3.23648882
7.60496092
13.8550434
8.83843803
3.23649955
9.35015106
9.90090084
5.38354826
3.23649192
3.23648882
3.23648882
32.3603439
17.7124023
3.62685061
5.73803568
5.74424505
513.171875
249.590988
10.0441694
24.1310863
14.0445738
3.54095244
3.54306245
3.79037666
3.41787887
15.1244335
9.92529297
3.5356698
3.28182673
3.00976562
2.99381828
2.97907448
23.5854282
10.4601574
3.1172514
3.11104155
3.09827328
2.99748635
2.98258948
2.97305202
2.96426296
2.95655656
4.41162491
144.63092
64.9738693
3.22226453
2.93053722
3.0324192
2.92236471
2.91721296
2.91578054
2.91481972
2.9146831
2.91526699
2.91658688
2.91851211
2.9209497
2.92420149
2.92802477
2.93239164
2.93753982
2.94355226
68.5934448
30.5462894
4.12029457
3.0447917
3.0478158
3.05019355
3.12506652
53.5844154
22.9732857
3.10745668
3.05153584
3.04676843
3.04402614
3.0376687
3.0305934
3.021981
3.01227212
3.00273561
2.99178171
2.97971535
2.97334099
2.95387912
2.93971753
2.92576337
2.91155958
2.89798665
4.09599447
3.06633472
2.84920716
2.83185315
2.81408191
2.79619813
2.78153992
2.77426434
2.77015162
2.76608944
2.76192021
2.75800157
2.75362682
2.74933958
2.74502754
2.74045968
2.73619676
2.73156691
2.72704244
2.72212529
2.71707606
2.71227193
2.70701075
2.70178127
2.69655228
2.69126678
2.68556952
2.67993426
2.75803256
39.1756973
16.5129051
2.65956783
2.65354848
2.64791346
2.45552897
2.44935536
2.4437573
2.43804574
2.43264437
2.4266293
2.42110372
2.41482115
2.40850139
2.40227866
2.39541745
2.38573217
2.37339807
2.36526585
2.3574717
2.34984541
2.34183097
2.33393097
2.32619333
2.31827688
2.31041598
2.30476499
2.62801051
2.29611945
2.33186913
2.27266312
2.26622653
6.34509373
5.83882046
2.95350766
2.23117614
2.40516496
2.39538717
2.38538361
2.37544179
3.01297593
2.40898991
2.34565806
2.33478284
2.32381201
2.31278706
2.30134273
2.29007292
19.8313026
9.25090218
104.245758
44.764534
2.23909092
2.22638679
2.21546793
2.20478511
6.16368389
8.26910782
3.86095691
2.16327643
2.15306544
22.053194
12.6742878
2.94277906
6.58730078
3.70873928
2.12599874
9.90521622
5.19504595
7.48902655
4.82524967
3.68315792
12.2248535
17.548872
101.732658
43.5769653
114.360748
607.789978
659.650208
183.080429
2.27901793
11.2715864
6.07759905
5.831038
4.04802561
2.61739588
2.59905839
2.61940145
2.62164068
2.62914062
2.63347554
2.63535714
2.85688806
2.78697896
18.1785297
9.72793674
3.01455355
2.53321648
2.52770329
2.48830581
3.08858824
4.17013693
5.20397091
36.0283356
33.8225136
16.1057339
5.04251289
2.46169162
15.6123056
7.77533484
2.40434718
107.690529
95.0420456
143.574631
171.946442
156.299759
286.387543
147.881943
64.4467087
19.9922085
4.99248123
162.321594
478.651611
176.276093
5.86641693
10.5319672
6.09949541
3.19850659
3.02031946
23.6786022
44.4415054
15.3906698
2.99545217
2.9984355
6.41433573
5.29387236
3.32297516
4.06001711
3.55944371
3.04932833
3.07033658
3.00731039
2.99451709
2.99160504
41.5982933
40.109993
23.6855698
7.41496658
2.97314
3.09281898
27.2020626
21.4999466
7.56619501
3.32915759
16.9708061
277.490356
262.342957
71.381279
9.7188015
4.09683371
2.95712447
2.95921516
6.97752523
4.88844395
2.95962858
2.95843649
2.95680404
2.95437622
2.95176125
15.9754992
8.18394947
2.94309974
2.93973041
2.97171497
8.58546925
5.41647625
20.5738239
85.823349
131.97197
77.898468
133.266907
154.780334
44.1801682
32.765583
80.9439926
174.88176
109.383537
22.975071
163.243164
63.5799713
3.67562962
3.72478986
4.23692846
3.86873031
3.12717009
3.12819195
3.12910199
3.12921572
3.12879062
3.12833571
78.3557587
278.788055
864.129639
350.993561
179.592224
409.229492
141.256516
3.24374151
3.23648882
3.23648882
3.23648882
3.23648882
3.37173676
546.786682
237.3022
34.0973587
26.6521797
8.86321449
63.0422134
42.3526917
7.5692811
8.87684155
4.53057384
6.83893108
108.243164
45.9517899
97.3804016
39.9836731
3.23838019
3.23648882
115.934059
269.538452
220.565491
52.7231636
3.24190068
3.23648882
3.23648882
3.23648882
21.7519569
62.0104485
23.2478809
3.47595954
158.816772
273.401794
96.8312988
207.982224
201.463623
55.3032341
156.851974
61.0060043
10.0289125
7.71812582
4.34794664
3.65271568
3.23648882
30.7014179
15.3767462
4.23577976
137.357529
156.774368
381.026367
157.913437
13.9638319
6.52368736
3.23579836
3.33311439
3.61837268
3.77884531
3.45374799
3.19341207
3.18404984
6.02887154
5.76336384
3.55915356
96.0874863
137.620377
45.2644691
3.17826271
17.8364544
10.8404646
3.18986106
3.04067135
3.02765131
3.01529527
3.00369477
2.99280739
2.98294306
3.07152009
169.23555
557.698547
294.384308
36.3557854
2.9409101
62.9916191
1948.39319
1569.92554
341.403503
3.07989454
3.04392552
3.44630384
3.05872011
2.9259994
2.91750813
2.9194169
2.92201138
2.92545533
2.92966843
2.93452096
2.94015741
2.94643712
2.95382071
14.4230013
328.36731
832.648926
541.497864
108.767265
3.1876173
3.10992408
3.11676526
4.00090647
3.23191404
3.16243458
3.16817451
3.17713785
3.18645144
3.19457555
3.20207
3.20786238
3.2121017
3.21485686
3.21615815
3.21545172
3.21447873
3.21828985
3.21366262
3.20876932
3.20158029
3.19336104
3.18321514
3.17168069
3.15875983
3.14454722
3.13228846
3.12672472
3.12374115
3.12079048
3.11763334
18.4977913
8.81868076
3.10790634
8.21705246
4.77345657
10.5781021
17.9002819
24.3044186
23.2772312
26.8259125
10.3177481
3.07566643
3.07158232
3.06760192
8.02363873
4.68509245
3.0556283
3.05133367
3.04702806
3.26522756
3.03854132
12.4779367
6.47642326
12.4628916
17.1561356
11.8646994
15.4688702
39.4703674
16.4525661
2.9924109
29.0094357
32.1985397
46.9343109
17.1710663
2.85407043
2.80663991
6.23350191
6.03898859
3.36306
2.78458333
2.78005862
3.72247934
2.92786956
2.76629877
2.80329704
13.0601797
6.61741543
2.74486804
3.9062829
70.6714859
84.5476074
206.141251
289.843445
220.150055
53.2336121
3.09218073
2.88324189
2.88516831
2.88550258
2.8848176
2.8839767
2.88230658
3.51140213
2.876755
2.87335515
2.86966825
2.8649714
2.8591876
2.85258603
2.84637594
2.83989286
2.83294225
2.82559085
2.81784081
2.80994058
2.8021028
2.79406595
125.430725
184.297073
112.566895
47.9489708
398.379791
259.174072
174.18811
82.4143295
13.5611334
3.24195051
3.59186649
3.27414107
2.96747923
2.97685671
2.98393106
5.66824579
4.34234667
3.10854053
3.01323199
3.02204466
2.99823427
3.00449705
3.01342726
3.01069522
2.98006964
2.97463584
2.96905708
2.96355987
2.9573276
2.95029569
8.41461086
93.5877838
60.4475517
55.5730782
21.1579819
2.91394901
79.5600967
308.543457
319.701324
106.984268
13.4652367
3.8530035
2.87099171
2.87538505
3.140764
3.27961183
2.9685607
11.9028053
78.1224899
83.6234589
42.9643669
10.6584244
2.84942269
2.84691119
2.8444159
2.84129405
2.83722782
2.83314419
3.52150369
2.99967742
2.81722713
2.84244967
2.88252401
2.83879089
2.82436776
2.78384995
2.77570558
2.84181547
3.27368832
21.37076
41.5353012
14.5863523
2.7784636
2.72374916
87.4187927
34.6994553
2.7017858
2.69248772
9.6138649
5.18242502
3.53655863
20.8405247
9.04278851
2.78632522
274.753143
120.054497
693.590027
538.119568
655.867615
234.908722
32.7737885
284.921722
115.831139
6.27772856
7.81599903
4.8038497
3.08902836
11.8446484
6.26498795
41.5152893
506.828888
804.57135
557.1297
768.596924
258.58255
3.12137866
3.10736752
3.1406064
109.958275
49.1982803
4.44273281
21.2507248
49.6723633
20.0937481
28.9734707
14.5825701
3.10251832
3.10119915
3.10095453
3.13544965
3.09955931
3.09914112
61.6309128
194.527237
74.6681595
3.13700938
47.6481133
280.605103
945.869507
524.381287
77.4273148
3.24149251
3.23648882
120.566681
165.298828
53.4530449
138.445511
172.49231
188.785706
92.1874619
15.4878874
3.23794627
38.0864754
33.2818642
9.99787331
3.23739839
3.23648882
3.23648882
3.23648882
3.23648882
3.23648882
3.23648882
3.23648882
3.23648882
3.23648882
3.23648882
3.23648882
3.23648882
3.23648882
15.3392973
9.82046127
3.6647346
3.54802418
3.30347252
3.23648882
3.26971245
3.24704337
3.23648882
3.23648882
3.23648882
5.82572508
6.85435772
3.94971442
3.23648882
3.23648882
3.56967592
3.34233594
3.23648882
3.23648882
6.31877136
6.20495605
3.90870571
89.8563538
42.5634422
12.5987787
182.767868
257.439636
521.733093
363.880432
73.7207794
3.24010706
3.23648882
3.23648882
3.23648882
3.95683122
3.90725589
3.23648882
3.23648882
3.23648882
4.06517267
5.10317659
164.253235
475.694641
607.538391
335.907715
69.5788116
7.65665436
5.60753393
5.50370359
5.15777254
3.16345072
4.55662298
97.6820297
308.442383
566.74353
448.417725
151.471313
20.8359776
3.37408924
2.99828601
2.97553468
3.05408716
10.6770887
6.68257046
192.816864
1294.15723
533.860596
14.0342617
6.36001396
5.59600401
3.35239863
3.04946947
2.94228983
2.93603969
2.9308424
2.92641735
2.92311931
3.80116487
2.94694972
2.91599989
2.91503835
2.91490221
2.91548514
2.91681719
2.91922402
3.03530955
3.04074192
47.3504715
77.5588379
25.3583794
3.88358521
2.99639583
3.1400485
139.293915
119.840218
27.2444592
3.08062172
3.16298318
38.9083939
16.5687904
3.12081909
3.1289866
3.13769984
3.1446538
3.14769864
3.17103028
3.14900231
3.14580035
3.14010978
3.13216639
3.12259221
17.5718994
8.00184917
3.08989477
3.08082056
3.06607056
3.05456948
3.03924465
3.02343822
3.0077436
2.99193096
2.97606421
2.95994997
3.01458693
2.93984294
2.93587995
2.93156695
2.92753553
2.92377234
2.91962433
8.55224609
4.6484313
2.90705466
2.90254331
2.89810514
2.89380622
2.8891449
2.88464499
2.87995362
2.87520862
2.8703928
2.8656354
2.86087608
2.85617471
2.85116529
2.8459425
2.84091139
2.83576298
2.83033442
2.82471848
2.81910157
2.81352854
2.63251567
10.6032181
8.03910637
3.41079736
2.65503144
2.64961433
2.59561229
2.58997273
139.436996
54.531105
2.58092856
2.5718863
2.56590652
2.56006575
2.55419755
2.54787946
2.54269886
2.5814712
2.53178453
58.4132347
23.5108204
2.51481867
2.50729775
2.50087547
2.49556422
15.7033768
7.46066809
2.47756577
4.72357273
3.10325885
2.45484066
2.60903978
2.60135722
2.59371233
4.11021757
2.79300499
2.56938219
2.6177671
14.9160109
52.1609154
150.985199
357.27417
374.044617
225.849289
64.2640152
16.374094
5.14635372
2.96818495
2.52696061
2.52484918
2.52170014
34.02285
14.4602489
2.5091691
2.50232983
2.49592185
3.80823278
2.599262
2.47553062
2.46801066
2.46063495
2.45274758
2.44467926
2.43662238
70.9631882
29.9883347
2.50210404
2.40788388
2.39989662
2.39308333
2.38605165
2.37638164
2.36796951
2.3598249
7.55415773
74.868187
65.3757629
16.0353642
98.2837219
186.989014
142.215118
134.528275
130.932419
68.4312668
14.4189081
2.31819797
2.32051611
75.0724335
920.066162
1104.23376
633.499268
168.987564
17.5520611
4.21787167
3.06490064
3.0690906
3.03994441
3.04014063
3.0411818
3.04225492
3.07529354
3.07588768
98.3165283
41.0435715
3.04512024
3.04336786
3.11970305
3.05065894
29.9933376
13.5696383
3.04161716
3.04037595
3.03967309
3.03949928
71.973877
29.74576
3.07038736
6.53202391
354.583405
159.022751
9.61828518
3.03582168
146.62532
371.175232
267.575043
317.231659
102.108124
3.05036664
3.04986572
3.05349851
3.08681703
3.05744886
3.05844784
3.05922723
3.05981946
3.06024027
3.06091166
4.87634277
4.17831516
3.20151281
51.8634949
20.9694386
3.06007218
3.05895686
3.09036231
3.05717587
3.05614328
3.05476689
3.05352855
3.08446145
3.04972339
3.04746771
3.04536748
6.36824322
4.70145941
3.03783655
3.03505254
3.03268743
29.7347069
13.8646955
4.45324326
10.5690651
5.98699808
3.01495743
29.4595451
164.809265
159.881332
41.2528419
3.00230336
2.99821234
2.99618363
7.80731344
64.4564514
44.4376831
10.3954344
16.2428684
8.45707226
2.97949529
2.97647929
80.324707
37.2525291
219.26535
90.9139328
5.33296585
3.11033487
3.10891509
3.10744405
3.1054492
3.1034658
3.1015141
3.09928823
3.09712982
3.09502268
72.2886047
31.4115486
4.39950085
3.95693183
21.2949181
267.777649
173.267197
31.5555096
3.99990439
3.08099055
3.08112836
3.45997691
3.48747659
3.08056259
4.08089113
3.82476068
3.07796836
3.07645798
3.0749743
3.07327771
3.0715816
3.06956816
3.06752253
3.06502271
4.41490602
5.37856579
3.54735017
3.05568671
3.05291748
28.1071186
51.8920631
29.7040443
6.53620148
3.04041719
3.03797221
3.03532124
3.03258443
3.02966952
3.02689457
3.02387452
3.02122903
3.01833534
9.22599411
8.2685976
3.95178986
3.00710726
3.00399232
3.17066383
6.09843683
3.79461217
2.99242616
2.9895432
2.98656106
2.98361087
45.8972054
116.763214
43.1095581
2.97459793
2.99386621
3.0266037
3.00024915
2.96426272
7.7659483
5.3937583
3.12586403
2.9527266
2.94283795
2.92815256
5.13965416
4.19465828
2.93090463
3.00722289
3.10479116
2.95981526
2.7694788
2.80854845
18.5961628
9.53045273
2.68596482
2.6678288
2.73028302
2.6370647
2.802387
2.78773665
2.77024126
3.61346889
11.5099335
13.3394985
33.5113792
39.5174217
97.4538345
36.3839417
2.52013659
2.50247622
2.4870069
2.47114563
2.45542097
2.44058537
2.42794728
2.53722572
2.41224813
2.38877535
2.49342299
2.37017703
2.35235357
2.34244156
2.44146061
2.43261456
2.31343365
2.29982734
2.29114079
7.92613411
3.96387196
2.29799175
19.3130951
106.786331
116.189606
31.6239014
2.42705226
2.42017126
2.32224226
2.38303781
2.30476904
2.28544092
2.27722526
2.27161431
2.31941032
2.26532745
2.25681877
2.25289607
2.24958134
2.24729276
2.24602199
2.24395466
2.24102092
2.24551105
2.23221827
2.21572089
2.19930816
3.33231091
2.35993767
2.15084624
2.13431501
2.11761093
2.10349488
2.09680009
2.0931735
2.08918691
2.08517385
2.08079934
2.07666731
2.07253528
2.06861544
2.06431675
2.05991054
2.05550432
2.05099273
2.04633737
2.04183149
2.03712583
2.03245091
2.02804422
2.02291656
2.017941
2.01313591
2.00786901
2.00291395
1.99761415
1.99233568
1.98719835
1.98170769
1.97623372
1.79154968
1.7865634
1.78167164
1.77631032
1.77069724
1.76509213
1.7590344
1.75280631
1.74528587
1.73657298
1.73035932
1.72434688
1.71801841
1.71165943
1.70517802
1.6989243
1.69246089
1.68568838
1.67902684
1.672405
1.66575658
1.6605792
27.1429653
13.4878216
2.17542768
1.75451756
1.63356459
1.67060959
1.68998206
1.61216307
1.60470879
26.7196789
11.6524191
1.74834383
1.73885715
1.72937346
1.71924627
1.78316534
1.69934535
1.6885829
1.67715645
1.66574883
1.6541605
1.64234674
1.63060224
1.61866975
1.60684979
1.59438038
1.58247709
1.57126701
1.80412245
1.55249941
1.53997207
1.52822793
1.98164332
19.6353512
11.9546041
2.49051642
1.47539639
118.900803
52.6194
1.44728982
1.43463326
1.42484581
3.80164981
2.40858126
1.39846492
1.38897395
1.41621614
1.40842056
1.36051142
1.35042465
1.3418777
5.36168098
97.8950348
126.722717
78.5472794
18.7580948
1.31784785
1.28316665
1.27482045
11.0082779
87.8075943
62.0441971
11.7425728
1.281762
1.22557795
9.08414173
4.52396297
1.20112586
1.19194508
1.18240702
1.0473057
15.2063103
33.8120003
137.246552
169.446823
65.3568497
82.4677658
219.730865
275.387512
99.3440247
7.20568228
1.15202856
1.18149626
16.1504955
49.6825333
30.999836
46.4627037
17.5863533
1.26672983
156.018311
136.924393
30.7799892
1.44687939
1.34708583
62.8692398
112.292999
177.016891
318.759399
228.857803
50.6747971
2.05151987
37.1306839
15.6224871
8.77979279
40.0411682
15.6762447
2.22040224
2.09356999
2.06967521
6.3936491
10.8030624
16.5847664
139.008514
77.1276627
264.565613
130.661316
94.8698654
194.178452
290.082672
86.2146759
2.49028444
2.51492143
2.58789372
2.58386326
112.844109
79.5551376
260.242401
286.0784
195.504456
51.4079323
4.44266939
234.822723
192.311584
45.8371544
4.85268211
5.48442078
4.18310452
3.67951679
3.27724791
2.91806698
2.92195797
59.7439651
193.115036
137.991592
464.240326
170.206863
3.68899822
9.92116356
8.5496664
135.646957
131.970657
45.4643364
27.5465641
12.780035
79.3737869
47.2208939
8.92685318
9.18083477
5.94718647
5.32893848
44.7153473
19.5979118
140.153534
121.449051
55.6923218
14.5562525
3.35993171
3.14583898
211.85936
126.004471
67.9731979
24.6380386
4.82474852
8.83045483
10.4875746
5.84076786
3.15558648
4.93289375
5.35275078
48.6241493
24.0474205
4.81549263
9.42782879
108.77916
48.0749283
3.16048288
3.36779499
12.7561989
128.926102
72.1638947
10.5482473
18.8384247
11.4842482
13.7070675
5.97208071
93.0277786
126.461075
63.5134277
50.4404106
88.3449173
373.751007
305.396149
167.268082
142.973038
43.0041275
3.68043828
3.18734503
3.64762044
8.44344044
4.42270613
3.20167327
3.49415517
3.29825974
3.20784044
3.20933533
4.34249926
58.2770195
26.2412586
20.8662357
97.9070892
37.4227753
83.4207001
