0.0
0.0
0.0
0.0
0.0
0.0
0.0
0.0
0.0
0.0
0.0
0.0
0.0
0.0
0.0
0.0
0.0
0.0
0.0
0.0
0.0
0.0
0.0
0.0
0.0
0.0
0.0
0.0
0.0
0.0
0.0
0.0
0.0
0.0
0.0
0.0
0.0
0.0
0.0
0.0
0.0
0.0
0.0
0.0
0.0
0.0
0.0
0.0
0.0
0.0
0.0
0.0
0.0
0.0
0.0
0.0
0.0
0.0
0.0
0.0
0.0
0.0
0.0
0.0
0.0
0.0
0.0
0.0
0.0
0.0
0.0
0.0
0.0
0.0
0.0
0.0
0.0
0.0
0.0
0.0
0.0
0.0
0.0
0.0
0.0
0.0
0.0
0.0
0.0
0.0
0.0
0.0
0.0
0.0403244756
40.8177757
125.036552
192.482513
133.85437
42.8744888
9.99845982
5.7236495
0.00429683831
0.00432310766
0.00433068769
0.00433801627
0.00448265579
0.00450827228
0.00451442646
0.00470383
5.68395138
20.060318
12.4399338
5.72777653
0.00544839678
0.00554833608
0.00567253772
0.00571567984
0.00629202323
0.00643611001
3.13901711
2.28026533
1.01117313
0.460018575
0.14418748
0.0075533092
28.0410786
17.4651279
10.0000858
9.09525013
0.00838675536
0.0261471756
0.0127227195
0.00726324553
0.00725687994
0.00724961329
0.00724150194
0.00742972177
0.517439842
1.09245324
0.320071638
0.20686014
0.695860088
0.212076932
0.496635586
1.06110573
1.52685332
1.8321538
4.2805419
4.70074272
20.362339
13.3855944
10.0127172
5.31526089
0.101049013
114.039703
136.330261
66.1276703
45.4995384
33644.6016
108.564049
134.443665
209.43869
196.344238
149.075577
116.138863
104.251793
100.30442
100.030312
100.030792
100.030907
173.99382
501.750671
506.145905
249.376266
116.058609
159.655945
159.415375
120.623878
101.656143
100.052406
100.051979
100.051453
100.158768
100.313759
100.973579
105.522125
110.800659
122.484779
188.269455
176.119293
121.083199
100.05349
100.053375
100.053253
100.052795
100.052399
100.051872
100.050972
100.117836
108.197693
107.930283
102.268578
100.511871
254.204468
344.217072
293.510559
216.882019
174.448441
147.94577
124.747078
107.698418
101.481064
100.463104
100.147072
100.788002
101.313217
100.394577
100.065971
100.065582
100.06488
113.339027
182.237122
249.275742
211.752899
409.854248
412.544983
261.76651
195.279144
161.068985
120.258148
110.247803
108.547287
103.298019
100.484879
100.256531
100.175247
120.964554
121.545952
106.199738
101.379387
102.042778
100.597443
100.084518
100.083755
100.084099
40.0833206
42.4128532
42.139473
50.0794907
52.1891327
47.937191
65.7848129
196.28093
492.57135
459.69458
197.997665
59.0382271
215.197906
256.960266
143.013931
62.5257607
55.3781509
52.2117653
43.9667587
40.0941963
40.0931244
40.092186
40.0912476
42.4513931
267.58078
298.495789
138.045807
54.763855
45.9874306
41.9792061
100.09404
100.093117
100.092285
100.091179
100.09037
100.555138
140.9487
140.117523
110.958237
123.462265
130.205978
122.293976
110.54995
101.923203
250.814514
252.502762
144.492599
102.20591
101.02504
100.168884
100.092865
223.773529
349.634888
261.118195
198.238327
254.115143
233.517212
148.933624
106.372032
100.495903
100.142097
100.111153
100.110283
100.110001
100.109856
101.626022
111.133133
279.32431
317.297852
197.546951
115.395645
100.142059
100.130936
100.116554
100.116142
100.115814
236.905884
226.752823
140.205002
351.143738
378.936462
204.183456
109.741745
100.12854
100.128571
100.128181
108.77742
168.075424
155.660431
116.440208
100.131355
50.1307259
50.1292534
51.9307365
73.1590576
193.401993
193.492798
104.870743
294.552551
266.805786
115.817039
50.1308823
50.1299248
93.9552307
133.041748
167.232574
127.228439
278.236847
512.439209
526.559631
429.145996
268.773804
211.503113
161.354309
100.146141
100.144592
100.143387
100.141624
100.139992
100.138336
100.136765
100.991142
155.784317
182.61203
141.195541
175.149017
165.539459
122.358673
101.837067
117.857841
110.431549
105.139549
100.998589
100.511536
100.405228
100.12426
100.119926
100.115036
100.113289
100.111458
100.109604
100.107979
100.105988
100.10463
100.10302
100.101601
100.25058
100.099083
100.097595
100.096245
100.095032
100.093819
100.092735
100.091713
100.09127
100.090881
100.090385
100.278084
100.501122
50.2024269
50.1474037
50.0883141
51.9487
51.0921173
52.1913223
51.053627
50.4230461
50.8897591
51.0375519
50.4438782
50.2087898
50.083683
50.0832329
50.0825882
50.0819893
50.0815811
50.0808907
50.0804024
51.8557434
51.1014671
50.6102333
100.115288
100.076492
100.07605
100.075462
100.075058
100.074348
100.073868
100.07338
100.07283
100.939888
50.6122208
50.7036438
50.1167145
50.0877953
50.0695801
55.2745857
73.4789581
64.49543
54.9070091
50.0694389
124.718704
237.194061
181.855682
86.5364914
50.0754662
51.1308784
51.3124504
52.9739037
51.6905022
51.2834702
50.111805
80.0802002
80.2573395
80.0706863
80.0698776
80.0689316
80.067421
80.0665054
80.0653839
80.0642242
80.0633621
80.0621185
80.0617523
80.0633926
80.0625
80.0585785
80.0612717
80.0608749
87.45121
201.685699
240.609207
166.616562
175.436981
783.114624
762.980652
474.367615
260.310608
136.230438
81.0984116
80.0786438
80.077179
100.184319
100.49836
100.198189
100.073296
100.07225
100.294556
100.872177
100.3545
100.08551
100.068344
100.067513
100.066696
100.105568
101.236382
405.680115
823.41449
867.893066
883.758545
1027.13513
709.113098
323.419525
169.131699
120.719154
111.212845
208.243011
271.66745
205.615616
127.64579
102.392784
101.140717
100.398384
60.0948105
60.093647
115.221703
108.142303
74.5906601
60.0916214
177.275208
401.453247
317.722229
128.12085
60.1762085
60.094696
60.0934982
60.0921021
60.0907936
60.0893745
89.026825
349.851654
693.528564
559.005554
236.974182
96.5880432
91.2325516
434.94696
523.044922
272.368591
130.33551
90.0977631
68.8942261
60.1055603
100.104477
100.103264
100.102287
100.101204
100.100403
100.09922
100.097939
100.097099
100.095917
100.09481
100.093826
100.092728
100.092003
100.091087
100.090004
100.08918
100.088516
103.395866
103.078827
100.849106
100.08503
100.084129
204.45343
243.530396
178.25322
115.260315
102.968231
117.727737
135.834305
124.575768
106.403275
101.06012
100.398903
100.178009
100.107246
100.087189
100.086563
100.086258
100.085365
100.171173
100.593697
100.816132
100.266953
151.110306
152.573822
115.625237
100.657913
102.699463
300.963898
351.020538
199.964401
111.448586
100.092201
100.092026
103.690804
103.804741
101.054611
100.090294
101.013634
101.582443
101.932426
113.904221
51.6390839
86.7110291
95.3229218
591.497986
576.358276
448.608643
378.769714
257.750305
154.692688
87.5113983
54.6420898
503.212921
891.022339
563.063904
156.555328
100.112938
239.739395
172.633331
100.11026
100.109238
100.107887
100.106781
103.597122
161.355881
414.966888
422.308258
480.36853
563.329346
525.223694
556.24231
924.226807
748.021057
615.604248
596.733765
615.7276
543.974976
342.31366
306.797852
302.838776
308.189575
126.347427
100.139465
100.13884
100.138062
100.137451
100.136536
100.136024
100.134979
100.134468
100.133804
100.132843
100.132477
110.641563
123.398811
114.966026
102.850662
100.130257
100.129875
100.129135
101.47081
103.705856
101.21727
100.481804
101.340508
101.020767
100.409714
100.161163
100.124626
100.123962
109.065384
104.799149
101.582054
100.419106
100.135918
419.988098
405.33728
192.127243
106.498604
103.055061
101.083397
100.126579
100.126305
100.126114
102.710693
101.480263
100.619926
100.12468
100.123039
100.122726
100.122269
107.46534
53.3108482
51.1113396
50.1193314
50.1180992
50.116436
50.114666
50.1132317
50.111866
50.1105309
50.7380409
110.361717
96.7713165
64.1742477
50.1065483
50.1053085
50.1040649
50.1026917
50.1014328
50.1002846
50.0987167
50.097374
50.0963821
50.0951424
50.0939674
50.0926743
50.0917473
50.0903893
50.0893669
50.088356
80.1065979
121.746574
107.449341
100.31263
100.083626
100.082603
100.081619
129.051361
120.539261
106.416275
100.079468
100.078621
100.077835
100.077248
100.076439
100.075348
100.075027
100.074478
100.074104
100.073334
100.072563
100.07225
100.07196
100.07119
100.070839
100.070152
100.626511
100.213661
100.150497
100.068413
100.067963
100.067337
100.063553
50.0632019
50.0630951
50.062912
50.0632744
50.0630035
50.0619888
50.0615158
50.0612679
50.0610771
50.0606918
50.0603104
50.0596237
50.0594215
50.0587082
50.0584641
50.0579872
50.0573578
50.0569115
50.0564804
50.0560303
50.0557404
50.1161728
70.9237823
65.0646515
54.9365768
50.0566864
50.0567207
50.0530891
100.052963
100.052826
100.052811
100.052795
50.0526314
50.0525322
50.0525017
50.0525208
50.0523834
50.0523376
50.0519409
50.051506
50.0513
50.0512962
50.0513
50.0511436
50.0511475
50.0511475
50.051136
50.0507812
50.0509109
50.3209305
50.0613136
50.0534782
50.0532112
50.0506439
52.5965729
52.6182899
51.049942
50.2825165
50.0505257
80.0503159
80.049942
80.0499268
80.674263
80.0713043
80.0486755
80.0479431
80.0518112
80.0515289
80.0487213
80.0485001
91.2026749
87.1334534
253.969559
221.175262
126.952431
80.0589066
80.0583954
80.0575943
84.3003845
88.532753
85.1099243
81.4606552
80.0556488
105.674034
104.375298
89.6150436
86.6621094
84.3201447
81.5703506
59.5163116
59.9742813
59.828167
58.0343895
55.0186272
64.8006744
80.184227
288.481506
283.404877
329.586761
1296.50012
1674.66199
887.104187
256.085907
104.185394
105.069916
102.858833
102.244469
100.677963
100.071548
100.070259
100.069481
100.068069
100.067131
100.066261
100.090897
100.209831
107.467392
108.693031
103.206146
100.253654
60.0602379
60.0593338
60.6488533
61.6454735
62.6266823
84.5565338
95.594986
83.2738647
67.6175385
61.3548393
71.6190796
67.6450958
62.3957176
186.340744
216.389038
281.953613
335.88681
312.211365
457.646362
382.991943
192.084549
88.5225449
68.4841843
185.361084
587.17041
507.155823
186.017288
64.9563751
62.589695
61.0773773
70.1823959
79.1325455
94.9891586
88.3791275
74.604744
70.0808029
72.1346588
72.4277725
70.946846
70.8066483
70.7329865
70.2692719
70.1254654
70.0949326
70.0788498
70.074028
88.3593979
101.177429
95.9436111
81.2600632
72.1105499
70.1500015
83.4796906
89.80233
80.9352341
72.4189987
78.4983368
363.978943
471.399109
274.615631
110.392281
102.674217
100.288788
100.081535
101.452553
102.066307
100.599472
100.079453
100.078964
100.078056
100.077621
105.080269
105.287636
101.42395
100.075577
100.074738
102.201309
102.709305
108.249023
150.553772
211.984283
199.434067
205.472565
231.781555
180.537933
131.104904
144.262299
214.484955
214.653381
148.659241
186.862122
182.577423
64.5256729
40.4597282
40.7794647
40.6506996
40.3343849
40.0981865
40.0970535
40.0957222
40.0945358
40.0932426
75.1467361
303.764587
959.241333
819.420227
328.940552
292.952515
247.057404
97.0469208
40.1101608
40.1092148
40.108181
40.1070328
40.1062317
378.506683
387.475861
153.328918
50.8765984
45.1447945
57.437439
60.522995
110.46582
102.798813
102.202362
101.484528
136.793976
135.791916
143.239395
133.101593
108.642319
100.108109
140.042389
241.250809
258.609436
173.434052
112.153656
100.116409
100.115982
100.115173
105.373291
122.217728
117.552826
103.925079
156.588104
240.675674
203.008972
195.279785
205.699585
156.724884
155.373093
143.461853
112.740952
100.62323
100.34845
100.129463
100.128944
107.625175
103.91964
101.321419
142.106049
167.525116
279.386353
240.228577
140.846405
100.689667
100.216576
100.13636
100.136223
100.135345
100.134995
100.134842
100.134384
100.327965
100.133392
100.133125
124.7435
149.153885
128.433884
106.919365
103.391129
101.829308
100.734818
50.1333046
50.1316757
50.1302834
50.1285019
50.1268959
50.1253166
50.1240311
114.956459
434.269897
410.190979
166.389572
56.974659
71.2780914
1114.98987
1375.104
623.704102
128.369766
100.131927
100.295746
100.129639
100.128006
100.12616
100.12471
100.123116
100.121452
100.120323
50.1190758
50.1174927
50.1157341
50.1143112
103.474327
274.045074
689.725952
694.33136
318.514557
126.657539
101.22654
100.116089
100.599289
100.14209
100.127823
100.109543
100.107811
100.106133
100.104675
100.102943
100.101402
100.100197
100.098503
100.097076
100.095886
100.094635
100.093483
100.092239
100.091309
100.09021
100.089096
100.08802
100.086922
100.086433
100.085655
100.084473
100.084038
100.083488
100.082565
100.082855
105.60141
102.460594
100.894318
102.102058
100.85479
103.599167
107.161728
111.689667
113.153885
116.622452
107.682404
102.179298
100.078873
100.078659
102.626221
51.3443527
50.6004105
50.0772057
50.0767555
50.2171822
50.0758591
55.6606369
52.8684235
57.1843452
110.619232
108.305771
110.85025
129.954605
118.180244
105.383263
119.368721
127.720001
143.490356
124.606522
107.395386
100.076965
101.861153
102.326149
100.956123
100.269524
100.074898
100.704659
100.140617
100.094788
100.073669
106.378174
103.950996
101.520943
100.865578
154.081299
193.374237
404.822021
566.342651
496.285309
251.749802
127.679382
100.334358
100.086952
100.085686
100.08461
100.083412
100.082413
100.41169
100.080231
100.079224
100.078407
100.077156
100.076241
100.075203
100.074013
100.072838
100.071976
80.0710373
80.0701141
80.0689774
80.0682449
80.0673447
186.929169
340.386749
312.104858
185.763489
602.420898
658.780151
393.550537
211.011993
144.4832
105.323303
100.322372
100.532173
100.212471
100.085205
100.083954
101.097816
101.819534
100.632393
100.100998
100.079201
100.078438
100.077209
100.076408
100.075577
100.074722
100.073578
100.072929
100.071922
100.070915
100.070015
102.380455
159.542755
179.057358
171.233429
142.565948
111.152725
161.832336
539.233521
722.537903
395.128723
133.331543
64.1529083
60.5217209
60.082592
60.328083
60.4719543
60.2133598
65.3905563
109.786873
137.851105
117.021927
78.9656525
62.9982224
60.0776558
60.0764275
60.0751801
60.0743599
60.073143
60.6874695
60.318737
60.1454659
60.0696487
60.1242867
60.0757408
60.0675621
60.0666618
60.065937
60.1156998
60.3989296
110.101273
99.9330292
92.0213776
75.7352524
70.0929489
144.028366
143.089584
91.5314789
70.0676117
75.4439774
75.2483978
72.2911682
83.6828156
82.9377594
73.7941208
451.645111
469.915588
957.324341
1087.64868
972.778076
612.891724
250.638275
257.733215
256.733521
148.480759
103.151184
101.864594
100.470772
103.602325
103.362
113.680984
448.094391
821.186646
725.477173
702.093506
794.315125
467.940979
291.336365
100.110031
131.756104
127.60833
108.275543
105.010841
115.823151
111.369957
110.228554
106.860374
101.869377
100.106857
100.106239
100.105904
100.104973
100.104454
117.123123
188.984009
167.428116
118.293098
114.939026
239.962921
686.767761
653.745605
285.019562
113.305023
100.116989
225.255081
164.336578
142.15033
151.506989
176.444626
193.483017
158.289368
119.305939
102.313515
108.710114
112.292503
106.205299
101.248192
100.117088
100.116089
100.115143
100.113869
100.112518
100.111336
100.110435
100.109261
100.107887
100.107063
100.106064
40.1049232
40.1039925
103.295135
43.300312
101.675415
100.338997
100.142342
100.098686
100.119072
100.103592
100.096115
100.095032
100.094292
101.077972
102.404274
101.563316
100.224655
100.090309
100.34214
100.16922
100.088341
100.087608
101.443604
102.722115
101.518707
134.677078
135.441391
114.531143
223.184891
337.018768
611.471375
573.040527
280.88205
120.258522
100.104134
100.104034
100.104034
100.103607
100.102852
100.102371
100.102043
100.101265
100.10083
100.100357
160.109924
406.534302
572.679932
418.545258
196.1129
110.784843
100.115852
100.16568
100.115204
100.114861
100.114716
123.34819
203.562485
332.741943
318.220703
198.437057
118.712616
101.39946
100.12867
100.127205
100.127998
52.301712
51.2778549
109.48439
679.019958
613.328003
220.683594
101.187714
101.873802
100.141113
100.130501
100.120804
100.119453
100.118057
100.116493
100.114845
100.507545
100.112541
50.1110153
50.1094322
50.1080093
50.1069794
50.1057053
50.1041603
50.1029129
50.1017609
64.8173752
82.0698166
66.7271576
104.968948
50.0969391
100.09594
172.24855
195.279053
138.659134
107.081238
100.094841
119.920715
109.545273
103.043495
100.09095
100.089973
100.089081
100.088097
100.087242
100.08638
100.085495
100.084671
100.083786
100.082848
106.812874
103.069977
101.061295
100.080276
100.079376
100.078964
100.078278
100.077873
100.077179
100.076759
100.075951
100.07563
100.111252
50.0724297
50.0723801
50.0720482
50.0717964
50.0715561
50.0709953
52.5044365
51.0880318
50.4724274
50.0696487
50.0692558
50.0689278
50.0687752
50.068264
50.0679207
50.0671959
50.0667458
50.0663147
50.0658798
50.0658073
50.0653267
50.0646362
50.0640678
50.063633
50.0630074
50.0624542
50.062233
50.0616493
100.059029
103.960548
103.340523
101.332375
100.29361
100.060883
100.060135
100.057091
254.940613
226.979156
141.929184
100.066132
100.065918
100.065437
100.06501
100.06459
100.063995
100.063522
100.063873
153.014526
145.801895
114.872871
100.066635
100.066628
100.065971
111.277145
107.798965
102.819733
101.590263
100.845558
100.414146
80.0646362
80.064888
80.0647049
81.1240768
80.3424149
80.1677094
80.1031799
90.0069351
137.480392
366.724792
841.82312
983.438904
635.402466
266.47937
137.280212
105.310753
101.392464
100.081024
100.079987
100.078804
116.770561
113.291451
104.659355
100.074051
100.072998
100.895416
100.10154
100.069786
100.068825
100.067703
100.066406
100.06572
100.064705
146.167892
146.656952
114.337006
100.093971
100.065437
100.064728
100.064819
100.064064
100.0634
100.062103
103.329376
167.001938
201.77951
155.636307
214.886536
402.408417
403.580231
319.452301
280.860657
218.886475
142.886749
106.369896
100.087753
146.16272
1178.33215
1712.9585
1169.4541
481.032379
134.232986
64.3247223
60.3794136
60.0986671
60.0971985
60.095295
60.0937805
60.0920868
60.0906792
60.0894547
100.081619
93.0272675
70.0600281
60.0853348
60.1282425
60.0892029
72.9196548
68.4621964
62.641716
60.0779495
60.0766983
60.0753937
95.622467
88.0574188
68.5502396
62.4576797
387.115814
378.363159
159.227158
62.0253487
173.257645
407.759155
433.922394
399.919403
280.912476
147.27298
100.092644
100.092003
100.09124
100.090431
100.089508
100.088692
100.087776
100.086975
100.086052
100.901573
100.967216
100.363831
118.590149
117.740723
105.129051
100.081314
100.080887
100.080322
100.079712
100.079094
100.078362
100.078285
100.077446
100.076874
100.076576
101.072693
101.525841
100.449112
100.074097
100.073555
110.525223
110.310631
103.384468
103.715134
103.491737
100.896858
112.45385
235.118835
290.796478
201.740677
119.686005
100.081467
100.081161
101.882965
131.259201
139.756317
118.21244
108.548363
106.240326
101.67598
100.082481
139.710159
142.494537
273.839111
265.212189
150.882095
40.8227539
40.0907555
40.0895653
40.0883331
40.0870018
40.0859146
40.0846405
40.0837097
40.082653
74.9015656
74.6895218
51.6131401
40.9340591
49.4202843
316.822357
354.166138
161.959824
52.5928574
40.4312935
40.0859337
40.1367607
40.3508568
40.2282524
40.5330582
40.5910606
40.3132019
40.0802536
40.0795097
40.0787506
40.0780487
100.077087
100.076439
100.0755
100.828568
102.034073
101.474678
100.204018
100.071518
113.073082
137.664413
135.778397
114.260704
101.706108
100.070541
100.06974
100.069344
100.068741
100.068054
100.067543
100.067078
100.067131
103.939323
106.477974
103.490288
100.362091
100.065292
100.250679
102.316376
102.478813
100.305931
100.063278
100.063568
100.062958
128.148224
218.013916
189.979584
124.732628
100.071518
100.071426
100.071266
100.069618
102.177277
101.189011
100.496292
100.067818
100.067261
100.067078
100.704086
100.290924
100.184219
100.067802
100.067642
100.067535
100.063889
100.064743
109.869949
105.39045
101.70475
100.062241
100.063141
100.062759
50.0653191
50.0650444
50.0647507
50.669342
56.7912102
59.5999947
79.6958923
93.8762817
171.710724
131.854904
73.4615402
50.0698395
50.0696945
50.0692062
50.0686569
50.0682297
50.0678062
50.067543
50.0669556
50.0665894
50.0663681
50.065979
50.0653801
50.0653191
50.0650024
50.0648689
50.0645943
50.0636978
50.0632248
53.9286041
51.4306259
50.509388
63.3131294
203.196335
268.514832
174.23558
77.2173996
50.0714493
50.0706177
50.0703545
50.0697861
50.0693169
50.0684586
50.068264
50.0678749
50.0674667
50.0669365
50.0666046
50.0663109
50.0657234
50.0656128
50.0650787
50.0648689
50.0647316
50.0642586
50.0638275
50.0636673
50.6646919
50.2206268
50.1521378
50.0629616
50.0611725
50.0609627
50.0608292
50.0566673
50.0593605
50.0593376
50.0561409
50.0558815
50.0556831
50.0552864
50.0552559
50.0547142
50.0546227
50.0542679
50.0542259
50.0536842
10.0298481
90.0770416
100.053093
50.0529289
50.0526581
50.0526047
50.0523987
50.0521927
50.0520134
50.0518074
50.0516205
50.0515823
50.0513268
100.049423
100.049339
100.049149
100.049103
100.049042
100.048958
100.048859
100.048706
100.048302
100.047829
100.047745
100.047668
100.0476
100.047371
100.047302
100.047142
50.0470352
50.0469818
50.046772
50.0469742
50.046608
50.0467186
64.1339722
60.9459076
53.7694931
50.3453026
50.0530434
50.0495605
50.0831375
50.0524139
50.0491447
101.073303
94.6206741
85.0903015
80.0490341
80.0483017
80.0483093
80.1431351
80.0527191
80.0474854
80.047142
80.0469818
80.046669
80.0463638
80.0461731
80.045845
80.0456696
80.0453415
80.0453644
80.0451431
80.338623
80.0561905
80.0465775
80.0440903
80.5569839
94.6377945
94.1246109
85.8009644
80.7619553
347.297546
312.093811
176.174789
100.054092
100.053635
102.451103
103.215843
100.941452
100.051521
50.051033
50.0866852
50.0603294
50.0483322
50.0474472
54.0149307
257.086914
429.57843
339.231262
157.442551
66.697052
100.063354
100.062584
108.822884
182.922104
210.684708
118.583748
108.905426
100.072929
106.695267
107.678406
102.286072
50.0628357
50.0619431
60.0603981
75.6729279
106.427887
344.100708
490.781189
322.465027
206.038757
415.556396
597.522095
388.621582
138.700577
62.4221916
60.0793533
70.1106567
98.5622559
96.9075928
105.721344
86.4595261
67.4260254
221.257645
265.611145
154.04599
74.901268
60.1407433
102.554703
166.51767
265.998169
478.983978
447.182617
213.770844
92.1272583
88.1794052
88.1316071
79.3846436
93.3458557
90.4698257
75.7929306
70.1814728
70.1102295
72.7669601
76.7359772
81.4867401
180.994293
190.547058
362.370422
343.467926
206.521317
221.509995
338.022644
255.932236
116.166252
70.1100998
70.1097565
70.1084671
122.171181
140.714767
262.182068
344.497894
284.376831
162.99649
89.3495331
219.194214
263.72641
179.92099
114.424103
101.21817
101.233025
100.608307
100.457924
100.202362
100.123894
119.449669
201.091034
217.316589
441.556885
405.818604
189.214798
102.038925
102.971161
148.382889
176.199341
146.137924
118.227432
107.670151
126.850456
129.853287
112.136223
102.878403
102.313065
101.153137
113.27433
113.145622
96.0458069
115.975464
87.9238815
56.2354584
43.1339378
40.1945572
140.720856
155.669464
101.537323
61.4245148
46.0539398
42.1861038
43.3839569
42.1381607
40.7094154
40.6815948
40.9007835
55.3254166
55.1167717
45.4132233
42.7241173
85.3920441
84.3654099
53.6636276
40.1289978
43.4233818
98.5909271
103.273209
63.5981789
47.5378113
105.846672
106.851784
104.499596
141.745911
185.424637
167.003494
140.816681
151.717529
382.915833
426.587952
277.968292
192.139771
145.945541
109.875343
100.192276
100.354973
101.616966
101.828461
100.314034
100.285538
100.188187
100.142502
100.14164
100.55751
117.996796
118.206261
111.493027
141.394226
135.60466
139.305603
