0.0
0.0
0.0
0.0
0.0
0.0
0.0
0.0
0.0
0.0
0.0
0.0
0.0
0.0
0.0
0.0
0.0
0.0
0.0
0.0
0.0
0.0
0.0
0.0
0.0
0.0
0.0
0.0
0.0
0.0
0.0
0.0
0.0
0.0
0.0
0.0
0.0
0.0
0.0
0.0
0.0
0.0
0.0
0.0
0.0
0.0
0.00312364008
0.00312364008
0.00312364008
0.00312364008
0.00312364008
0.00312364008
0.00312364008
0.00312364008
0.00312364008
0.00312364008
0.00312364008
0.00312364008
0.00312364008
0.00312364008
0.0
0.0
0.0
0.0
0.0
0.0
0.0
0.0
0.0
0.0
0.0
0.0
0.0
0.0
0.0
0.0
0.0
0.0
0.0
0.0
0.0
0.0
0.0
0.0
0.0
0.0
0.0
0.0
0.0
0.0
0.0
0.00312364008
0.00312364008
0.196843728
28.4314384
41.0353317
54.4298134
35.1917572
12.0112066
10.0015631
2.20639992
0.00312372856
0.00312364008
0.00312364008
0.00312364008
0.00312364008
0.00312364008
0.00312364008
0.00312364008
2.57232857
7.97272253
5.41808271
1.64956796
0.00312364055
0.00312364008
0.00312364008
0.00312364008
0.00312364008
0.00312364008
1.23523247
0.885362744
0.391761541
0.196187258
0.05850913
0.00312364008
9.54189777
9.8868618
2.97618675
0.00312364055
0.00312364008
0.00892522093
0.00496668881
0.00312364008
0.00312364008
0.00312364008
0.00312364008
0.00312364008
0.204803616
0.444458455
0.127924368
0.0823861063
0.288632423
0.0860232189
0.212258801
0.451710939
0.679724813
0.785303056
1.93583441
2.00236869
7.95227814
7.90527391
2.40663195
0.0
0.0
24.3571911
25.0995598
14.5402679
20.7263298
11.7653532
2.5716908
11.1152477
30.2039375
18.9510345
16.9749088
11.1974316
1.44807446
0.0242468938
0.0
0.0
0.0
23.2913761
79.0591888
79.216217
34.3633041
10.3688278
31.0448246
17.6998711
10.5800076
4.31152964
0.0
0.0
0.0
0.000823863025
0.0850862712
0.462715685
3.0498054
5.5458045
10.7503862
33.3916779
14.138648
9.9159956
6.13081884
0.0
0.0
0.0
0.0
0.0
0.0
0.0
4.50914192
3.63426232
0.944832742
0.174562946
44.7072792
57.0247955
59.1480408
108772.312
130.272491
120.857521
111.003479
103.417938
100.67955
100.140663
99.9615021
100.381577
100.592979
100.090996
99.9187775
99.9187012
99.9190063
108.266548
136.228058
156.649582
139.467438
196.415924
188.392715
162.048248
149.304001
131.695129
110.76651
107.014748
105.58696
102.028198
100.222771
100.056641
100.020851
114.559166
113.551476
103.716026
100.868568
101.254486
100.276657
99.9577713
99.9391937
100.035591
40.0359116
41.8427658
41.4851608
46.9739571
47.6807175
44.7506561
54.6824608
100.748978
182.81012
175.313477
97.37854
49.3900795
116.683441
138.009705
92.8427887
54.6330452
51.876873
49.2285156
42.9499054
40.0770149
40.0793533
40.0811653
40.0827675
42.1509628
131.379395
145.324677
83.416275
50.3980408
44.6581345
41.5493088
100.101372
100.103294
100.105133
100.106628
100.107903
100.504463
128.245544
125.709915
107.20652
116.042603
119.308418
114.49485
106.726318
101.280205
166.828812
162.832001
118.919807
101.770912
100.853821
100.18541
100.127953
158.65625
158.074615
112.554153
98.8826752
149.835602
161.410156
109.518318
104.694252
100.536987
74.7017288
100.168259
100.149673
100.14772
100.142693
102.035187
111.304153
195.319046
216.189682
152.03334
109.529442
100.135368
100.115623
100.108604
100.090919
100.083473
187.246841
167.583755
21.9587135
241.064346
247.745346
155.860947
107.047005
100.009697
100.018784
100.012184
111.994865
166.853912
144.32222
111.917618
99.9870682
50.0352554
50.0014
53.0052834
78.1450958
159.4375
153.397705
85.0741272
233.237946
157.061707
80.3597336
49.9237328
49.9586182
103.912666
136.086975
162.991272
111.624588
232.297546
331.588074
344.213928
315.51355
194.401733
87.8880005
53.8421059
49.9177055
49.920208
49.9597778
50.0003662
49.9700127
49.9374046
49.9716263
102.019424
170.706726
189.550446
138.068558
184.36969
159.520752
119.886696
101.904213
124.701797
61.20858
57.0472641
101.070641
50.5235634
50.7772942
50.1272125
50.1192703
50.1210861
50.1301346
50.1390419
50.1474609
50.155468
50.162899
50.1701851
50.1779099
50.1859398
50.5322266
50.2083473
50.2081223
50.2123985
50.2158127
50.2185593
50.1797752
50.20784
50.1947517
50.2030945
50.2281914
50.6163406
51.0537338
50.3622704
50.2982864
50.2299042
53.2792625
51.5392799
53.2886887
51.3878174
50.5679016
51.4803963
51.5477333
50.5549278
50.3394928
50.2277374
50.2276001
50.227562
50.2270851
50.2267036
50.2264824
50.2264633
52.7315369
51.3375511
50.640316
50.1481247
50.1156273
50.1156502
50.1156464
50.11549
50.1155586
50.1154556
50.1153297
50.1154213
51.3308029
50.7864342
50.9366684
50.1536407
50.1293869
50.1152077
56.3158836
70.5900574
61.4128342
53.6091537
50.135479
89.6539917
123.105286
89.0933762
60.0803909
50.1132889
51.4079857
51.4384117
52.9201736
50.9151344
51.1907768
50.234951
80.2193985
80.5275269
80.2135925
80.2132111
80.2127151
80.2122116
80.2117004
80.2110367
80.2104721
80.2098083
80.2092285
80.2086334
80.2080536
80.2076035
80.2070007
80.2062759
80.2058029
86.092392
52.1984367
124.6362
105.318596
117.200928
267.575562
226.623734
130.89743
144.848953
100.139854
80.8336411
80.2022781
80.2021408
100.278984
100.514542
100.296173
100.200798
100.200462
100.362442
100.790337
100.423836
100.213585
50.1984291
50.1978989
50.1973534
50.2327614
51.2302322
157.097992
273.8479
303.936676
376.258698
488.773346
329.276367
244.204575
161.163513
119.167
113.860245
194.613159
242.901215
189.88736
126.045212
102.906013
101.668213
100.601128
60.1606445
60.1764755
116.838799
106.631958
74.5813751
60.1774483
150.497925
286.791016
204.978882
97.9107513
60.2541847
60.1615829
60.1771851
60.1772346
60.1772194
60.1772537
97.3477554
263.270538
458.675476
360.964111
194.450546
104.418747
103.886505
374.959625
437.334778
248.484634
161.393402
105.178261
73.7980194
60.1616478
70.1615143
70.1614532
70.1613846
70.1613083
70.161232
70.1611481
70.1610641
70.1609726
70.1608734
70.1607666
70.1606522
70.1607208
70.1761322
70.160347
70.1601639
70.160202
70.1758728
76.0554352
74.9137344
71.3820801
70.1591492
70.1590805
170.372253
197.113892
130.571594
81.0352554
73.7113647
92.2170334
109.023537
92.1141891
75.82341
51.1236763
50.4883232
50.2506485
50.192749
50.155899
50.155632
50.1553917
50.1553421
50.2825661
50.796257
50.9789047
50.3523026
106.197617
92.1912918
62.5434608
50.6617966
53.12854
188.452789
189.087921
106.40136
58.2040138
50.1504707
50.1503601
54.5641556
54.0481033
51.1356087
50.1489677
51.2597923
51.7429314
52.3057442
67.3371735
51.2811127
87.4824829
84.8556213
352.612976
258.674103
286.407196
277.151459
217.858154
158.502625
91.9725571
58.6602325
424.31012
727.524658
483.289246
145.348389
40.2436409
40.2436409
40.2436409
40.2436409
40.2436409
40.2436409
40.2436409
46.8732834
123.154503
322.513367
334.428192
447.674896
487.102875
312.622101
156.810776
627.50531
722.247314
399.264496
158.738708
177.05159
449.227295
427.97583
209.362564
157.137314
148.110046
112.285767
100.243645
100.243645
100.243645
100.243645
100.243645
100.243645
100.243645
100.243645
100.243645
100.243645
100.243645
119.658966
139.428329
123.916382
104.617195
100.243645
100.243645
100.243645
102.629227
106.357811
102.133476
100.863686
102.245758
101.725883
100.724014
100.27536
100.20401
100.19426
114.588974
107.833191
102.513344
100.607948
100.194702
321.909576
319.425873
166.554993
110.709801
105.12809
101.73851
100.103577
100.098099
100.087303
104.722801
102.585213
100.982162
100.0261
99.987236
99.971077
99.9608078
112.647812
55.7073059
51.7989769
50.0440483
50.037693
49.9994774
49.9617081
49.9535332
49.947403
49.9418945
51.0422096
117.886337
106.112587
66.8227463
49.9697342
49.9561615
49.9523506
49.9146957
49.9124947
49.9116936
49.9113312
49.9114761
49.9121132
49.9131966
49.9146423
49.9165421
49.9189339
49.9217491
49.9250793
49.9291878
83.6091461
123.505165
107.905205
100.203781
100.008636
100.015167
100.049408
126.10833
117.166321
105.40361
100.069794
100.061073
100.068336
100.076874
100.085197
100.092705
100.09938
100.105873
100.112518
100.119514
50.1325378
50.131237
50.1354218
50.1398125
50.1444473
50.1494789
51.0663071
50.2902145
50.232357
50.1693954
50.1750641
50.1809959
50.1707191
50.1800346
50.1896248
50.2008362
50.1855583
50.2118912
50.213665
50.213562
50.2132492
50.2128372
50.2125893
50.2124519
50.21241
50.2123108
50.2117386
50.2113914
50.2112045
50.2111626
50.2106705
50.2101822
50.2099495
50.2099113
50.2978935
68.1652908
62.3597717
54.0989609
50.2083092
50.2079391
50.0904694
100.090118
100.089912
50.089592
50.0896187
50.0893974
50.08918
50.0891762
50.0889244
50.0887718
50.0887184
50.0870285
50.0840569
50.0831795
50.0826836
50.0823898
50.0823364
50.0817795
50.0814323
50.0811348
50.0811272
50.0820007
50.4042702
50.0859184
50.1063538
50.0804405
50.0805931
52.5380135
52.2518654
50.7808876
50.2351418
50.1930389
80.1926727
80.1917114
80.1912689
80.7985306
80.1993713
80.1891403
80.18853
80.1877289
80.1870041
80.1864243
80.1856155
89.4813538
85.9925079
130.501724
117.723625
91.8553314
80.1815186
80.1810989
80.1802902
82.4535217
84.0511169
82.0872345
80.7011566
80.1770706
90.5164719
12.8647242
78.9017258
82.948494
81.5806503
80.6738968
53.9211197
53.5559235
53.7693138
52.7891502
51.8405991
55.5695572
60.0652847
99.5350189
90.6851578
112.723846
342.942413
478.059631
293.367706
102.531898
54.2660103
104.676041
52.7568016
52.1293716
50.7487106
50.2129402
50.2146072
50.2157211
50.2167282
50.2171974
50.2175865
50.2409973
50.3590965
57.3652992
57.6602707
52.9056282
50.3044968
60.1496887
60.1327324
60.6202469
61.394783
62.1076775
77.8617554
82.3819351
73.293045
64.0882034
60.8234024
67.417038
64.4132156
61.4431534
110.53064
125.047127
148.663818
169.45108
170.383163
228.71936
187.144028
126.670654
79.6109619
66.2948151
140.735428
335.797699
228.495422
106.78331
65.4370728
62.7577934
61.2117691
16189.8545
111.376686
126.511742
115.708519
103.983955
100.159065
102.270355
102.34977
100.900101
100.915367
100.774139
100.317123
100.220779
100.17556
100.16156
100.158348
121.021294
127.41436
120.268593
107.656021
101.496292
100.246857
113.566269
115.046478
107.481369
101.687866
108.187614
251.326584
283.540314
186.278885
120.821159
101.90519
100.300209
100.155685
101.628555
101.843826
100.579796
100.154762
100.154472
100.153931
100.153404
106.526413
104.55954
101.24649
100.151939
100.169319
102.572624
102.291542
109.418472
144.743454
177.759735
157.94725
181.368256
194.659119
143.381638
124.432587
143.703735
199.264297
177.812485
129.906403
186.901611
152.177536
54.9625359
40.5749397
40.9908447
40.7885666
40.4631271
40.2434845
40.2434845
40.2435875
40.2435417
40.2434845
77.9830322
191.06575
530.901733
367.415222
217.750961
288.226379
190.105255
77.58741
40.2436409
40.2436409
40.2436409
40.2436409
40.2436409
308.460907
273.067078
123.362755
58.8829041
48.6001091
70.446312
72.5478058
115.827103
104.865204
103.668808
102.775169
154.944748
147.178329
160.403564
141.609283
110.477486
100.243645
156.743042
261.592682
277.562134
182.411331
113.917183
100.243645
100.243645
100.243645
110.632492
137.601212
126.681412
105.725243
176.816116
275.33197
218.52475
232.790237
257.305481
183.354568
194.091034
170.374146
119.485954
101.092957
100.59288
100.242256
100.233429
114.8396
107.186966
102.290771
164.55983
199.694489
318.277649
253.727219
142.854919
101.11628
100.28363
100.135887
100.135132
100.130432
100.111916
100.100433
100.095177
100.540009
100.11039
100.090645
144.582703
178.445023
143.320648
109.867615
106.243805
103.218445
101.1334
50.0042725
49.99123
49.9827423
49.9747314
49.9672089
49.9602699
49.986824
131.998154
349.52356
308.490509
134.598572
58.5298958
84.7796402
988.294495
1190.00781
604.659363
144.873947
50.0034485
100.397308
100.005051
99.9624329
99.9160156
49.913826
49.9153252
49.9173431
49.919899
49.9229317
49.9264374
49.9304237
49.9349899
106.681183
247.719925
535.532715
527.205322
280.235474
129.888245
100.062195
100.043182
100.844666
100.162224
100.11779
100.079002
100.08625
100.095474
100.105103
100.113884
100.123001
100.132484
100.141731
100.150375
100.158661
100.16642
100.180824
100.188271
100.187775
100.195343
100.202049
100.211052
100.216644
100.220314
100.226776
100.186531
100.195999
100.224915
100.230278
100.21936
109.204323
103.68988
101.422798
103.319778
101.202415
105.121017
108.990448
113.035858
63.4304733
65.1824188
56.1821404
51.8267822
100.235367
50.2352753
53.2369652
51.1931152
50.6466293
50.2346077
50.2344704
50.4634056
50.2339821
55.861927
52.2654228
56.4216385
108.540756
106.446205
108.398499
120.169647
112.198143
103.735725
114.229286
118.587799
127.564384
113.554161
104.099655
100.125336
102.292107
102.281601
100.680168
100.25148
100.123909
101.011917
100.195274
100.142006
100.145538
106.265991
102.449608
100.996704
101.177208
135.230255
101.200897
168.392517
236.210831
209.236877
111.246971
93.9234314
80.445015
80.2273254
80.2274017
80.2272873
80.2272339
80.2272491
80.8635559
80.2267838
80.2267838
80.2264023
80.2261887
80.2260208
80.2255249
80.2252579
80.2249451
80.2245483
80.2240601
80.2236176
80.2229919
80.2226257
80.2223282
138.434402
187.172928
170.191406
127.258232
277.03064
272.649719
225.427322
150.526031
127.769073
103.984749
100.4533
100.646332
100.354446
100.231796
100.231789
101.263313
101.801949
100.779266
100.259262
100.231949
100.231941
100.231804
100.231644
100.231506
100.231232
100.231155
100.230904
100.230484
100.230278
100.229965
102.760742
143.497726
148.056808
141.891281
122.494362
106.35527
135.18811
256.708862
320.532654
190.220673
94.4704132
63.3305283
60.5600662
60.1645393
60.3874397
60.5320435
60.3070641
65.3779144
99.615303
115.497955
98.6953888
72.353447
62.1823349
60.1495705
60.1495781
60.149353
60.1491508
60.1494331
60.7150421
60.3963203
60.2300339
60.1640854
60.2102623
60.1712265
60.1632843
60.1464081
60.1458015
60.2039337
60.4781265
30172.9043
124.134293
114.822136
103.994118
100.158424
143.191269
131.250671
109.749329
100.141449
104.076744
103.045456
101.494225
110.114166
107.01091
102.23893
238.825317
203.094116
491.128906
464.386658
534.90625
331.089142
179.26503
254.382629
209.429535
134.633362
104.327866
102.30999
100.613708
105.639832
104.20536
120.64473
369.084137
618.212097
552.791321
621.976074
417.46991
361.889801
261.32312
100.172264
149.285095
145.039749
113.78595
108.404366
125.184601
118.148277
116.086731
110.830879
102.968063
100.152466
100.152336
100.169678
100.151642
100.151428
126.375404
199.080505
174.47937
119.938766
120.066872
237.627228
594.009521
553.886658
274.373749
121.091476
100.243645
152.520737
198.075348
160.896164
174.167282
205.425919
223.53125
183.934906
129.333923
103.963974
115.678833
121.812126
110.9123
102.19606
100.243645
100.243645
100.243645
100.243645
100.243645
100.243645
100.243645
40.2436409
100.243645
40.2436409
40.2436409
40.2436409
40.2436409
45.760849
105.743416
102.90477
100.626434
100.311798
100.243645
100.277458
100.254387
100.243645
100.243645
100.243645
101.742508
103.606514
102.340149
100.434479
100.243645
100.584305
100.351868
100.243645
100.243645
101.995605
103.567757
101.995781
140.04686
139.85939
116.906715
184.527252
259.432678
400.010406
396.884644
230.691208
120.048897
100.243645
100.235367
100.228615
100.230042
100.239136
100.202637
100.213516
100.202568
100.191833
100.199493
174.275543
353.330872
496.213623
402.767456
209.146744
116.99276
100.144562
100.248955
100.130188
100.099266
100.095711
143.737793
252.16861
422.953552
430.059875
265.469635
136.759384
102.834763
100.000046
99.9611206
99.9777451
54.7910271
52.5939369
141.791595
671.610229
564.890869
206.580002
52.1538963
102.716469
100.032852
100.0
99.9647064
99.9276657
49.9238434
49.9206161
49.9180412
50.7186737
49.9685287
49.9226837
49.91185
49.9114761
49.9116249
49.9122581
49.9135208
49.9533501
49.9930992
74.4890137
94.1016312
72.8703537
72.507309
99.9948273
100.008659
164.75943
182.382996
135.247681
106.195679
100.051147
120.348358
109.757317
103.146454
100.057777
100.066589
100.07576
100.084915
100.110008
100.10894
100.110939
100.119286
100.128036
100.136742
108.998451
102.98204
101.107582
100.165947
100.171837
100.18029
100.189789
100.190605
100.189308
100.197769
100.211456
100.205666
100.265083
50.198967
50.2090721
50.2171173
50.2217026
50.2249031
50.2246895
53.7561569
51.1279221
50.5823212
50.2236938
50.2236557
50.2234421
50.2230682
50.2227745
50.2227173
50.2224998
50.2222824
50.2218781
50.2216606
50.2214851
50.2212524
50.221035
50.220623
50.2202759
50.2202187
50.2198868
50.2193756
50.2192802
100.107452
104.816528
103.450378
101.189873
100.316841
100.127991
100.103447
100.10334
163.384216
149.609665
115.958893
100.104813
100.104912
100.104927
100.10482
100.104691
100.105057
100.127327
100.105125
77.6846771
68.4937057
56.1773224
50.1048012
50.1047974
50.1051025
57.6571655
53.4699287
51.2848587
51.6619263
50.4189224
50.2472115
80.207428
80.2071915
80.2063522
81.4131546
80.3643494
80.2644119
80.2643661
86.9295197
106.62677
159.92395
276.711975
331.17688
266.452637
156.644714
102.763702
84.0546112
81.4873734
80.2034531
80.2034683
80.203392
96.350441
90.5643921
83.7932129
80.2027512
80.2024841
81.3630142
80.2235489
80.2013626
80.2008514
80.200325
100.199844
100.199326
100.198738
131.514175
127.236
108.682922
100.217949
100.196609
100.195969
100.195641
100.194916
100.194534
100.193977
102.55101
134.512863
145.183411
123.533211
147.650879
154.172791
157.457489
146.358826
191.205719
163.483429
124.901978
104.267769
100.191734
82.6399689
478.966705
748.480957
659.56488
349.625427
120.466736
65.449501
60.5448151
60.1773949
60.1616974
60.1610222
60.1610413
60.1612663
60.1776352
60.1777763
108.515045
96.2789383
71.4130707
60.1615944
60.2248116
60.1689682
75.6159439
68.6739731
62.8579826
60.1614265
60.1614265
60.1616516
96.4312668
84.4833069
67.7642212
62.3244476
237.580505
194.670883
103.831184
61.801754
143.132965
279.159851
267.293091
286.2677
180.576813
98.9754639
70.1609879
70.1610641
70.1763916
70.1605606
70.160202
70.1599731
70.1598053
70.159668
70.1597748
71.3408661
71.3297653
70.506897
95.698616
89.9431839
75.9520645
70.1587219
70.1746063
70.1581726
70.157959
70.1577759
70.1578217
70.1740036
70.1573181
70.1569977
70.1570129
11.2113152
41.835968
50.5549469
50.1557655
50.1557693
63.4368668
60.0576096
53.3915634
53.9145088
53.0253563
50.8446274
63.2646255
136.120407
156.911102
100.988724
60.2184906
50.1522141
50.1520424
52.0125961
81.7663879
80.3281021
62.4921989
58.1005783
54.8615341
51.3502274
50.1489372
88.7370911
78.3677139
169.325546
122.712975
72.431427
40.7790833
40.2431412
40.2431793
40.2431793
40.2430573
40.2430229
40.2429199
40.2428665
40.2428665
74.5727921
65.7324142
48.484211
40.8926315
49.6688309
173.162933
172.471054
93.6324692
48.0415497
40.506321
40.2427101
40.3002243
40.4942894
40.3777771
40.752655
40.7447853
40.4611092
40.2427101
40.2427101
40.2427101
40.2427101
40.2427101
40.2427101
40.2427101
41.1687241
42.3608246
41.559761
40.3566284
40.2423973
53.9434357
71.2648315
65.3258514
49.3175087
41.1918144
40.241806
40.2416725
40.2416153
40.2416153
40.2416153
40.241375
40.2413025
40.2412033
44.1866646
45.5132217
42.6651192
40.4327927
40.2408333
40.4233437
42.3198662
42.0405312
40.4031029
40.2327881
26970.0645
100.238945
122.515167
163.468292
140.76506
110.565392
100.185539
100.181801
100.18132
100.16806
102.381943
100.998634
100.427162
100.130569
100.1222
100.113441
100.87941
100.278275
100.18116
100.09655
100.092033
100.078979
100.03949
100.027122
108.846855
103.920105
101.0849
99.9580078
99.9748459
99.9646683
49.9899521
50.0438271
50.0383072
50.7176399
55.80159
57.2779694
69.2651596
75.2037659
106.065094
82.8043213
58.8360023
49.9137459
49.9092331
49.9050255
49.9005318
49.8970451
49.8944626
49.9339142
49.9345665
49.89254
49.9269562
49.9266319
49.8873329
49.8854713
49.9227066
49.9597015
49.9238892
49.8882561
49.8888969
53.6335678
50.9138603
50.2477913
60.1978836
105.631912
123.990265
84.4012604
57.4053574
50.0431557
50.0181465
50.0171127
50.0198402
49.9974861
49.9978828
50.0029373
50.0270767
50.0343323
50.023365
50.0293198
50.0372925
50.0454063
50.0543175
50.0639992
50.0736046
50.0915794
50.1040344
50.1023521
50.10289
50.9746475
50.2186737
50.1725006
50.1315727
50.137619
50.1289825
50.1530991
50.1584511
50.1483879
50.1789474
50.1817932
50.1846542
50.1850014
50.1847115
50.1842384
50.1840286
50.1838493
50.1837349
50.1835365
50.1830521
50.182663
50.1824493
50.1824303
50.1821938
50.1815262
50.1812172
50.1810417
50.1806717
50.1805534
50.1799622
50.1796417
50.1793594
50.1792068
50.0652847
50.0652771
50.0651131
50.0651741
50.0648918
50.0645218
50.064064
50.0636253
50.0620232
50.0605431
50.060482
50.0601654
50.0599327
50.0599403
50.0597076
50.0593376
50.059185
50.0590057
50.0586166
50.0584679
50.058239
50.0588341
63.4295654
58.9011574
52.9061813
50.2784462
50.0599976
50.0818253
50.1096687
50.0583153
50.0581436
23.2574768
78.149437
82.7961731
80.1631927
80.1628494
80.1618805
80.2419662
80.160614
80.1600494
80.1592102
80.1586456
80.1578064
80.1568451
80.1560287
80.1552887
80.1544495
80.1536255
80.1528702
80.1520309
80.414299
80.1523285
80.1497421
80.1489029
80.5813904
89.4302444
88.2624817
83.2437057
80.4759827
134.062195
126.407295
114.475769
100.142151
100.141426
101.202751
101.383011
100.493507
100.138557
100.13813
100.152145
100.141335
100.135925
100.135086
101.970543
143.97084
177.77063
166.25058
128.888229
105.511299
100.130806
50.1302071
54.4896889
90.8667603
98.5932083
72.3331909
53.5321007
50.1299591
53.6023331
53.9999542
51.2601051
50.1238899
50.1230583
60.0360451
67.65065
78.6622543
128.971786
167.788666
131.243576
115.028778
177.337708
234.562408
170.36586
89.0552902
61.6397705
60.0473938
68.2561646
86.7949371
84.587532
89.92556
76.4405975
64.6196976
133.58049
155.986572
105.607803
68.2711716
60.1058235
90.9727478
125.288101
167.270538
247.360138
233.920456
133.753616
22690.9062
117.816856
114.272072
107.914772
121.088394
114.96582
104.29509
100.190582
100.135345
102.524193
106.029984
110.037209
172.999176
162.760269
256.334381
211.105316
185.764618
223.747284
283.996155
191.667923
121.953453
100.143509
100.161362
100.146942
158.682022
159.439743
255.222153
287.535156
254.875946
164.693161
114.361336
224.657227
234.591614
160.074661
111.918892
101.544418
101.420067
100.786766
100.544823
100.238853
100.155304
129.573563
209.503342
203.149719
373.672913
262.230316
144.44931
103.313202
104.149185
170.365402
191.314133
148.792343
122.587883
109.643517
141.432968
136.364243
113.794846
104.000931
103.063438
101.677704
121.562149
116.577011
114.366455
124.838989
92.5770569
57.5083885
43.5104408
40.3168755
144.673782
144.104553
103.973282
64.438942
46.9962349
43.6300697
105.355247
43.0873909
41.026844
41.1715202
101.426109
62.7797165
59.3232536
46.6663742
104.069374
92.6960983
84.6631851
53.1981468
100.243645
105.273941
102.960419
101.262337
122.548248
110.226906
107.571846
109.509705
105.543442
147.111725
184.702881
163.422623
143.693512
157.704086
313.920776
345.751526
266.227112
217.782135
156.767838
111.610817
100.323914
100.703079
103.319458
103.582237
100.573685
100.537079
100.336861
100.243645
100.243645
101.090492
129.545822
127.060448
117.512405
155.11261
142.551361
151.7043
