0.0
0.0
0.0
0.0
0.0
0.0
0.0
0.0
0.0
0.0
0.0
0.0
0.0
0.0
0.0
0.0
0.0
0.0
0.0
0.0
0.0
0.0
0.0
0.0
0.0
0.0
0.0
0.0
0.0
0.0
0.0
0.0
0.0
0.0
0.0
0.0
0.0
0.0
0.0
0.0
0.0
0.0
0.0
0.0
0.0
0.0
0.0
0.0
0.0
0.0
0.0
0.0
0.0
0.0
0.0
0.0
0.0
0.0
0.0
0.0
0.0
0.0
0.0
0.0
0.0
0.0
0.0
0.0
0.0
0.0
0.0
0.0
0.0
0.0
0.0
0.0
0.0
0.0
0.0
0.0
0.0
0.0
0.0
0.0
0.0
0.0
0.0
0.0
0.0
0.0
0.0
0.0
0.0
0.0816723108
142.09523
279.409271
326.038361
198.889771
61.1361351
10.0008287
31444.0469
100.011475
100.011604
100.011612
100.011719
100.011749
100.011742
100.011726
100.011932
108.702118
133.235428
123.176857
107.278793
100.014702
100.014854
100.014839
100.014832
100.01545
100.016029
104.811287
103.507645
101.560974
100.718872
100.231407
100.017418
150.292023
150.448898
115.60907
100.019485
100.02124
100.046127
100.027519
100.019653
100.01976
100.019775
100.019768
100.019981
100.77462
101.701607
100.494247
100.322289
101.113174
100.337593
100.771133
101.735138
102.402641
103.068184
107.019363
108.141701
138.118988
141.244812
112.385559
100.174355
60.1671104
232.223938
280.276093
157.736359
127.594299
102.534195
72.8883133
112.890923
222.021454
202.014435
131.81871
83.5046997
66.2350922
60.4520073
60.0550995
60.0535088
60.0522423
177.990936
544.831787
547.917175
244.639908
83.0146484
151.017166
150.036819
90.9744492
62.3255997
60.0608864
60.0589104
60.0571442
60.2117577
70.4370651
71.4114761
78.3528214
86.7960052
105.831009
205.39566
187.595413
102.784904
70.0601654
70.0588379
70.0576782
70.0562668
70.0551147
70.0540237
70.0524673
70.1491928
82.5074005
82.1071777
73.4382629
70.7548828
284.037018
415.120148
345.837402
237.893417
177.774933
139.659164
105.909714
81.1240311
72.1120377
70.6419525
70.1863174
51.1213493
51.8887215
50.5477219
50.0678101
50.0664749
10.0348902
61.032505
130.128098
275.592102
213.282532
427.030518
427.808014
263.315186
189.019028
188.601425
129.144043
114.906158
112.496681
104.797562
100.673706
100.336868
100.219017
132.862854
83.7340927
59.6734276
101.961052
52.9175491
50.828598
50.0861397
50.0850868
50.0844536
40.0823402
43.5598068
43.162693
55.9346313
59.1965141
52.2245369
79.956459
260.111084
590.963074
545.203125
237.775543
67.1932526
271.591949
330.309479
181.322189
72.2735901
62.6665344
58.0945816
45.8439293
40.082119
40.0797768
40.0766602
40.0740318
43.56744
334.675995
377.736664
170.266525
61.2431564
48.6290474
42.8197899
100.074524
100.072166
100.070145
100.067566
100.065216
100.75135
166.564651
165.233505
117.741013
135.421051
145.087006
132.677353
115.342392
102.749786
304.615387
306.972931
161.209808
103.121376
101.424507
100.179085
100.067802
273.756073
443.320435
318.800507
241.884857
322.859985
290.203156
169.828613
109.006416
100.635544
100.132172
100.087601
100.086205
100.084656
100.083344
102.317055
117.057304
342.548523
401.219177
236.541245
122.053154
100.126122
100.109642
100.088455
100.087669
100.086327
288.87616
277.657227
156.474106
408.593018
454.176575
235.51329
113.890381
100.100006
100.099251
100.09819
113.039299
204.696945
186.456528
125.499542
100.101791
50.1001053
50.0967064
52.7436218
86.4230194
253.09613
260.604584
129.724701
353.23822
323.795532
133.096207
50.0914307
50.088913
119.349701
174.892502
222.609726
162.734451
340.737305
610.556152
630.502136
529.319946
945.594788
774.3573
518.575806
271.950867
100.101028
100.098267
100.095711
100.093178
100.090324
100.088394
101.353043
194.308762
231.040298
163.490967
212.832336
198.339081
133.296417
102.512032
127.19606
115.786354
107.604469
101.362411
100.651878
100.495392
100.088104
100.083221
100.077423
100.076317
100.075081
100.073875
100.072464
100.071121
100.07003
100.068359
100.069923
100.290535
100.069038
100.064445
100.063507
100.062576
100.061958
100.061012
100.060501
100.05986
100.05983
100.058411
100.340393
100.68383
100.236855
100.146339
50.0562553
52.9816513
51.6771851
53.5168419
51.7017136
50.6556587
51.3218193
51.6215324
50.7388649
50.2900124
50.0521355
50.0520058
50.0541382
50.0536804
50.0525818
50.0522881
50.0499802
52.8812561
51.8785706
51.0405426
100.12291
100.047569
100.047577
100.047462
100.047417
100.047394
100.047386
100.047211
100.047203
101.453735
100.981216
101.116806
85.121582
50.0811386
50.0469704
59.2584877
97.4217682
82.2065964
60.8968048
50.0536499
190.604691
342.638794
248.461044
100.064087
50.0665741
101.590775
51.8782196
54.3779907
52.438076
51.8466797
50.1186218
80.0683289
80.3321991
80.057251
80.0512695
80.0498199
80.0484619
80.0477219
80.0470123
80.0463562
80.0458679
80.0453415
80.0463638
80.0493622
80.0475693
80.0441132
80.0475922
80.0470963
91.8093796
275.082642
335.222412
210.175095
221.137939
861.997559
830.308899
545.975037
313.959686
152.234894
81.4866867
80.0653763
80.0624313
100.216583
100.670639
100.235756
100.054337
100.052361
100.381393
101.236656
100.471451
100.072456
100.046043
100.045464
100.046471
100.105118
101.800682
494.356689
956.697754
983.530396
984.567871
1127.12012
779.069519
375.875977
571.361755
841.889404
350.534973
271.375122
349.372955
269.849762
263.581635
231.726791
170.379303
100.51104
100.074394
100.071396
189.508545
178.249954
123.659004
100.066681
265.350586
531.851929
415.752441
252.541595
281.360657
254.955109
109.350166
100.059929
100.058105
100.055992
147.072922
455.511383
840.232666
684.277893
829.4552
708.613831
703.819702
708.988098
667.116333
662.74939
690.675903
665.154297
360.230499
119.718712
100.07193
100.07032
100.068817
100.067223
100.065582
100.064209
100.062752
100.061501
100.060028
100.059349
100.058083
100.057365
100.055771
100.056183
100.054916
100.054329
100.053642
105.078194
104.605125
101.209297
100.05204
100.051514
269.347137
338.315216
221.334564
121.222313
104.224525
126.67823
153.95372
137.023056
109.58387
101.454376
100.509827
100.19442
100.09185
100.063805
100.062477
100.061401
100.06073
100.186005
100.808052
101.135941
100.328102
186.581009
189.282532
126.510704
100.872307
103.846146
363.611908
422.619354
235.561539
116.387283
100.074249
100.073425
104.867348
105.502258
101.480087
100.069839
101.439308
102.282402
102.800095
120.389565
58.4053421
112.542557
124.112885
643.989258
632.940857
503.320221
455.471741
322.916931
254.737198
168.588806
120.650864
609.476562
1036.92725
913.669556
1064.85767
1074.87207
611.53186
176.00415
100.082962
100.080338
100.078011
100.074997
105.250938
198.157257
495.946472
497.408173
546.406372
788.587952
769.996399
689.854492
1050.72559
900.283508
722.475037
696.672302
703.989807
622.092041
402.637573
376.443756
382.467041
360.204498
143.332123
100.110573
100.108688
100.106308
100.104279
100.102409
100.100449
100.098541
100.096581
100.095085
100.093567
100.091843
116.330612
136.585999
123.457703
104.445488
100.087303
100.085915
100.084732
102.076065
105.40284
101.696075
100.605087
101.906517
101.430984
100.505463
100.128731
100.072784
100.071556
113.973228
107.351204
102.354591
100.508362
100.091431
488.727905
480.597504
215.263168
109.343124
104.347519
101.47628
100.074905
100.073929
100.073074
103.893631
102.06855
100.80262
100.070259
100.066399
100.065697
100.064667
111.300461
54.9185715
51.577343
50.0631981
50.0611954
50.0593796
50.0569305
50.0557938
50.054985
50.0543709
50.9917336
156.140762
133.815247
75.2922592
50.0593719
50.0579262
50.0570717
50.0554771
50.0544205
50.0533791
50.0526619
50.0516624
50.0509071
50.0501823
50.0494232
50.0487099
50.04842
50.0476646
50.0472221
50.0468483
102.317017
137.746368
112.919319
100.452377
100.051346
100.050926
100.050667
148.807236
135.461319
110.973785
100.055122
100.053368
100.052193
50.0513229
50.0505905
50.0499268
50.049118
50.0486565
50.0480995
50.0475502
50.0473137
50.0472221
50.0466843
50.046257
50.0459251
50.0455894
50.8734818
50.2692032
50.1680756
50.044117
50.0439911
50.0435448
50.0419693
50.0417938
50.0417633
50.0416183
50.0426064
50.0424385
50.0413551
50.0411606
50.0411034
50.0411606
50.0408096
50.0406113
50.0404129
50.0400543
50.0397453
50.0396347
50.0393219
50.0392265
50.0389786
50.0388718
50.0387688
50.0386276
50.12537
92.0956955
81.080162
60.1165276
50.0444183
50.0445366
50.0401688
50.0399551
50.0397797
50.0395164
50.0391731
50.0390205
50.038765
50.0385056
50.0384598
50.038372
50.0381927
50.0378647
50.0372353
50.0369492
50.036911
50.0368805
50.0368462
50.0368195
50.0367928
50.0370102
50.0366859
50.036911
50.4558868
50.0532722
50.0397148
50.0393829
50.0369072
54.8139305
55.1582603
52.2044792
50.5437355
50.0377121
80.0372925
80.0370483
80.0369339
81.0931396
80.0785446
10.011632
70.0594788
80.0405884
80.040657
80.0376663
80.0376129
105.821693
97.8218765
376.311707
349.155487
85.6568527
80.0526428
80.0485001
80.0450363
86.333107
92.9238892
87.7269287
82.2035294
80.0481949
121.908257
119.328949
95.3329544
89.8025589
86.3220825
82.2778854
114.465897
115.365189
64.9312439
62.4496689
57.6166382
72.7889175
96.6362457
352.579468
339.265808
400.954071
1395.52502
1828.90283
994.129028
269.304016
106.025688
107.320236
104.137321
103.270294
100.957848
100.062508
100.060783
100.059067
100.057083
100.054527
100.052155
100.090157
100.26722
111.709427
113.664978
105.044128
100.36438
60.0492592
60.0454674
61.0042725
62.6689224
64.3809128
104.48436
119.942932
97.3926239
71.5277634
61.9466705
77.4824677
71.5045166
63.5847816
236.953232
292.661255
362.629944
430.985229
407.763123
550.063538
451.433167
228.616394
101.441895
72.3290939
235.379745
679.228455
567.209351
200.341187
107.108643
425.159607
189.999893
100.21344
113.807335
138.591553
128.845139
107.234154
100.067863
103.061211
103.504135
101.341705
101.142723
101.035179
100.348068
100.132706
100.088661
100.064621
100.057167
129.765137
150.22142
141.065765
117.427971
103.157539
100.171585
120.44519
130.080582
116.545723
103.591667
112.637642
456.903351
606.953125
370.401276
156.68721
103.712128
100.368629
100.072182
102.067062
102.963272
100.825768
100.067749
100.066673
100.06559
100.064659
107.664497
108.022079
102.121361
100.061378
100.060417
103.364517
104.149429
113.230515
183.357239
271.261261
247.297104
255.129089
292.479248
216.766602
145.076233
165.864044
268.69458
266.946899
170.211761
229.317001
222.909149
76.5249939
40.6064148
41.0672874
40.892807
40.43367
40.0883789
40.0854149
40.0822334
40.079422
40.0770836
98.4717407
377.469177
1061.32129
885.522583
717.067139
1019.34479
742.739258
706.121155
435.901703
298.134613
100.086563
100.084061
100.081802
506.05069
516.246277
283.30957
420.448364
386.751526
148.921387
130.829498
115.571945
104.025352
103.142227
102.096596
157.578339
155.816559
165.396881
149.506271
112.889465
100.076698
161.827454
304.937988
326.328217
205.38768
117.339569
100.085213
100.083839
100.082436
107.963882
133.907684
126.772598
105.93541
186.895294
306.946716
248.633682
240.235199
254.945679
182.265533
182.068344
164.845139
118.922523
100.801643
100.410072
100.096375
100.095055
111.32943
105.770836
101.8881
166.311249
202.365219
344.87207
292.412811
155.921738
100.87915
100.216019
100.100571
100.099327
100.098358
100.097267
100.096169
100.095238
100.377754
100.093102
100.092194
139.631287
175.453018
143.734177
110.47084
104.820648
102.547638
100.965736
50.0909042
50.0880013
50.0848732
50.0819702
50.0792236
50.0767212
50.0744667
159.846008
514.096497
482.981323
189.905869
109.843353
132.226364
1223.43396
1528.98645
1029.67883
1295.64661
1243.13904
779.27179
130.616608
100.078377
100.076294
100.074402
100.072548
100.071289
100.069923
100.068558
100.067154
100.065704
100.064552
105.136154
342.564667
804.12854
783.0
368.490784
588.728577
485.097626
324.627655
100.536522
100.114502
100.094704
100.069206
100.068192
100.067131
100.066025
100.065094
100.063301
100.061935
100.060898
100.059853
100.058746
100.057968
100.060928
100.060371
100.05587
100.056694
100.056503
100.058182
100.056999
100.056625
100.05587
100.052086
100.053818
100.05201
100.049789
100.052185
108.862839
104.034019
101.413292
103.398674
101.514374
106.127525
113.001411
122.352951
125.317375
130.882401
63.6809311
53.5353355
50.0556984
50.054966
53.9358673
51.9962158
50.8390617
50.0533943
50.0531311
50.262661
50.0547295
59.0289192
54.5036469
61.6026955
117.344154
113.359077
117.142212
147.615036
130.659195
109.45977
129.24733
143.32106
166.697235
138.636063
111.590599
100.063942
102.659561
103.365227
101.345406
100.34626
100.058418
100.985695
100.156265
100.086761
100.054176
59.6613312
55.9758415
52.2714233
51.245266
139.129028
195.147018
411.843994
605.541626
524.223816
300.502289
119.345451
80.4207382
80.0753632
80.0724182
80.0695038
80.0673828
80.065155
80.5241699
80.0617065
80.060051
80.0589447
80.0576401
80.0524368
80.0505981
80.0515366
80.0506821
80.0470734
80.0464478
80.0458221
80.045372
80.0449295
80.0486679
257.657166
452.200073
394.051361
222.083939
664.877136
721.024536
452.273438
259.793701
163.826157
107.499413
100.407738
100.708832
100.249863
100.066711
100.064583
101.549591
102.623062
100.875069
100.088928
100.056091
100.053627
100.052589
100.051674
100.050346
100.04879
100.047554
100.045578
100.045601
100.044518
100.043755
103.547653
212.395599
240.051697
211.409225
162.577606
116.474586
194.757736
617.84082
820.462097
458.01123
151.353348
65.8503494
60.699295
60.0648003
60.4192924
60.6307907
60.2543869
68.0776443
140.082428
179.829437
145.185959
87.5703278
64.2763977
60.0583839
60.0568352
60.0546379
60.0530472
60.0522461
60.952095
60.4145432
60.1592865
60.0476189
60.1333199
60.0627403
60.0484772
60.0454903
60.0445328
60.1230087
60.5462761
116.234215
151.790924
139.971405
110.481194
100.09584
214.689972
216.895432
134.676636
100.056343
107.935669
107.637131
103.316849
121.015854
119.940895
105.797035
543.234131
568.457397
1063.46216
1185.54004
1076.25024
673.947571
539.427795
1364.52258
855.346313
440.600616
268.615082
222.836502
100.623528
105.269691
104.903763
121.087502
513.641296
928.218811
827.998657
1332.38855
1315.19714
1153.09717
751.880798
452.238373
183.382401
142.813202
112.744682
106.504608
121.36203
117.018806
113.875404
110.062546
102.691071
100.088959
100.0877
100.08622
100.085442
100.084297
124.585594
220.449402
204.982513
128.683517
118.69368
271.923859
759.273621
719.488403
317.712219
352.007111
338.906891
327.911774
195.735016
162.471634
173.878342
205.81282
226.791229
233.193085
205.470413
171.946671
117.26844
118.203011
109.163292
101.77021
100.088776
100.086182
100.082726
100.079857
100.077568
100.075577
100.073303
100.070999
100.069221
100.067635
100.066162
100.064651
100.063393
44.9062843
44.9403152
102.487717
100.441261
100.128464
100.057442
100.091148
100.067299
100.054169
100.053253
100.052254
101.641586
103.868767
102.540245
100.275177
100.047462
100.437195
100.173424
100.047394
100.047852
102.171204
104.337067
102.452538
159.711319
161.52504
123.975464
276.329132
431.714233
712.203857
660.510437
325.277283
128.910385
100.07724
100.076233
100.075058
100.073715
100.072395
100.071045
100.069763
100.06826
100.067345
100.066414
197.778488
483.187561
670.463318
493.756775
224.14711
115.329964
100.084724
100.15612
100.08297
100.081749
100.080879
136.522034
255.403595
417.881042
398.520233
235.956543
126.675385
101.906776
100.097923
100.095634
100.095695
103.211151
101.779305
194.168671
781.91571
719.699097
285.061066
307.190613
580.1922
230.816025
100.092819
100.078476
100.076286
100.073799
100.072029
100.070206
100.55278
100.067894
100.066071
100.06459
100.063438
100.062439
100.061005
100.05986
100.05986
92.8330002
74.0956802
105.618805
79.989975
58.6432419
100.061073
100.060219
209.083862
234.671875
160.696014
110.494209
100.065697
125.356934
114.535851
104.591568
100.063568
100.062637
100.06179
100.060608
100.058891
100.058716
100.057106
100.055916
100.055191
100.054382
110.251862
104.814835
101.614693
100.051987
100.05204
100.055771
100.055435
100.050583
100.051613
100.054558
100.052422
100.05307
100.103668
50.046402
50.0459976
50.0458031
50.0456238
50.0454826
50.0452728
53.9498787
51.8094139
50.7422791
50.044754
50.0444565
50.0442467
50.0442581
50.0439644
50.0439644
50.043808
50.0436478
50.0435104
50.0436249
50.0435905
50.043026
50.0427704
50.0425339
50.0424728
50.0422668
50.042057
50.0419998
50.0417824
100.040108
56.8909492
56.1900482
52.5524635
50.5239258
50.0428696
50.0421333
50.0394211
316.214294
294.188721
127.302269
50.0528603
50.0511169
50.0497131
50.0477295
50.0464401
50.0456314
50.0449829
50.044754
137.115875
125.844887
74.6208801
50.052681
50.0507927
50.0487137
67.0365295
61.7382507
54.2221603
52.297348
51.2064896
50.5645981
80.0467377
80.0482559
80.047493
81.6279907
80.4653549
80.2034531
80.1073608
95.9016266
175.435608
443.19519
945.132385
1084.86755
730.746216
318.411041
133.016098
87.522049
101.960915
100.066162
100.063232
100.060158
126.23597
120.731056
107.233734
100.053955
100.051132
101.26487
100.096222
100.045227
100.044258
100.043823
100.042496
100.042191
100.041794
181.159058
183.112396
125.308563
100.091095
100.050354
100.048271
100.04763
100.045258
100.04422
100.043716
104.897263
210.782196
260.138947
183.693695
264.749084
492.067871
491.531067
402.061554
359.645874
270.435486
161.371445
109.055687
100.07753
172.507492
1251.4751
1810.25024
1270.22168
542.065247
1156.07654
1362.99756
522.869019
122.614998
100.076759
100.072609
100.069122
100.065865
100.063698
100.061279
167.43457
155.749557
116.92247
100.057312
100.119164
100.063797
119.729858
112.924202
103.996063
100.051773
100.050301
100.049072
158.222931
146.486008
74.0928497
63.5067215
488.62207
451.125519
182.58606
102.812523
211.998169
490.84967
520.424316
489.21759
511.15094
349.179352
369.827271
255.028427
100.07254
100.071198
100.069252
100.067726
100.066139
100.064629
100.063583
101.2593
101.361969
100.476006
130.265915
129.018555
108.309502
100.059296
100.057838
100.058174
100.057182
100.056572
100.055557
100.054871
100.054817
100.053711
100.053238
101.565376
102.293686
100.635551
100.051979
100.051338
117.029152
117.296082
105.646706
106.016243
105.770714
101.446548
120.437103
299.218933
380.48349
248.993896
128.114502
100.067627
100.066643
102.678009
148.847107
161.206848
127.339523
112.388359
109.054733
102.393784
100.068626
162.562317
166.612549
331.890594
319.884674
168.125656
41.096405
40.0779228
40.0750465
40.0720978
40.0692101
40.0665245
40.0632591
40.0609283
40.0589294
97.3295822
97.7208176
59.0724182
41.2770042
54.0795937
380.742188
432.485596
196.885849
58.0129585
40.5504608
40.0635185
40.1362839
40.4461937
40.2673645
40.7130356
40.8075409
40.3965797
100.052124
40.0513039
40.0500984
40.049221
100.048515
100.047585
100.046577
101.196655
103.1213
102.26078
100.248795
100.041565
120.998596
162.128632
157.208618
122.213623
102.481537
100.050453
100.048615
100.047058
100.045586
100.044739
100.043999
100.043602
100.043312
105.9356
109.932938
105.406174
100.51165
100.043449
100.313034
103.446609
103.677444
100.40699
100.042969
100.043625
100.043159
146.928375
279.878845
239.670547
138.65686
100.058556
100.057663
100.056847
100.053825
103.149529
101.690475
100.679428
100.0494
100.048332
100.047508
101.000847
100.382492
100.224174
100.050987
100.050659
100.049248
100.043152
10.0196342
105.370567
108.331909
102.614395
100.042801
100.044014
100.043892
50.0469398
50.0475006
50.0476456
50.9510307
60.6136398
65.2597427
98.7576904
118.423889
228.581192
176.911896
86.6669235
50.0594749
50.0581932
50.0569687
50.0563011
50.0552788
50.0535393
50.0547295
50.0539169
50.0499191
50.0508881
50.0501366
50.0474854
50.0468903
50.0460777
50.0466919
50.0463905
50.0449753
50.0447006
55.96241
52.1468925
50.7328873
72.7359772
278.82843
385.683289
234.253998
88.7364883
50.0615501
50.0602112
50.0591087
50.0579147
50.0566978
50.0555153
50.0540314
50.0534744
50.0530243
50.0504341
50.0496407
50.0487518
50.0481949
50.0473289
50.0468025
50.0462341
50.0509911
50.0513878
50.0504723
50.044693
50.9403992
50.2900467
50.1838188
50.0456543
50.0430679
50.0462914
50.0460358
50.0411949
50.0446091
50.0445747
50.0406876
50.040451
50.0404205
50.0403824
50.0404282
50.0400848
50.0400581
50.039875
50.0400505
50.0398293
50.039772
50.039566
10.0153322
40.0636406
50.0394096
50.03936
50.0391541
50.0390854
50.03899
50.0389328
50.0388756
50.0388145
50.0387535
50.0382881
50.0382462
50.0382042
50.0379944
50.0379219
50.0378227
50.0376968
50.0375061
50.0371971
50.0367966
50.0367355
50.0366898
50.0366478
50.0366096
50.0365601
50.0365219
50.0364876
50.0364494
50.0363922
50.0365982
50.0362434
50.0364227
79.8154526
73.6820068
58.4145393
50.7012939
50.0424995
50.0391464
50.0869217
50.0417137
50.0384521
128.707809
139.048355
113.442581
100.046188
100.042648
100.040863
100.176262
100.044395
100.0373
100.036728
100.036163
100.035843
100.035744
100.035713
100.03569
100.035515
100.035339
100.035591
100.035927
100.480019
100.052406
100.038239
100.035645
100.862877
132.074448
131.559418
113.226692
101.744827
469.066711
451.503571
210.449982
100.051132
100.049187
103.545654
104.669983
101.344246
100.04306
100.043533
100.095627
100.057373
100.040482
100.040451
106.139107
382.219452
598.990967
479.618042
245.247162
123.919914
100.062996
100.061409
113.200264
290.970459
328.315552
197.642502
112.692337
100.072701
109.881081
111.349632
103.352852
100.057259
100.054817
60.0509071
85.0412903
133.636719
409.921143
593.216797
390.009888
263.329285
495.964172
696.131592
450.50647
155.004868
103.372101
245.38707
141.7173
159.610718
156.160751
168.304413
139.561676
111.111847
316.632874
385.153137
232.016281
262.753113
115.555969
206.506012
258.666077
385.551147
645.049194
748.877136
719.901794
702.738831
543.252686
267.5177
113.835075
135.171494
131.046921
108.756325
100.204399
100.102898
103.998787
110.010422
117.466194
263.806244
277.731415
464.712128
433.473083
280.755402
446.468872
598.896423
554.31488
464.730713
396.936127
249.443848
100.092415
182.472198
209.514618
359.523804
470.475433
458.063446
469.886292
439.456421
483.013916
378.932373
292.366028
266.344421
253.106079
118.49334
100.800903
100.586884
100.216911
100.102966
130.642609
255.093414
275.927612
515.326538
458.544495
255.313843
325.558624
370.07074
188.914825
215.19519
167.911514
126.183403
111.036858
140.695999
144.936203
117.959503
104.062355
103.254738
101.586899
120.089821
119.963242
185.924866
214.331314
170.506561
123.275917
104.437187
100.193466
246.841766
267.252533
188.899994
131.136581
108.780731
103.06826
104.863495
103.05558
100.95166
100.902229
101.224327
123.963409
123.524826
108.281425
103.867958
170.915344
109.233124
61.1792717
100.088448
104.901726
190.510101
137.063568
75.5389099
110.832138
108.453636
110.044685
106.647423
164.755051
228.227463
198.32991
159.354858
176.170761
447.778992
509.450378
339.342377
233.127884
166.642746
114.289642
100.171768
100.406197
102.29409
102.588203
100.35112
100.306854
100.164215
100.097008
100.095177
100.708702
128.267853
128.507919
117.24321
163.209518
154.51265
159.209045
