0.0
0.0
0.0
0.0
0.0
0.0
0.0
0.0
0.0
0.0
0.0
0.0
0.0
0.0
0.0
0.0
0.0
0.0
0.0
0.0
0.0
0.0
0.0
0.0
0.0
0.0
0.0
0.0
0.0
0.0
0.0
0.0
0.0
0.0
0.0
0.0
0.0
0.0
0.0
0.0
0.0
0.0
0.0
0.0
0.0
0.0
0.0
0.0
0.0
0.0
0.0
0.0
0.0
0.0
0.0
0.0
0.0
0.0
0.0
0.0
0.0
0.0
0.0
0.0
0.0
0.0
0.0
0.0
0.0
0.0
0.0
0.0
0.0
0.0
0.0
0.0
0.0
0.0
0.0
0.0
0.0
0.0
0.0
0.0
0.0
0.0
0.0
0.0
0.0
0.0
0.0
0.0
0.0
0.0403244756
40.8177757
125.036552
192.481842
133.852722
42.8720436
9.99691486
5.71976423
0.00148560945
0.0015118313
0.00151941134
0.00152674015
0.00153387594
0.00154064456
0.00154679874
0.00173620298
5.68098307
20.0573521
12.4383326
5.72352314
0.00263643661
0.00289273425
0.00289853616
0.00290406519
0.00336200884
0.00346848229
3.13604951
2.27729774
1.00820541
0.457050949
0.141219839
0.00458568102
28.0381088
17.4620056
9.99836636
9.09048557
0.00495024165
0.0228859875
0.00944272615
0.0041019097
0.00413323892
0.00412597228
0.00411786092
0.00430608029
0.514316261
1.0893296
0.316948026
0.203736499
0.692736447
0.208953306
0.493511945
1.05798209
1.5237298
1.82903028
4.27741814
4.69761944
20.3592129
13.3840313
10.0111532
5.30864429
0.0976131037
114.036209
136.326172
66.1230164
45.4945526
33651.2188
108.558075
134.437683
209.432327
196.337097
149.0681
116.131035
104.243912
100.296387
100.022072
100.022652
100.022781
173.985443
501.741943
506.136414
249.365723
116.047729
159.644714
159.404129
120.612503
101.644279
100.040596
100.040314
100.039795
100.147316
100.302299
100.962402
105.510704
110.789131
122.473419
188.258163
176.107437
121.070999
100.041321
100.041283
100.041031
100.040642
100.040527
100.040268
100.039322
100.106094
108.185982
107.918419
102.256714
100.500092
254.192352
344.204773
293.497375
216.867966
174.433762
147.930695
124.731529
107.682976
101.465714
100.447762
100.131592
100.772598
101.298233
100.380005
100.051079
100.050812
100.050407
113.324654
182.222717
249.260712
211.737152
409.837891
412.527954
261.748688
195.260895
161.049881
120.23867
110.228195
108.52784
103.278755
100.465561
100.237358
100.156181
120.945274
121.526817
106.180695
101.36058
102.023918
100.578751
100.065727
100.065315
100.065727
40.0650711
42.3946533
42.1217117
50.0622139
52.171608
47.9202347
65.7682419
196.264114
492.553772
459.676086
197.978424
59.0185013
215.178131
256.940155
142.993683
62.5052376
55.3574715
52.1909752
43.9457092
40.0736237
40.0727005
40.0719795
40.0712013
42.4318962
267.561005
298.475616
138.024918
54.7427635
45.9665794
41.9585724
100.073265
100.072861
100.072037
100.071365
100.070572
100.53569
140.929169
140.098373
110.938843
123.442841
130.186615
122.274498
110.530548
101.903946
250.794525
252.482742
144.471985
102.18528
101.00444
100.147987
100.072517
223.753159
349.614044
261.096436
198.216064
254.092377
233.493835
148.90947
106.347519
100.47139
100.117599
100.086884
100.086403
100.085938
100.085754
101.602325
111.109413
279.30011
317.273407
197.521805
115.370384
100.116524
100.105553
100.091255
100.090881
100.090515
236.880585
226.726898
140.179016
351.117432
378.909424
204.15567
109.713638
100.100098
100.100105
100.099983
108.749405
168.047455
155.632263
116.411819
100.10302
50.102478
50.1012001
51.9028549
73.1313782
193.374222
193.464874
104.84269
294.524658
266.777466
115.788521
50.1022758
50.1013374
93.9270248
133.013596
167.204025
127.199883
278.207886
512.409485
526.52887
429.114746
268.74176
234.433792
161.300964
100.114067
100.112923
100.112122
100.110878
100.109467
100.108017
100.107101
100.961708
155.755524
182.583038
141.166183
175.120132
165.510605
122.330154
101.80851
117.829742
110.403549
105.111855
100.971306
100.484962
100.378914
100.098305
100.094498
100.089722
100.088264
100.086807
100.085388
100.084419
100.083366
100.081963
100.080612
100.0793
100.228722
100.076958
100.076355
100.075409
100.073997
100.073112
100.072365
100.071945
100.071442
100.071159
100.070702
100.258179
50.481411
50.1827431
50.1277885
50.0688629
51.9294128
51.0728836
52.1720886
51.0347214
50.4039879
50.8706856
51.019001
50.4250717
50.1901665
50.0652122
50.0647469
50.0644531
50.0641022
50.063633
50.0632401
50.0628319
51.8382492
51.0839539
50.5928726
100.098099
100.059196
100.05883
100.058517
100.058098
100.057686
100.057297
100.056831
100.056412
100.923576
50.5958557
50.6874657
50.1008034
50.0714798
50.053894
55.2589226
73.4632874
64.4800644
54.8912926
50.0537834
124.703087
237.178162
181.839249
86.5198135
50.0586548
51.1144867
51.2958603
52.9575272
51.6743736
51.2672005
50.0957336
80.0643311
80.2418213
80.0553589
80.0548096
80.0538177
80.052803
80.0517349
80.0505447
80.0497208
80.0488586
80.0480194
80.0478363
80.0493546
80.0484772
80.0444946
80.0471725
80.0468826
87.4373016
201.671783
240.595154
166.602066
175.422272
783.099243
762.9646
474.350983
260.293396
136.212875
81.0809555
80.0615005
80.0603638
100.16761
100.481987
100.181961
100.057327
100.056664
100.27861
100.856728
100.339043
100.070419
100.053261
100.052719
100.052132
100.091057
101.221939
405.665588
823.399292
867.877319
883.741821
1027.11743
709.094421
323.399658
169.111664
120.699089
111.192688
208.222961
271.646973
205.594543
127.624184
102.371452
101.119362
100.377182
60.0738983
60.0730782
115.201691
108.121948
74.5703125
60.0715714
177.255356
401.432983
317.701569
128.099609
60.1548004
60.0736923
60.0732613
60.0720863
60.0707741
60.0696564
89.007515
349.832397
693.508911
558.984863
236.952789
96.5664597
91.2111359
434.924988
523.022705
272.345459
130.312302
90.0744629
68.8708115
60.0825005
100.08165
100.080635
100.079933
100.079147
100.077972
100.077232
100.076591
100.075867
100.074631
100.073837
100.073242
100.07251
100.072067
100.071144
100.070061
100.069397
100.069122
103.376694
103.059464
100.83017
100.066338
100.065857
204.435013
243.511551
178.233856
115.240662
102.948524
117.708313
135.814392
124.55632
106.383644
101.040421
100.379372
100.158585
100.088104
100.068169
100.067604
100.067154
100.066597
100.152328
100.57489
100.797882
100.248718
151.09201
152.555435
115.606644
100.638977
102.680595
300.945068
352.561066
199.944077
111.428223
100.071579
100.071365
103.671577
103.784882
101.03466
100.070305
100.994011
101.562744
101.913147
113.892647
51.6195183
86.6966248
95.314003
591.540649
576.338745
448.598083
378.753876
257.733521
154.675079
87.4882812
54.6197586
503.205444
891.003784
563.039429
156.530533
100.088356
255.216263
172.571793
100.085846
100.085075
100.084267
100.083374
103.573997
161.333374
414.943481
422.284119
480.416901
563.12915
524.931519
556.237305
924.17688
747.947937
615.604919
597.398499
616.117737
543.937866
342.285553
306.928131
302.798035
308.127106
126.274864
100.109085
100.108788
100.107811
100.107513
100.106834
100.106178
100.105621
100.105003
100.1045
100.103844
100.103439
110.613144
123.370216
114.937332
102.822227
100.101837
100.101395
100.100891
101.442757
103.677727
101.18956
100.454132
101.312737
100.993195
100.382401
100.133713
100.097198
100.096947
109.03846
104.77227
101.555153
100.392288
100.109329
419.961395
405.310242
192.099548
106.470695
103.027092
101.05558
100.09903
100.098755
100.098717
102.68325
101.452797
100.592644
100.097488
100.096062
100.095375
100.0951
107.43853
53.2838821
51.0849228
50.0931282
50.0921555
50.0910339
50.0898666
50.088665
50.087307
50.0860863
50.714222
110.338005
96.747757
64.1508331
50.0834923
50.08255
50.0815392
50.0802116
50.079155
50.0783958
50.0773239
50.0762253
50.0750389
50.0744019
50.0732079
50.0725288
50.0714302
50.0707283
50.0697556
50.069088
80.087677
121.727821
107.430717
100.294273
100.065216
100.06456
100.063889
129.0336
120.521721
106.398865
100.062149
100.061539
100.060883
100.060356
100.059708
100.059265
100.058838
100.058388
100.057388
100.057053
100.057014
100.056252
100.05584
100.055634
100.054993
100.054695
100.611069
100.198204
100.135178
100.05323
100.052826
100.052422
100.048981
50.0487061
50.0483017
50.0481186
50.0484047
50.0485649
50.047493
50.0472527
50.0468063
50.0466156
50.0460167
50.0459099
50.0455017
50.0452538
50.0447464
50.0445747
50.0440941
50.0436478
50.0432396
50.042942
50.0424538
50.0420456
50.1024323
70.9100266
65.0508881
54.9230537
50.0433311
50.0431328
50.0394135
100.039238
100.039085
100.039062
100.038887
50.0388832
50.0388908
50.0389099
50.038929
50.0389481
50.0386734
50.0382156
50.0377579
50.0377045
50.0377045
50.0375519
50.0375519
50.0375557
50.0375557
50.0376472
50.0373459
50.0374718
50.3074951
50.0478783
50.0400429
50.0399323
50.0372086
52.5834465
52.6051636
51.0366669
50.2690849
50.0372429
80.0370331
80.0368271
80.0368042
80.6614609
80.0581818
80.0355606
80.0349808
80.0388489
80.0387192
80.0359192
80.0356903
91.1907501
87.1210861
253.960052
221.162445
126.939636
80.0461197
80.0456696
80.0450058
84.2878647
88.520134
85.0976105
81.4484329
80.0436325
105.662003
104.36306
89.6027985
86.6498566
84.3078156
81.5581055
59.5044022
59.9624138
59.8164062
58.0224419
55.0068321
64.7886353
80.1717529
288.469269
283.39209
329.573303
1296.48584
1674.64661
887.088013
256.069763
104.168884
105.053909
102.842613
102.228508
100.662132
100.055656
100.055054
100.05423
100.053162
100.05246
100.051674
100.076752
100.195885
107.453506
108.678978
103.19278
100.240105
60.0471611
60.0463181
60.6359253
61.6327362
62.6141815
84.5440521
95.582634
83.2612076
67.6051254
61.3423843
71.6064758
67.6324463
62.3831596
186.328491
216.376358
281.940125
335.872742
312.196411
457.630371
382.974854
192.066742
88.5042877
68.4664383
185.343521
587.152222
507.137207
185.998337
64.9371948
62.570858
61.0587311
70.1641998
79.1145401
94.9710617
88.3611526
74.5868835
70.0632172
72.1170425
72.4104767
70.9294052
70.7891769
70.7159882
70.252388
70.1087265
70.0782547
70.0624542
70.0576401
88.3429794
101.161255
95.927536
81.2438202
72.0944595
70.1339111
83.4637375
89.786377
80.9192047
72.4028702
78.4823685
363.962982
471.382782
274.597992
110.374191
102.656105
100.270668
100.063568
101.434631
102.04866
100.581856
100.061935
100.061455
100.061111
100.060455
105.062943
105.270706
101.407204
100.058617
100.058189
102.184921
102.692772
108.232811
150.537491
211.967606
199.416779
205.454895
231.763092
180.518784
131.085358
144.24234
214.464447
214.632431
148.637894
186.8405
182.555206
64.5030594
40.4373322
40.7575035
40.6286507
40.3126984
40.0767288
40.0755157
40.0748329
40.0739784
40.0730362
75.1327209
303.747864
959.220581
819.398193
328.91806
292.929443
247.033569
97.0228729
40.085968
40.0852623
40.0846176
40.0837746
40.0831947
378.483459
387.45224
153.305099
50.8527336
45.1205826
57.413723
60.4991951
110.441826
102.774841
102.178833
101.461136
136.770676
135.768494
143.215729
133.078247
108.61869
100.084366
140.018875
241.227356
258.584839
173.408997
112.128189
100.09079
100.090462
100.090225
105.348221
122.19278
117.527985
103.899994
156.562851
240.650269
202.983261
195.253265
205.672699
156.697311
155.345032
143.433701
112.712372
100.594742
100.320114
100.101204
100.100685
107.597015
103.891769
101.293663
142.078354
167.497162
279.357605
240.199219
140.816544
100.659805
100.186852
100.106567
100.106171
100.106071
100.105515
100.105438
100.105087
100.298798
100.104225
100.104042
124.714668
149.125153
128.404785
106.890022
103.3619
101.799973
100.705528
50.1040993
50.1030846
50.10186
50.1004868
50.0990524
50.0978279
50.096817
114.929779
434.243103
410.163452
166.361664
56.947216
71.2508545
1114.96265
1375.07593
623.675049
128.340729
100.103226
100.267159
100.101044
100.099884
100.098701
100.097511
100.09639
100.095306
50.0938187
50.0927773
50.0918465
50.0907974
50.0894775
103.449707
274.020508
689.701538
695.839905
318.488983
126.631752
106.264069
100.090775
100.574821
100.117615
100.10347
100.085556
100.084312
100.083191
100.081818
100.080414
100.07917
100.077904
100.077026
100.075989
100.074875
100.073921
100.073112
100.072235
100.071014
100.070396
100.069687
100.069023
100.068123
100.067482
100.066612
100.065903
100.065605
100.065079
100.064072
100.064659
105.583801
102.442612
100.876328
102.084137
100.836777
103.581757
107.144188
111.672089
113.136177
116.60498
107.664986
102.161827
100.061493
100.061478
102.608742
51.3272896
50.5833702
50.0600281
50.0598717
50.200428
50.059124
55.6437798
52.8519821
57.1677933
110.602837
108.288963
110.833679
129.938126
118.163673
105.366753
119.352158
127.703278
143.473251
124.589478
107.378227
100.059669
101.844147
102.309013
100.93924
100.253029
100.058235
100.688057
100.124268
100.0784
100.057037
106.362068
103.935013
101.50502
100.849503
154.065613
193.486542
405.109161
566.330566
496.272461
251.730957
127.660095
100.315094
100.067848
100.067154
100.066269
100.065331
100.064491
100.393867
100.06279
100.062012
100.061241
100.060455
100.059433
100.058434
100.057777
100.057014
100.056221
80.0554504
80.0545502
80.0537491
80.0529785
80.0525055
186.9151
340.371826
312.089233
185.747208
602.403931
658.762878
393.532562
210.993011
144.46373
105.303841
100.303101
100.513077
100.193542
100.066559
100.06572
101.079796
101.801353
100.614868
100.083511
100.06189
100.061058
100.06028
100.059647
100.058998
100.058243
100.057495
100.056694
100.05616
100.055214
100.054832
102.365509
159.527481
179.041901
171.217941
142.550293
111.137009
161.816513
539.217285
722.520691
395.110931
133.312851
64.1342697
60.5033531
60.0643005
60.3103561
60.4546204
60.1961594
65.3737411
109.770309
137.833984
117.004745
78.948349
62.9810257
60.060688
60.0598488
60.0586357
60.0577087
60.056839
60.6717339
60.3031158
60.1300812
60.0543404
60.1093521
60.0609055
60.0526047
60.0519142
60.051239
60.1012688
60.3845177
110.087105
99.9187775
92.0071411
75.7209167
70.0784378
144.014099
143.074844
91.5165253
70.0524902
75.4289474
75.2336578
72.2761078
83.6677628
82.9227829
73.7792511
451.630127
469.900146
957.307983
1087.63135
972.759399
612.872131
250.618774
257.713379
256.712585
148.459381
103.129906
101.843483
100.449799
103.581833
103.341499
113.660767
448.074219
821.165527
726.039673
699.620056
794.276733
467.902283
291.297089
100.085983
131.759018
127.584557
108.251564
104.987869
115.80336
111.346375
110.207794
106.836853
101.845848
100.083504
100.082947
100.082756
100.081856
100.081352
117.111206
189.021973
167.405151
118.269943
114.921532
239.955261
686.748962
653.726074
284.993805
113.279282
100.091339
257.448975
164.31958
142.125107
151.494232
176.440247
193.462509
158.264114
119.279495
102.287231
108.684692
112.266502
106.178978
101.222282
100.091454
100.090675
100.089493
100.08905
100.087898
100.087013
100.08622
100.085327
100.084358
100.083702
100.082703
40.0819283
40.081398
103.272713
43.2779961
101.653259
100.317169
100.120537
100.076866
100.097816
100.082306
100.075165
100.074265
100.073677
101.057434
102.384216
101.543434
100.204582
100.070763
100.322533
100.149658
100.069244
100.068459
101.424469
102.7033
101.499855
134.658661
135.422714
114.512444
223.166107
336.999329
611.450806
573.019043
280.859741
120.235794
100.081848
100.081596
100.081024
100.080666
100.080482
100.080284
100.079659
100.07917
100.078766
100.078583
160.088318
406.512207
572.65686
418.521179
196.088104
110.759644
100.090286
100.140198
100.089973
100.089798
100.089684
123.323547
203.537247
332.716125
318.193848
198.427338
118.684464
101.371414
100.100365
100.0989
100.09996
52.2802582
51.2517509
109.655075
679.194336
613.300415
220.657822
101.160164
101.847679
100.114029
100.10379
100.094421
100.093178
100.091888
100.091057
100.089851
100.483727
100.087914
50.0865555
50.0853043
50.0842247
50.0833511
50.0823364
50.0812645
50.0804825
50.0794411
64.7971497
82.0487595
66.7058945
55.4689941
100.075737
100.075127
172.368286
195.263672
138.638351
107.060356
100.074043
119.909828
109.524971
103.023132
100.071037
100.070374
100.069771
100.068787
100.068237
100.067505
100.066818
100.066345
100.065468
100.064919
106.797058
103.052223
101.043495
100.062447
100.062225
100.061562
100.061119
100.060738
100.060265
100.059608
100.059509
100.058922
100.094604
50.0559921
50.0558662
50.055748
50.0553017
50.0552635
50.0550346
52.488472
51.0722313
50.456543
50.0536194
50.0534134
50.0531235
50.0531654
50.0528831
50.0523643
50.0520134
50.0514221
50.0511703
50.050499
50.0506859
50.0503502
50.0498047
50.0492973
50.0486374
50.0483971
50.0479202
50.0475044
50.0469437
100.044563
103.946182
103.326302
101.318008
100.279236
100.046555
100.045868
100.043007
254.926483
226.96463
141.914581
100.051201
100.051041
100.050797
100.050499
100.049927
100.049355
100.048958
100.049614
153.000061
145.787064
114.858047
100.051918
100.051582
100.051201
111.262459
107.784142
102.804878
101.575546
100.830994
100.399887
80.0504074
80.0504303
80.0503311
81.1097031
80.3281631
80.153595
80.089119
89.9928513
137.466522
366.710571
841.808472
983.423096
635.385559
266.461548
137.262115
105.29277
101.374367
100.06356
100.062515
100.06147
116.753471
113.27504
104.642998
100.05777
100.056793
100.879616
100.085922
100.054306
100.053749
100.052841
100.051682
100.051041
100.050423
146.153687
146.642624
114.322502
100.079323
100.051147
100.050797
100.050667
100.049835
100.049339
100.048027
103.315338
166.988113
201.76564
155.622192
214.871796
402.393036
403.563843
319.435089
280.842285
218.867752
142.867493
106.350449
100.068451
146.143921
1178.31311
1712.9386
1169.43311
481.010986
134.211349
64.3028641
60.3579216
60.0771713
60.0757065
60.0742836
60.0730667
60.0718079
60.0710754
60.0700493
100.062515
93.0082855
70.041069
60.0666161
60.1097336
60.0708923
72.9016342
68.4445648
62.6242371
60.0606728
60.0597916
60.0586624
95.6060944
88.0412445
68.53405
62.4415894
387.099731
378.346466
159.209839
62.0083466
173.240753
407.741852
433.904327
399.900024
280.892517
147.252762
100.072258
100.071922
100.071388
100.070511
100.069656
100.069008
100.068428
100.067787
100.067093
100.882751
100.948593
100.345367
118.571991
117.722855
105.110909
100.063484
100.063263
100.06279
100.062103
100.061493
100.061195
100.061058
100.060555
100.059944
100.059494
101.055984
101.50927
100.432686
100.057228
100.057037
110.509064
110.294647
103.368515
103.699059
103.475883
100.880806
112.438026
235.102798
290.779755
201.7229
119.667862
100.063286
100.063171
101.864952
131.241272
139.738342
118.194389
108.530083
106.221924
101.657684
100.064072
139.691727
142.476471
274.960968
265.192902
150.862091
40.8026199
40.0708237
40.0698624
40.0690613
40.0682411
40.0672264
40.0661125
40.065567
40.0645485
74.8840637
74.671463
51.595192
40.9159737
49.4026909
316.804688
354.147827
161.940918
52.5739326
40.4123116
40.0670738
40.1182671
40.3323593
40.2096252
40.5149612
40.5732307
40.2955322
40.0627594
40.0621529
40.0612144
40.0610809
100.060448
100.059525
100.059151
100.812462
102.017929
101.458817
100.187813
100.055779
113.057068
137.648697
135.762756
114.244827
101.6903
100.054939
100.054482
100.054047
100.053413
100.053062
100.052376
100.051727
100.051651
103.923988
106.462845
103.475098
100.347221
100.050064
100.235756
102.301514
102.464104
100.291252
100.048599
100.049019
100.048424
128.13356
217.999374
189.964691
124.717133
100.055748
100.055779
100.055481
100.054016
102.161934
101.173691
100.480858
100.052452
100.052261
100.051918
100.689034
100.276459
100.169624
100.052818
100.052582
100.05249
100.049248
100.050125
109.85527
105.375862
101.690491
100.048004
100.049042
100.048706
50.0513344
50.0509644
50.0506897
50.6553001
56.7770157
59.5859108
79.6818848
93.8622894
171.696259
131.839996
73.4462204
50.0543518
50.0541267
50.0537949
50.0536003
50.0533638
50.0529251
50.0527039
50.0525055
50.0518494
50.051609
50.0513382
50.0511017
50.0509796
50.0505562
50.0506477
50.0500221
50.0494118
50.0491142
53.914547
51.4165649
50.4954453
63.2994843
203.182388
268.500061
174.220505
77.201622
50.0554962
50.055233
50.0551453
50.054657
50.0538902
50.0535049
50.0534248
50.0531693
50.0527191
50.0524063
50.0520782
50.0518036
50.0511818
50.0509605
50.0508118
50.0504951
50.050457
50.050106
50.0497284
50.0494461
50.6507263
50.206604
50.138195
50.048954
50.0475121
50.0472374
50.0470619
50.0431976
50.0456505
50.0457497
50.042675
50.0424461
50.0422325
50.0417595
50.0417786
50.0414429
50.0411987
50.0410194
50.0409164
10.0221663
40.0587006
50.0402069
50.0401306
50.0397911
50.0395927
50.0391884
50.0391159
50.0389099
50.0387497
50.0385246
50.0384941
50.0382996
50.0382347
50.0362473
50.0362167
50.0361824
50.0361404
50.0360794
50.0358925
50.0357361
50.0355873
50.0350533
50.0347099
50.034626
50.0345497
50.0344772
50.0344086
50.0341835
50.0341225
50.0340691
50.0340157
50.0339622
50.034008
50.0336418
50.0337524
64.1246033
60.9335709
53.7566795
50.3324966
50.0402336
50.0367508
50.0701714
50.0396042
50.036335
4395.8457
114.607864
105.077499
100.03624
100.035652
100.0355
100.130478
100.040062
100.034821
100.034645
100.034485
100.034317
100.034157
100.033989
100.033813
100.033646
100.033318
100.033333
100.033119
100.326744
100.044319
100.034798
100.032532
100.545418
114.626228
114.11322
105.789566
100.750542
367.286255
332.082245
176.162857
100.042137
100.041702
102.439232
103.204041
100.929649
100.039665
100.039291
100.075119
100.048683
100.037003
100.036476
104.003876
307.075775
479.566467
389.218384
207.428955
116.683067
100.049278
100.048943
108.809555
232.908478
260.670898
168.569275
108.890884
100.05838
106.681396
107.664413
102.27224
100.048912
100.048332
60.0470734
75.6600037
106.414841
344.087402
490.767578
322.450409
206.023544
415.540588
597.505371
388.603943
138.682556
62.4043732
60.0618668
70.0938568
98.5455475
96.8907013
105.704224
86.4424438
67.408989
221.240631
265.593994
154.028152
74.8833466
60.1231918
102.537292
166.500183
265.98056
478.965393
447.162994
213.750305
122.106636
118.158775
118.111244
109.36409
123.325409
120.449265
105.772797
100.161247
100.090027
102.747147
106.716286
111.467377
210.974716
220.527008
392.350037
373.446686
236.499695
251.487869
367.999634
285.908234
146.142151
100.085838
100.085381
100.084557
152.147568
170.690933
292.157745
374.473022
314.351257
192.969879
119.322411
219.167267
263.699158
179.893036
114.396118
101.190102
101.204872
100.580307
100.430229
100.174988
100.096672
119.42263
201.064331
217.289154
441.528595
405.789948
189.185425
102.009651
102.941803
148.353638
176.170135
146.108337
118.197945
107.640343
126.820358
129.823257
112.106224
102.84864
102.28315
101.123398
113.24472
113.116257
96.0161972
115.945633
87.8940659
56.2056427
43.1038094
40.1652145
140.691376
155.639496
101.50724
61.3943863
106.023895
102.156326
103.354172
42.108757
76.147377
40.6523476
40.8721275
106.629005
55.088131
45.3846779
42.6959
145.363708
84.3372955
53.6354065
100.10083
103.395386
98.5629578
103.245117
123.570229
107.50946
105.818359
106.823914
104.471748
141.718231
185.396378
166.975174
140.787888
151.688553
382.886719
426.558228
277.937592
192.108246
145.913681
109.842957
100.15992
100.323128
101.585258
101.796776
100.282524
100.254272
100.156822
100.111305
100.111
100.526596
117.966019
118.176079
111.462677
141.363358
135.573624
139.274521
