0.0
0.0
0.0
0.0
0.0
0.0
0.0
0.0
0.0
0.0
0.0
0.0
0.0
0.0
0.0
0.0
0.0
0.0
0.0
0.0
0.0
0.0
0.0
0.0
0.0
0.0
0.0
0.0
0.0
0.0
0.0
0.0
0.0
0.0
0.0
0.0
0.0
0.0
0.0
0.0
0.0
0.0029851459
0.0141598796
0.0256271437
0.0339003801
0.0385825858
0.0421691462
0.0415004753
0.0408141948
0.040607322
0.040607322
0.040607322
0.040607322
0.040607322
0.040607322
0.040607322
0.040607322
0.040607322
0.040607322
0.040607322
0.0
0.0
0.0
0.0
0.0
0.0
0.0
0.0
0.0
0.0
0.0
0.0
0.0
0.0
0.0
0.0
0.0
0.0
0.0
0.0
0.0
0.0
0.0
0.0
0.0
0.0
0.0
0.0
0.0
0.0
0.0
0.0390455052
0.0390455052
0.232765585
28.4673576
41.0712585
54.4657364
35.2276802
12.0471296
10.0195436
2.26026297
0.0390454158
0.0390455052
0.0390455052
0.0390455052
0.0390455052
0.0383959785
0.0376717523
0.0374836847
2.6066885
8.00708389
5.45244312
1.68392801
0.0374836847
0.0374836847
0.0374836847
0.0374836847
0.0374836847
0.0374836847
1.26959264
0.919722855
0.426121533
0.230547294
0.0928691775
0.0374836847
9.57625866
9.92122269
3.01054692
0.0374836847
0.0374836847
0.0432852656
0.0393267348
0.0374836847
0.0374836847
0.0374836847
0.0374836847
0.0373650268
0.238476455
0.477444768
0.160722584
0.115184322
0.321430653
0.118821442
0.245057046
0.48450917
0.712523103
0.818101287
1.96863282
2.03516674
7.9850769
7.93807125
2.43943024
0.0
0.0
24.3899899
25.1159782
14.589447
20.7427464
11.7817698
2.63725042
11.1480455
30.2367344
18.9674492
16.9913254
11.262991
1.48087358
0.0570450798
0.0
0.0
0.0
23.3231297
79.0749893
79.2636566
34.3955803
10.3857145
31.093895
17.7179527
10.5987129
4.37950087
0.0
0.0
0.0
0.0393690467
0.123981863
0.502080321
3.08963895
5.58579493
10.7908449
33.4325638
14.1636639
9.94151878
6.20667887
0.0
0.0
0.0
0.0
0.0
0.0
0.0208220463
4.55665636
3.68222642
0.993265986
0.223308995
44.7564964
57.0749741
59.2002258
108695.578
130.333038
120.92334
111.075447
103.495598
100.762619
100.228615
100.053619
100.477737
100.692879
100.194183
100.025124
100.027748
100.030418
108.379974
136.343384
156.767822
139.590866
196.545624
188.540558
162.219376
149.501968
131.92337
111.024811
107.300903
105.897881
102.360931
100.575104
100.426247
100.405159
114.956528
113.961143
104.137444
101.300377
101.696266
100.727409
100.416771
100.405121
100.507347
40.5125923
42.3229942
41.9684219
47.4590416
48.1681137
45.239727
55.1716499
101.235901
183.296448
175.825012
97.9340668
49.9919052
117.320908
138.704453
93.613266
55.4829102
52.7150154
50.1926308
43.9580917
41.1217918
41.1543541
41.1811867
41.2030487
43.2716675
131.769623
146.313202
84.6215591
51.6037788
45.9570122
42.8867035
101.471428
101.500626
101.525398
101.545853
101.563354
101.973518
129.432098
127.198898
108.709038
117.385277
120.785461
115.968956
108.275337
102.841782
167.592453
164.417191
120.533279
103.411392
102.519608
101.873695
101.835976
162.366638
218.609009
124.408852
107.825317
185.246277
174.395996
115.708771
106.773331
102.703194
79.9575882
102.448692
102.467674
102.497452
102.520149
104.349968
113.357018
194.755264
216.485016
154.160797
112.003555
102.700394
102.711586
102.730598
102.735291
102.747337
186.47525
169.010559
74.3274384
237.476379
246.268768
57.7943497
109.875374
102.983383
103.035927
103.063301
114.368706
166.155426
146.092575
114.786293
103.1548
53.2184601
53.1968422
55.961731
79.583252
155.390839
150.914474
87.1234665
219.592957
156.439438
82.6129608
53.2037544
53.2531624
105.139175
135.585052
162.750473
112.759842
230.107162
325.200073
335.998047
306.811127
190.87738
89.5441742
57.0418129
53.2896767
53.2921753
53.3317451
53.3723373
53.34198
53.3093758
53.343605
55.3376083
121.532204
139.038834
89.8439026
133.09935
110.59745
72.4470673
105.20285
127.299988
114.120407
60.1619835
54.3872948
53.8557549
104.103134
53.4660149
53.4527626
53.4489021
53.4517136
53.4539757
53.4551163
53.45504
53.4530983
53.4493561
53.4446564
53.4387054
53.7582512
53.4312744
53.414978
53.4013939
53.3878555
53.372776
53.318222
53.3352928
53.3156433
53.318325
53.3381004
53.7050247
54.1190338
53.4499588
53.3830299
53.3118019
56.2250137
54.5515594
56.2187576
54.3956223
53.6061745
54.4699059
54.5277481
53.5755119
53.3634338
53.2498016
53.2433548
53.2368431
53.2301712
53.2235527
53.2167778
53.2096443
55.5865555
54.2556496
53.5799904
53.1038513
53.0655937
53.0586548
53.0514183
53.0439682
53.0365295
53.0292854
53.0217934
53.0142746
54.1541634
53.6369896
53.7690697
53.0219803
52.9909325
52.9695396
58.826683
72.3796844
63.7386894
56.2769699
52.9477577
90.3613281
122.27742
90.3625717
62.4726677
52.882473
54.0740433
54.0988617
55.4740715
53.6266708
53.8492699
52.9503784
82.9255142
83.198494
82.8998184
82.8890762
82.877655
82.866394
82.8544388
82.8425751
82.8304291
82.8181915
82.8056564
82.7937164
82.7821579
82.7708054
82.759346
82.7477493
82.7366028
88.3222351
125.469086
132.596725
106.98233
118.186615
182.386658
225.269043
207.964401
145.818771
102.161743
83.2616348
82.6416702
82.6383286
102.709969
102.931343
102.714622
102.615578
102.607567
55.1465988
53.1619759
52.7978249
52.5877953
52.5644798
52.5542488
52.5445862
52.5677071
53.5344582
156.423126
270.251984
299.4422
361.37793
485.273468
324.147583
241.554932
160.066589
120.867531
116.238144
191.410553
234.116028
184.03154
126.557655
105.981789
104.890221
103.927986
63.532608
63.5484428
116.216537
105.590782
76.5415115
63.5494118
147.378952
269.749573
194.705231
97.6285782
63.6156616
63.5335464
63.5491524
63.549202
63.5491867
63.549221
98.1065521
251.769104
434.260773
337.683807
185.219574
103.479828
103.471512
354.044769
402.180267
229.796417
153.934052
103.659912
75.6235657
63.5336113
73.5334854
73.5334167
73.5333557
73.5332794
73.5332031
73.5331192
73.5330353
73.5329437
73.5328445
73.5327377
73.5326233
73.532692
73.5481033
73.5323181
73.532135
73.5321808
73.5478439
79.0892334
77.9442368
74.6664734
73.5311203
73.5310516
167.802887
191.784576
129.714111
83.6562729
76.8573303
94.090271
109.656685
93.8843079
78.798645
54.4225845
53.8372307
53.6153755
53.5631294
53.5278664
53.5276031
53.527359
53.5273132
53.6477585
54.1260452
54.2854156
53.7080307
105.50312
92.1922836
64.9434433
53.9915352
56.2830582
177.437729
179.534897
105.21244
60.9277382
53.522438
53.5223236
57.6542511
57.0865021
54.4227448
53.5209351
54.5510864
54.9749527
55.5157738
69.6099854
53.6631432
87.8820496
84.6244278
335.967834
243.116882
274.088837
261.808258
206.051926
151.408768
90.0581436
60.4439583
396.369873
677.137451
425.71637
133.167145
43.615612
43.615612
43.615612
43.615612
43.615612
43.615612
43.615612
50.1454735
123.615463
313.531281
323.047119
428.011536
464.56665
302.092163
154.704041
612.610901
703.713135
391.612671
160.441895
179.25589
446.930786
425.381531
210.746597
159.704437
150.789276
115.497772
103.615623
103.615623
103.615623
103.615623
103.615623
103.615623
103.615623
103.615623
103.615623
103.615623
103.615623
122.555145
141.807831
126.681061
107.878059
103.615623
103.615623
103.615623
105.921112
109.539154
105.446152
104.216515
105.552399
105.048851
104.079788
103.645241
103.575989
103.566231
117.425819
110.918457
105.797668
103.963348
103.565773
315.306854
313.104004
167.012299
113.528214
108.232407
105.024353
103.47554
103.47007
103.459267
107.842369
105.817055
104.303581
103.398064
103.3592
103.343048
103.332787
115.29277
58.7442627
55.0665321
53.4160156
53.4096603
53.3714447
53.3336792
53.3255043
53.3193741
53.3138657
54.3494453
117.567078
106.555771
69.3163605
53.3417015
53.3281288
53.3243141
53.2866669
53.2844658
53.2836647
53.2832985
53.2834473
53.2840767
53.2851601
53.2866096
53.2885094
53.290802
53.2932587
53.2959251
53.2989197
84.803894
125.44841
110.792107
103.547729
103.355247
103.351143
103.372772
127.683037
119.406693
108.350082
103.334938
103.309151
103.299301
103.289452
103.279152
103.268272
103.256493
103.244308
53.2323227
53.2204056
53.2147369
53.1949883
53.180088
53.1652451
53.1507378
53.136795
53.9561996
53.2331619
53.1592026
53.0805855
53.0668221
53.0532684
53.0286293
53.0257378
53.028553
53.0339699
53.013546
53.0346298
53.0305634
53.0243568
53.0183449
53.0121727
53.0059242
52.9998932
52.9936218
52.9870644
52.980545
52.9737244
52.966877
52.9597282
52.9526711
52.9452934
52.938015
52.9307137
53.0036774
69.9034271
64.5707703
56.6176414
52.895298
52.8881721
52.7634735
102.755661
102.747963
102.739975
102.73188
52.723587
52.7151947
52.7065239
52.6976929
52.6886063
52.679306
52.6684875
52.6562004
52.6460457
52.6355324
52.6248894
52.6144524
52.6040306
52.5931435
52.5822372
52.57164
52.5618935
52.8430443
52.5449944
52.5552483
52.5191345
52.5088425
54.7741776
54.5430183
53.1773071
52.6211166
52.5676575
82.5556107
82.5428619
82.5298996
83.0601883
82.5147552
82.492485
82.4788513
82.4647522
82.4506989
82.4365311
82.4221573
91.2001495
88.0693283
130.457672
119.326988
93.8436279
82.3421402
82.3286362
82.3148193
84.4429321
85.9940643
84.1542282
82.7790222
82.2505188
92.1399002
90.3579941
85.2684021
13.5354519
74.8878479
82.6721191
55.7839355
55.5055313
55.644989
54.7271652
53.7661781
57.3477097
61.7791939
100.053177
92.3562927
113.13652
338.702118
473.11322
294.500397
104.471588
106.373589
106.997032
105.15416
54.5792847
53.2695541
93.8019257
52.7977486
52.8130379
52.8232422
52.8292999
52.8315468
52.8546867
52.9637375
59.7113876
60.1182022
55.4399567
52.8929138
62.7378273
62.713623
63.1924515
63.9579315
64.6616898
79.7788849
84.493782
75.7217407
66.6038513
63.3292694
69.6708145
66.8984528
63.9178467
110.828438
125.980957
148.284805
168.799225
169.895844
224.962326
187.395126
127.64724
82.1535416
68.916893
137.617477
306.700287
228.478622
109.160156
68.0431519
65.6709061
64.2918015
14917.042
113.528435
127.33371
117.657043
106.897636
103.407509
105.306541
105.421394
104.110298
104.095451
103.983307
103.564667
103.468971
103.424126
103.408287
103.401695
122.249756
128.11293
121.645248
110.240051
104.60453
103.45282
115.447914
116.888161
110.049553
104.765953
110.567345
236.952271
265.933502
182.619507
122.435753
104.958626
103.478027
103.351418
104.677643
104.912346
103.750862
103.357262
103.356018
103.353737
103.350708
109.195107
107.378822
104.34539
103.335365
103.348396
105.519478
105.280365
111.798431
144.156128
174.086136
156.00087
174.848206
190.949951
143.00856
125.776184
143.183609
195.881134
174.58284
130.465027
184.275146
150.266434
56.7612038
43.7721443
44.1484337
43.9789505
43.6971054
43.5059586
43.5065575
43.5064735
43.5057869
43.5047874
78.380722
181.473053
491.08136
333.729858
201.608093
258.965088
171.055771
75.8665466
43.615612
43.615612
43.615612
43.615612
43.615612
284.883881
244.915009
115.936768
59.9711494
50.757267
71.4017487
72.1202545
117.278671
107.968155
106.700127
106.032059
154.201447
145.041382
158.548645
140.02124
112.512695
103.615623
155.819595
248.311157
261.295074
175.107574
115.388039
103.615623
103.615623
103.615623
113.525833
138.150787
127.044144
108.400436
174.346527
261.027527
206.780838
223.330505
238.790588
174.240494
188.138062
165.198425
120.38575
104.35498
103.910225
103.614235
103.605408
117.204315
109.72049
105.361092
163.086548
193.867508
296.188538
238.175003
140.182526
104.314278
103.630219
103.507874
103.507118
103.502419
103.483902
103.472412
103.467178
103.894485
103.482391
103.462624
144.698029
174.679626
141.61676
111.91526
109.177116
106.180382
104.338966
53.3762512
53.3631935
53.3547134
53.3467026
53.33918
53.3322487
53.3587914
129.894104
325.588257
289.386169
128.917801
60.8841248
86.2916794
923.944946
1083.5929
559.198853
142.752045
53.3754272
53.7617683
53.377018
53.334404
53.2879944
53.2857933
53.2872963
53.2893181
53.2918777
53.2949104
53.2984123
53.3023949
53.3069725
109.88649
246.875397
529.424683
520.816284
279.583954
132.685013
103.434166
103.415154
104.201164
103.533104
103.489151
103.450966
103.458221
103.467445
103.477074
103.485847
103.49498
103.504356
103.512817
103.519379
103.524651
103.528244
103.53791
103.540138
103.533058
103.533119
103.53054
103.528481
103.52108
103.510513
103.501717
103.447105
103.44709
103.47081
103.471588
103.456062
112.123405
106.809502
104.60556
106.417328
104.382278
108.142334
111.871475
65.7678299
66.1399689
67.8155823
59.1548882
104.94442
53.408062
53.4025154
56.2656593
54.3125114
53.7797737
53.3802872
53.3744507
53.5861359
53.3629112
58.7506447
77.9260712
59.2714691
111.310936
109.287659
111.145645
122.437859
114.798004
106.658058
116.679993
120.861794
129.413406
116.077118
106.975067
103.166344
105.195076
105.188461
103.677086
103.260468
103.132645
103.954262
103.187515
103.128716
103.125931
108.888512
105.328278
103.915977
104.051582
97.1572113
101.507652
163.406998
221.094543
208.0858
111.85083
96.2458954
83.356514
83.1523438
83.1510315
83.1486893
83.1457901
83.1424561
83.7667084
83.1341705
83.1291733
83.123642
83.1173706
83.1103363
83.1024017
83.0944214
83.0865555
83.0778732
83.0690918
83.0597534
83.0500183
83.0400772
83.0299835
140.034515
186.864044
169.822266
128.257324
275.064056
268.66156
222.590714
150.597504
129.527008
106.736885
103.375801
103.576408
103.311279
103.203964
103.21067
104.20285
104.721718
103.740448
103.242874
103.215874
103.212952
103.209351
103.205643
103.201164
103.195946
103.18943
103.182327
103.175102
103.166679
103.157814
105.569984
144.607788
148.607101
142.832916
124.260651
108.901421
136.676544
253.199768
313.592163
186.827377
95.6605682
66.0932388
63.4763718
63.1181717
63.339653
63.4802132
63.2700081
68.0232162
100.274261
115.399368
99.5966263
74.7341766
65.0602493
63.1239052
63.121357
63.1175957
63.1132317
63.1081352
63.6270943
63.3221664
63.1635132
63.097435
63.1351738
63.0896912
63.0745773
63.0494919
63.0398903
63.0868187
63.3244858
23681.3398
125.485893
116.879097
106.619904
102.986191
143.13269
132.472656
112.043777
102.930756
106.588753
105.685471
104.175804
112.197258
109.433617
104.869743
231.757843
201.017578
464.951477
453.282043
518.309998
321.322876
177.187439
243.501724
202.256912
134.639084
107.075317
105.382423
103.866776
108.294998
107.113861
121.954468
346.245361
554.117493
502.953308
576.077209
362.331238
258.687256
244.934509
103.544243
149.807281
145.464752
116.24559
111.299332
127.086922
120.362648
118.520081
113.513779
106.154015
103.524445
103.524323
103.541656
103.523621
103.523407
128.328537
196.448456
173.132202
122.072227
122.173157
230.00946
562.783325
519.151428
263.802429
122.987717
103.615623
154.450989
196.705276
159.963821
174.604523
203.302551
220.097229
181.461594
130.284775
106.967728
118.632881
124.019028
113.534195
105.409691
103.615623
103.615623
103.615623
103.615623
103.615623
103.615623
103.615623
43.615612
103.615623
43.615612
43.615612
43.615612
43.615612
108.981895
48.8257828
106.118492
103.983589
103.681778
103.615623
103.648369
103.626022
103.615623
103.615623
103.615623
105.062752
106.798592
105.556305
103.789658
103.615623
103.943352
103.719734
103.615623
103.615623
105.296387
106.730026
105.234612
141.419571
140.699951
119.300194
183.315186
253.176422
384.6427
378.893585
223.979385
121.918739
103.615623
103.607346
103.600601
103.60202
103.611115
103.574623
103.585495
103.574547
103.563812
103.571472
172.541962
334.135376
463.271942
374.539612
198.830734
117.965454
103.516548
103.611244
103.502174
103.471252
103.467705
144.048569
242.312927
389.373413
389.806091
246.761093
136.201599
106.169006
103.372047
103.33313
103.349747
58.0348282
55.908226
142.02951
649.438232
532.530029
199.03212
55.5147514
106.046944
103.404587
103.371857
53.3366814
53.2996407
53.2958145
53.2925949
53.2900124
54.0682907
62.7995148
53.2946625
53.2838211
53.2834473
53.283596
103.284241
53.2854919
53.3253174
53.3650703
77.1949387
96.2700958
75.6945038
59.8492622
103.366798
103.380623
165.868286
182.987335
137.603836
109.386879
103.42263
122.793938
112.83194
106.417427
103.418694
103.422859
103.426727
103.429176
103.446228
103.435516
103.425995
103.421364
103.416183
103.409912
111.837151
106.136452
104.302048
103.375504
103.364388
103.355362
103.348022
103.331177
103.312057
103.302536
103.299423
103.274834
103.315094
53.2417564
53.2453194
53.2476959
53.2465591
53.2438965
53.2378998
56.5774879
54.1021957
53.5667534
53.2139015
103.207718
53.2013474
53.1951561
53.188343
53.1817017
53.1753845
53.1688995
53.1619644
53.1552887
53.1488724
53.1419563
53.1353149
53.1281433
53.1207886
53.1137009
53.1064529
53.0990829
53.0916367
102.972572
107.435799
106.167908
104.010201
103.149658
102.95797
102.926186
102.918327
163.244019
150.739197
118.191513
102.88987
102.881737
102.873695
102.865494
102.857124
102.849205
102.863281
102.833
78.9690094
70.6099319
58.6784592
52.8001556
52.7914162
52.7832108
59.8811378
56.0437546
53.9100571
54.1852188
53.0496826
52.8722382
82.8254776
82.8154449
82.8054504
83.9049454
82.9358597
82.8308334
82.8175125
89.1061325
107.883575
158.826019
269.832031
317.079407
259.221191
157.096558
104.663292
86.4480972
83.9667358
82.7180634
82.7165222
82.7133102
98.6825943
92.7687836
86.1894531
82.6911163
82.683609
83.8148041
82.6893997
82.6590195
82.6500092
82.6408615
102.631226
102.621422
102.61171
133.582031
128.951019
110.839622
102.594452
102.565933
102.556007
102.546661
102.536743
102.526855
102.516701
104.838463
136.332932
146.488312
125.175682
149.244843
204.573029
207.412979
196.680862
191.601135
164.281128
126.500381
106.412918
102.454903
84.4621506
505.584381
738.111877
587.462891
342.28949
121.084778
68.4113388
63.8713112
63.5493622
63.5336647
63.5329895
63.5330048
63.5332336
63.5496025
63.5497437
108.282532
96.5063171
73.7802048
63.5335617
63.5922394
63.5403137
77.7624893
71.1984634
65.9543762
63.5333939
63.5333939
63.5334854
96.9250946
85.6169586
70.4235916
65.4773636
222.838486
186.629074
103.332787
65.0040131
140.922455
269.373962
255.509125
274.192383
174.355865
99.8169174
73.532959
73.5330353
73.5483627
73.5325317
73.5321732
73.5319443
73.5317764
73.5316391
73.5317459
74.5982513
74.5876007
73.8440857
97.0674744
91.5542831
78.813385
73.5306931
73.5465775
73.5301437
73.5299377
73.529747
73.5296707
73.5454407
73.528038
73.5266724
73.5253525
54.5817909
54.9379654
53.883007
53.5174675
53.5148277
65.6614685
62.466526
56.432312
56.915638
56.0977974
54.1197395
65.4460144
131.756683
100.169785
99.6174698
62.6254463
53.4723129
53.4701118
55.1411285
81.9767151
80.7648468
64.667244
60.6204338
57.7259865
54.5415726
53.4479027
88.0459976
78.9947128
155.598328
119.28405
73.6985016
44.0194244
43.5325699
43.5320587
43.5309219
43.5293388
43.5272636
43.5248222
43.5223236
43.5197067
75.3977661
66.4073868
50.9178009
44.0867119
52.2447357
166.231323
163.614685
91.7207108
50.5413589
43.7423134
43.5087509
43.5599899
43.7310486
43.6276207
43.9592361
43.9498367
43.6979408
43.5037308
43.5017014
43.4993172
43.4966621
43.4937897
43.4904099
43.4871178
44.3031197
45.3516121
44.6378098
43.572834
43.4679604
55.9086189
71.5270004
65.9567108
51.5814247
44.3065033
43.4424934
43.4382973
43.4338799
43.4293327
43.4247055
43.4196281
43.4145737
43.4097176
46.9157028
48.0533371
45.5480347
43.5603485
43.3839302
43.5383949
45.1901703
44.9612045
43.507019
43.3494148
27106.2383
103.344833
123.540749
160.520645
139.696289
112.631584
103.267166
103.259186
103.254745
103.237556
105.267944
103.976753
103.461258
103.183823
103.171196
103.158051
103.870003
103.304077
103.208557
103.123657
103.114906
103.097496
103.053345
103.036705
110.996521
106.512115
103.982498
102.949432
102.961899
102.947281
52.9671402
53.0128441
52.9969025
53.6167831
58.1890297
59.5016289
70.2810898
75.6286926
103.53463
82.5080795
60.9038544
52.7690735
52.7529182
52.7363396
52.7197189
52.7033997
52.6876259
52.7139702
52.7013817
52.64645
52.6675072
52.6536026
52.601017
52.5854759
52.6091881
52.6323166
52.5829887
52.5336342
52.5201263
55.9145889
53.4421768
52.8182983
61.8454742
103.465576
121.348167
85.2277832
59.6118088
52.5404816
52.4978371
52.4789619
52.4644585
52.4244881
52.4066582
52.3937187
52.4004402
52.3896065
52.3608246
52.3488693
52.3385963
52.3289299
52.3195343
52.311142
52.3029518
52.3045883
52.2995529
52.2800102
52.2621918
53.0287437
52.3419724
52.2784119
52.2203865
52.2078094
52.183403
52.1962013
52.1951599
52.1800232
52.2055855
52.2029991
52.2002335
52.194973
52.1892624
52.1833
52.1770515
52.1711617
52.1650467
52.1589394
52.1525497
52.1462288
52.1397514
52.133522
52.1268845
52.1204071
52.1136665
52.1068726
52.1000977
52.0930481
52.0862846
52.0792274
52.071907
52.0648193
51.9442635
51.9372292
51.9300156
51.9230309
51.915844
51.9082069
51.9005966
51.8922081
51.8833008
51.874279
51.8659973
51.8577423
51.8493843
51.8410149
51.8325233
51.8236923
51.8149796
51.8063049
51.7972298
51.7883759
51.7794952
51.771347
64.26371
60.490963
54.5933609
51.9469681
51.7306061
51.7440033
51.759552
51.7037621
51.694664
94.0881805
12.5116825
81.5837097
81.76194
81.7502594
81.737915
81.7946091
81.7126389
81.6998215
81.6864471
81.6726685
81.6587448
10.9406319
72.3347244
81.616539
81.6021576
81.5876007
81.5730972
81.55896
81.7749557
81.5351868
10.8777409
72.1483383
81.8763428
90.2857819
89.4690781
84.5512238
81.7708359
133.14061
127.678261
65.7346878
51.3892822
51.3774986
52.3972015
52.5983391
51.6989937
51.333744
51.3226166
51.3263092
51.3047295
51.2884865
51.2770844
53.04216
93.6772614
127.780106
116.851379
79.9841995
56.5980034
51.2083855
51.1980591
55.4339752
90.9494934
99.3569183
73.3657074
54.5560417
51.1446304
54.5271645
54.9960785
52.2479591
51.1031532
10.6501799
51.439167
68.4368362
79.2906036
128.569321
167.576569
132.004272
115.214508
176.510193
233.722397
170.9104
89.9545517
62.695343
61.1534843
69.1815186
87.1665955
85.4445724
90.2526474
77.5220108
65.8048553
131.586151
155.236969
106.483223
69.4987411
61.4317741
90.9273071
124.483246
165.008362
241.690231
231.160309
134.866394
28539.541
118.598953
116.133247
109.766159
121.820251
116.942619
106.431366
102.375191
102.342384
104.605141
107.926384
111.67305
168.250732
163.101044
240.548035
209.583908
178.226624
207.820923
272.041931
192.329544
124.342766
102.860573
102.942421
102.975121
156.751389
157.81955
246.578583
276.862244
245.569275
162.066803
116.194405
216.352936
223.437714
156.285446
113.810555
104.644653
104.5569
104.002548
103.793777
103.528839
103.458549
129.928879
199.84581
194.143646
350.117126
243.611206
141.860565
106.249939
106.955757
165.93811
182.487595
145.246109
123.057358
111.665688
140.461655
134.748734
115.203674
106.878403
106.027527
104.857147
122.793915
117.66288
110.289658
118.008614
89.4383621
58.5468826
46.4384041
43.6794815
138.971802
134.307297
99.8413086
64.5857697
49.4672394
46.6714363
48.2033844
46.1132889
44.298481
104.45697
44.6692581
64.379715
60.322567
109.204292
47.1139984
151.698715
82.3243027
54.7979355
103.615623
108.269386
100.968132
97.169548
62.9553146
112.7258
110.079811
112.040054
108.309074
146.439346
178.997711
159.079895
142.240814
154.998978
291.022156
316.583466
249.028656
207.543793
152.06955
113.233116
103.681412
104.068771
106.643402
106.584351
103.896973
103.903358
103.707031
103.615623
103.615623
104.442894
130.901993
127.324722
119.374702
154.01384
140.498978
150.407913
