0.0
0.0
0.0
0.0
0.0
0.0
0.0
0.0
0.0
0.0
0.0
0.0
0.0
0.0
0.0
0.0
0.0
0.0
0.0
0.0
0.0
0.0
0.0
0.0
0.0
0.0
0.0
0.0
0.0
0.0
0.0
0.0
0.0152233699
0.0383035094
0.0520590022
0.0606341511
0.0631852448
0.0631852448
0.0631852448
0.0631852448
0.0631852448
0.0631852448
0.0631852448
0.0631852448
0.0631852448
0.0631852448
0.0631852448
0.0615778081
0.060845077
0.0608450398
0.0608450398
0.0608450398
0.0608450398
0.0608450398
0.0608450398
0.0608450398
0.0608450398
0.0608450398
0.0608450398
0.0608450398
0.0
0.0
0.0
0.0
0.0
0.0
0.0
0.0
0.0
0.0
0.0
0.0
0.0
0.0
0.0
0.0
0.0
0.0
0.0
0.0
0.0
0.0
0.0
0.0
0.0
0.0
0.0
0.0
0.0
0.0
0.0
0.0585048534
0.0585048534
0.346304804
92.0064087
117.107513
106.167824
50.6879311
7.99100351
0.058961764
0.0585048534
0.0585048534
0.0585048534
0.0585048534
0.0585048534
0.0582870357
0.0568035655
0.0561647005
0.0561646596
7.05010271
19.7820721
7.41711235
0.0565900542
0.0561646596
0.0561646596
0.0561646596
0.0561646596
0.0561646596
0.0561646596
3.32894397
1.3275156
0.471068859
0.262851447
0.0573898256
0.0839606673
30.7798653
13.3909149
0.0569302738
0.0561646596
0.0857330337
0.0912243575
0.0561649501
0.0561646596
0.0561646596
0.0561646596
0.0561646596
0.0548510849
1.03052461
0.535631001
0.0538412035
0.624311268
0.36297676
0.0778456181
1.05313432
0.546394944
2.02039528
0.929501891
5.61945772
2.3932333
23.9169674
10.4627666
0.193881601
0.0086986674
0.0
77.470871
66.3462448
13.6174383
30.8915176
13.0446177
0.0
31.8039417
76.9960251
41.4627342
21.6591606
7.77072477
0.242405564
0.0
0.0
0.0
0.0
68.074585
223.586792
145.419647
25.698616
0.67271775
70.5528412
38.7510681
3.68991613
0.0
0.0
0.0
0.0
0.0877528936
0.21570076
1.05122161
7.53682756
11.3762493
23.933794
83.0842438
30.7329597
0.0
0.0
0.0
0.0
0.0
0.0
0.0
0.0
0.0511110201
12.0828676
4.72871637
0.0
0.516257226
126.196655
139.660721
98.8029022
66.4967575
49.1133766
31.7543068
12.8047905
2.07223225
0.682945013
0.196159825
0.0
1.87889504
0.930326462
0.00579938898
0.00977132935
0.0130579919
0.0170399267
24.1797466
94.4665604
122.372833
57.1525612
246.064697
145.649017
99.6060028
94.8475189
44.2872581
8.17015171
16.9863224
9.60492802
1.2678653
0.645318925
0.483512968
0.542418838
43.99897
19.4128742
0.393070281
4.02261734
2.22543621
0.427949011
0.474899918
0.446132481
0.599187255
0.605380774
5.40144444
3.01997876
20.0139599
14.2097797
6.87652493
41.4175491
163.461411
342.669464
222.310226
45.2337112
0.83559823
227.32341
174.57991
57.186821
11.8874493
29.5016098
14.6617393
1.17991674
1.22338986
1.26030564
1.29158485
1.31701028
6.93487358
271.204834
176.88913
27.62323
15.5119209
7.90083742
1.60421109
1.64206147
1.67483366
1.70116878
1.72265184
1.74101818
2.5427537
81.0912018
35.6286545
2.03188705
45.4564018
32.3490677
21.8909512
7.15005779
1.89093006
193.349213
86.6148682
4.191432
3.83953333
2.31154943
1.991135
2.01043582
177.146179
249.085312
76.4904022
119.264893
201.967178
116.173775
22.0442581
3.36580205
2.83030415
2.68298793
2.74200511
2.80225778
2.89474797
2.99315286
8.40442085
29.7649097
248.159683
214.120514
52.3405876
6.47694588
4.79840708
3.91911197
4.4733243
3.89445686
3.62660503
218.075684
101.188812
11.5091686
340.030518
237.337601
42.0384521
3.86864376
4.00621033
4.07516813
4.12712669
27.7807922
149.549896
63.9290581
4.19090462
4.37466383
4.39644909
4.32118893
8.73233795
54.9934464
219.04631
148.590027
28.836462
327.33371
140.378571
4.39808655
4.41650105
4.55196524
104.253181
139.261047
173.8293
76.6671906
314.701508
465.437592
426.758087
371.588684
155.365356
22.7267742
5.00481939
5.03394127
5.05418062
5.17669964
5.19178581
5.09289789
5.09352112
5.19350576
8.98719788
151.669342
142.682571
36.2233849
150.661896
83.6746979
14.3141804
5.62904835
49.4604225
21.4908981
11.1229315
6.62538195
5.18872881
5.93400383
5.17865133
5.15133762
5.13449478
5.11548233
5.09421015
5.07160568
5.04737234
5.02277994
4.99770546
4.97270823
4.94834328
5.30798626
4.89254332
4.86419487
4.83548212
4.80675936
4.77788019
4.75354719
4.74036837
4.73202419
4.72365618
4.7153306
5.19657898
5.82147551
4.77620268
4.68080711
4.67200851
10.4652882
6.99993801
9.733634
6.64747572
4.64938354
6.66037512
6.7120924
4.86685753
4.59060001
4.58098316
4.57166576
4.56206226
4.5518589
4.54179859
4.53132105
4.52053118
9.32434177
6.47167444
4.58578062
4.35959816
4.29469013
4.28388834
4.2728343
4.26153135
4.24980021
4.23825073
4.22652531
4.2148056
6.21241188
5.26616526
5.12769365
4.26848269
4.15675783
4.14473677
17.0671234
50.2881317
19.6619549
4.09396887
4.12353992
100.245804
155.524292
48.5539322
4.07394028
4.01697206
5.85214853
5.98446035
9.18782139
5.65835142
4.8462925
4.16566849
4.07972622
4.4113884
4.04948759
4.03367615
4.01697731
4.00042629
3.98368835
3.96703291
3.94984126
3.93251061
3.91511154
3.89859104
3.88295293
3.86674094
3.85025954
3.83430052
3.81821895
17.262619
116.934547
101.930031
28.5948048
84.8696823
463.466278
219.662094
216.139542
92.168869
5.98542595
3.65889955
3.64436531
3.63008022
4.17511654
3.92049694
3.59005594
3.57481503
3.5598619
4.579566
4.17549038
3.61751318
3.50640965
3.48840761
3.47445846
3.54710746
3.52771997
6.4650526
288.023743
477.500946
438.175781
573.781067
762.488953
324.932159
164.597397
65.4396286
7.82265902
34.1942368
212.088425
226.870407
78.4803772
11.1292391
6.95829391
6.07598925
5.04074287
5.0233922
5.06401873
129.693604
56.1009712
5.051404
5.0829854
204.513
401.084625
136.552536
5.30530834
5.09134436
5.09920883
5.13461494
5.13756514
5.13929701
5.14018822
78.32798
380.421143
655.54834
340.161926
104.091751
48.1080055
69.5378799
591.124023
496.747559
122.391357
116.450218
47.3805351
5.28172302
5.25705194
5.26329279
5.26804399
5.27155018
5.27411699
5.27597475
5.27719831
5.27795076
5.27838135
5.27848864
5.27827549
5.27782059
5.27755165
5.30777502
5.27563953
5.27450895
5.27351093
5.30350876
16.4480553
9.37294483
5.26496792
5.26088715
5.25655031
222.632858
190.132629
42.9666595
5.24752188
11.5214272
45.9083786
66.3057022
22.5012989
7.26610899
6.24495077
5.42644882
5.29971218
5.23896265
5.20109177
5.19524097
5.18874264
5.18226624
5.51772022
6.97843218
6.02450991
5.15390968
126.893784
53.418396
6.21036863
5.65257645
12.3832502
285.644775
196.884369
37.9288139
5.09494591
5.08940363
5.08583784
15.5898905
9.66694164
5.07114172
5.06546307
8.63342094
6.84243679
10.1462803
39.6068687
18.4136105
100.784279
70.1580276
598.866821
257.261963
371.401276
352.914307
211.144608
150.118561
44.9580879
19.0546589
693.464783
947.89917
281.277527
5.43389559
5.41754961
5.41754961
5.41754961
5.41754961
5.41754961
5.41754961
5.41754961
21.1309319
194.420319
537.368408
340.011414
559.216614
493.70343
211.298737
102.722504
890.951172
656.95929
163.800476
18.6556587
171.870514
626.038025
307.072388
30.025835
121.034317
51.3090286
5.41954851
5.41754961
5.41754961
5.41754961
5.41754961
5.41754961
5.41754961
5.41754961
5.41754961
5.41754961
5.41754961
5.41754961
53.6277962
74.7084045
24.5632286
5.41809464
5.41754961
5.41754961
5.41754961
10.6780577
18.082777
11.9516973
5.41756105
12.7168207
13.2638168
7.92176199
5.41755342
5.41754961
5.41754961
40.2381592
22.3789368
5.87072706
8.38712311
8.33536434
594.194092
286.058014
12.6375055
28.3852367
16.9128246
5.7300477
5.73605537
5.99294662
5.60862255
18.5913792
12.5955219
5.7327652
5.47264528
5.19082403
5.17487764
5.16013432
28.6451054
13.4735928
5.29831219
5.29210091
5.27933359
5.17854548
5.16364813
5.15411186
5.14532232
5.13761663
6.83807421
172.096069
78.0484772
5.42626381
5.11159658
5.21347904
5.10342407
5.09827137
5.09683943
5.0958786
5.0957427
5.0963254
5.09764576
5.09947109
5.10165262
5.10425043
5.10673428
5.10864639
5.11000061
5.11125565
83.4384232
38.2014732
6.5274148
5.17011976
5.15658665
5.14245319
5.20212746
65.565239
29.1520271
5.14079189
5.06790209
5.04757643
5.02915144
5.00907803
4.98793602
4.9662919
4.94346809
4.91950941
4.8955307
4.8718605
4.85659981
4.82129574
4.79445362
4.76815367
4.7415266
4.71418381
6.11780739
4.89654398
4.62547398
4.59435415
4.56294823
4.53134108
4.50494099
4.49119329
4.48264933
4.47389364
4.46527529
4.4569068
4.44789553
4.43884087
4.42975521
4.42072439
4.41164398
4.40254593
4.39326572
4.38359976
4.37324142
4.36318684
4.35272217
4.34183836
4.3308363
4.31964111
4.30807209
4.29627085
4.3850522
51.1908684
22.6264648
4.25248623
4.23971319
4.2278676
4.02938652
4.0167594
4.0043726
3.99182892
3.97923684
3.966712
3.95425439
3.94150567
3.92821598
3.91513443
3.90187716
3.88567591
3.86613512
3.85069942
3.83593583
3.82119393
3.80634832
3.79098415
3.7760694
3.76063919
3.74550819
3.73244429
4.10874653
3.71190071
3.73892236
3.67237639
3.65822768
8.94470215
8.33907604
4.58301115
3.59465623
3.76042342
3.74189901
3.72210097
3.70203853
4.4729948
3.72932386
3.64248848
3.62068009
3.5990684
3.57745314
3.55581141
3.53416371
26.8358879
13.0269833
139.547348
61.4070892
3.43518972
3.41152668
3.39044619
3.36932325
8.54510689
11.3651848
5.58773899
3.29128718
3.27232361
29.7630653
17.4370098
4.30780983
9.10040569
5.35804987
3.20713282
13.712738
7.41774511
10.4589186
6.91507959
5.33274269
16.8701897
24.1226006
137.196014
59.7832146
152.434418
784.445129
829.418518
228.567505
3.27376294
14.5271473
8.11815262
7.81176281
5.55117655
3.68280578
3.65664363
3.68077159
3.68094516
3.6879425
3.69024515
3.68890095
3.97261739
3.88240361
23.5919971
12.9847574
4.16980219
3.55507326
3.54296947
3.4964335
4.28801966
5.72817135
7.08455467
46.5231552
44.0073471
21.1939812
6.79369831
3.41115046
20.2577324
10.3460007
3.33167195
136.979874
121.944939
180.576553
215.182739
193.654419
346.853577
181.200302
77.5318527
24.7645226
6.49544764
193.678345
550.719116
212.302979
7.33193111
12.5810299
7.69334507
4.33370638
4.16839504
27.3997917
50.7424507
18.8475723
4.21575499
4.22485685
8.29500389
6.99039745
4.62474203
5.47432566
4.88795233
4.28085756
4.29524946
4.22217607
4.20095539
4.18973827
47.51054
46.8586464
28.2157078
9.50235462
4.13341999
4.25858164
31.4498291
25.8092728
9.64787769
4.53060913
20.0636806
303.423798
280.196411
80.6869431
11.4165239
5.23008251
4.04705381
4.04648209
8.53493977
6.24354076
4.03649187
4.0303421
4.02323866
4.01492023
4.00622559
18.3290653
10.0530243
3.97876501
3.96866345
3.99423027
10.31038
6.83957767
23.5237675
95.2312317
143.873337
84.729187
134.684494
155.814148
48.5113907
35.3482285
84.2662201
176.083557
116.35186
26.0353737
165.735336
70.6634064
4.7601037
4.84831953
5.39456701
5.02179146
4.18385983
4.1891737
4.19267654
4.19349623
4.19258595
4.19088268
91.474678
319.942596
899.895325
380.724976
183.769333
395.005646
140.958237
4.88863993
4.95499468
5.00847387
5.0447073
5.07069874
5.21451473
530.267517
230.281158
33.0035286
25.9226341
10.0593767
61.4659386
40.8681145
9.24727058
10.3286963
6.47791195
8.59518433
106.680786
46.0565681
95.4159317
40.2554131
5.35955906
5.36173487
113.956894
254.783569
202.244873
49.7038841
5.39625978
5.40088987
5.40809679
5.41238689
22.7500744
61.0474892
24.2658691
5.63731241
152.512848
250.997116
89.0482864
183.947052
175.59053
50.0818367
135.243454
55.7622566
11.8869467
9.52066231
6.39478779
5.78393459
5.41754961
31.9254799
16.8386002
6.30155516
132.682144
148.472839
337.336823
140.132416
14.4295406
8.10112286
5.4168663
5.49386787
5.72143507
5.85120583
5.58483887
5.37448978
5.36512136
7.93810892
7.57718754
5.6695075
93.5676498
130.128754
43.2482376
5.32433701
19.0009556
12.0739269
5.34411764
5.22171926
5.20870733
5.19635248
5.18475151
5.17386484
5.16399956
5.2525773
173.749451
534.611755
275.833252
35.3131485
5.12193727
62.237175
1596.86389
1240.00757
247.196533
5.25566101
5.22497129
5.69382048
5.23979378
5.10707378
5.0985837
5.10049057
5.10308313
5.10652685
5.11073923
5.11559057
5.12122488
5.12750435
5.13488674
18.7515354
372.016998
853.350708
551.939636
111.91114
5.3689127
5.29099083
5.29783249
6.31860161
5.41518116
5.34349823
5.34895897
5.35697508
5.36410141
5.3681488
5.36997747
5.36929893
5.36647272
5.36206913
5.355865
5.34665918
5.33495235
5.32611609
5.30679464
5.28557396
5.26154232
5.23649883
5.2105794
5.18412066
5.15743303
5.12976408
5.10566378
5.09323931
5.08526516
5.07689714
5.06872129
23.9549789
11.9287701
5.04428101
11.325242
7.04412889
14.2103338
23.1059017
30.8426933
29.4980984
33.759922
13.6592035
4.96507978
4.9554944
4.94646454
10.9720888
6.87942076
4.91826439
4.90824842
4.89864302
5.16361713
4.87908745
16.4170189
9.00693035
16.4066162
22.0420437
15.5641098
19.9774094
49.1494217
21.0344181
4.8046813
36.3385658
40.0127068
57.7071571
21.8320007
4.61568451
4.56254864
8.61573982
8.37548542
5.20955896
4.51599646
4.50470924
5.599298
4.66139793
4.47178698
4.50234747
16.7704411
9.07968235
4.42453194
5.77629805
86.336586
102.446556
243.326645
322.506744
239.070023
61.477787
4.75102329
4.49449444
4.48643017
4.47739077
4.46797466
4.45877075
4.44913673
5.1867137
4.42807388
4.41692209
4.40534735
4.39271832
4.37865448
4.36400938
4.34964371
4.33547068
4.3203516
4.30461311
4.2887187
4.27272511
4.25636148
4.24025488
154.696548
224.268845
135.91362
57.8955917
466.616852
300.644104
195.908554
94.9845581
16.5930958
4.63854265
5.05096722
4.66084719
4.27983141
4.28168392
4.2815218
7.55108166
5.94145966
4.41089773
4.28690481
4.29090738
4.25295782
4.2542181
4.25950861
4.24992466
4.20396137
4.19000959
4.17602253
4.16226768
4.14696789
4.13117838
10.8786125
115.032211
74.8386078
68.2105331
26.4661694
4.04736853
97.1757584
371.195038
380.810486
127.833603
16.516264
5.12191534
3.9725275
3.97648907
4.29172516
4.4511075
4.07611609
14.643959
92.3942032
99.0839691
51.2081795
13.1936798
3.91340327
3.90352011
3.89263368
3.88043571
3.8671906
3.85341525
4.65822649
4.0277586
3.80832911
3.82315135
3.86693764
3.80297613
3.77734351
3.72724152
3.70863628
3.7771225
4.30891514
25.8625793
49.8438988
18.0079784
3.6741159
3.59981108
103.251175
42.1689835
3.55553412
3.53793693
11.8956928
6.6135335
4.57067442
25.0658817
11.2514391
3.614887
317.66983
143.000916
710.639954
569.180786
688.79071
257.296692
36.7791023
295.833344
124.879913
7.80735588
9.24583435
6.33363771
4.5818162
13.5407457
7.92821646
45.7148361
506.931732
779.352539
517.15033
651.306274
222.799896
5.22272491
5.26111841
5.31245136
106.02182
47.0092354
6.51637602
22.5830536
49.8119125
21.0335674
30.3723259
16.0206242
5.2834692
5.28226423
5.28202009
5.31651497
5.28062487
5.28020716
64.6840515
194.77417
73.6099167
5.31762934
49.3425713
267.357452
837.755188
448.256165
64.8244095
5.42080545
5.41754961
119.069321
158.405334
51.0431023
135.495529
163.617981
176.771622
85.0744171
16.0660057
5.41870689
39.3171577
33.9554176
11.6915903
5.41835976
5.41754961
5.41754961
5.41754961
5.41754961
5.41754961
5.41754961
5.41754961
5.41754961
5.41754961
5.41754961
5.41754961
5.41754961
5.41754961
18.5741539
12.3470211
5.89877701
5.77394104
5.49422073
5.41754961
5.45575666
5.42968702
5.41754961
5.41754961
5.41754961
8.2756815
9.41954613
6.22023201
5.41754961
5.41754961
5.80452585
5.54027367
5.41707706
5.41676569
8.82877159
8.72371101
6.18058395
101.037071
47.4133911
15.6289177
201.058319
276.720825
542.4953
366.014008
73.7294922
5.42107725
5.41754961
5.41754961
5.41754961
6.12539721
6.07668209
5.41754961
5.41754961
5.41754961
6.23639917
7.27810621
168.694611
464.567963
551.183899
291.658691
60.3560715
9.01109314
7.31614542
7.29745197
6.9764204
5.34454632
6.49362183
91.877655
271.258514
439.544281
326.582886
111.523766
18.7954788
5.50431585
5.17947578
5.15671539
5.23522186
12.6267223
8.74162483
190.532318
1049.65527
426.947052
16.7809124
8.58958626
8.09346771
5.57710791
5.23054647
5.12336588
5.11711597
5.11191702
5.10749102
5.10419178
6.11873245
5.12802029
5.09706831
5.0961051
5.09596682
5.09654856
5.09788132
5.10028744
5.21637344
5.22180557
57.6564598
92.463562
31.1666908
6.19641352
5.17955256
5.32023764
163.263596
139.646118
33.0388031
5.24285269
5.31832886
46.2084389
20.7975063
5.25338793
5.25091934
5.24713469
5.24098301
5.22911406
5.23722649
5.20048237
5.18232107
5.1619153
5.13967466
5.11632729
22.2065029
10.9113483
5.04303217
5.02074957
4.99315643
4.96874332
4.94068098
4.912045
4.88335991
4.85485935
4.82616138
4.79730177
4.85344458
4.75988531
4.75113916
4.74282217
4.7340107
4.72521639
4.71625566
11.5695333
6.84628153
4.68989563
4.68065262
4.67153645
4.66203785
4.65253925
4.64302254
4.63362408
4.62390804
4.61415434
4.60408878
4.59438372
4.5845542
4.57470036
4.56441641
4.55377054
4.54341125
4.53258419
4.5219245
4.51119089
4.50008965
4.31344748
14.4120541
11.2067375
5.31449318
4.31443644
4.30399227
4.24444151
4.23266888
177.873932
71.782608
4.20779085
4.19177914
4.18006754
4.16824436
4.1563158
4.14398241
4.13279009
4.16562223
4.10985136
74.3252029
31.3034267
4.07472134
4.06037664
4.04698992
4.03469706
20.5087337
10.4489918
3.99638891
6.71308231
4.80378962
3.95125818
4.09743738
4.08187962
4.06651497
5.87501621
4.29871559
4.0193553
4.07087183
19.6184349
67.3666611
192.91951
444.500244
451.079315
262.924316
76.509613
19.3597679
6.99366903
4.35637093
3.90909004
3.89915395
3.88797235
41.2721672
18.6031914
3.85356021
3.83936477
3.82506824
5.30851078
3.93016315
3.7834208
3.76862502
3.7537415
3.73820972
3.72279477
3.70742416
88.6951599
38.5723
3.77516508
3.65150094
3.63586307
3.62212563
3.60808277
3.59034324
3.57381916
3.55814004
10.0582771
94.1122589
82.6343536
20.8246136
122.390686
231.372101
175.484177
163.832428
158.548889
83.1959763
18.1468201
3.43781734
3.42992091
90.6221085
1043.38
1154.17859
659.817383
181.975281
20.2003231
6.24156237
5.01857758
5.05674458
5.04666185
5.05984545
5.06932831
5.07516575
5.11055756
5.11221266
109.037376
46.5146561
5.0807457
5.07685614
5.15454531
5.07934666
34.5244675
16.6000633
5.0564003
5.04800987
5.03893614
5.02922249
81.1708069
34.5466957
5.02875137
8.76143551
376.850433
171.524338
11.8519831
4.96474838
151.034912
369.867126
274.47287
326.410217
107.845749
5.03192091
5.04491234
5.05627966
5.09447098
5.06840754
5.07096577
5.07176924
5.07096338
5.06904125
5.06676054
6.98661613
6.25920057
5.20914841
58.839447
24.781826
5.03852558
5.02955294
5.05299473
5.01171255
5.00128269
4.98950338
4.97808361
4.99866676
4.95331717
4.93955612
4.92613792
8.61931801
6.77248907
4.88933611
4.87654257
4.86458492
35.0597382
17.0763702
6.43125916
13.3436155
8.17505741
4.7923522
34.7663803
186.283356
178.480225
47.1161461
4.73651361
4.72314978
4.71211529
9.99820995
71.8845291
50.1007919
12.8058109
19.0895462
10.6783285
4.64062405
4.62904119
88.4293518
42.1049232
224.757385
96.3802795
7.15578318
4.72412825
4.71542358
4.70556116
4.69521475
4.68469715
4.67324352
4.66202354
4.65155935
4.64021778
83.1636658
36.9299126
6.03340149
5.55547667
25.3212357
301.870148
195.295807
36.3358154
5.55859327
4.55466413
4.5504632
4.96149731
4.98665047
4.53535461
5.60916662
5.33520031
4.5157671
4.50733614
4.49891138
4.4900322
4.48110294
4.47176933
4.46187925
4.45181465
5.89663696
6.92657709
4.93807936
4.41310215
4.4026556
32.7899628
59.8088608
34.4639931
8.2508688
4.35591745
4.34663916
4.33731699
4.32786322
4.31824255
4.30861473
4.29943562
4.28989506
4.28086376
11.1643887
9.99980259
5.26527977
4.24569654
4.23651028
4.39996815
7.59138727
5.06485415
4.20235109
4.19396877
4.18564367
4.17713261
53.596508
134.867722
50.4289474
4.14792204
4.16868639
4.20623922
4.16818857
4.11816931
9.75276947
7.03204489
4.3134532
4.08709812
4.07214165
4.05269337
6.72419548
5.59816265
4.0481472
4.14483547
4.26836014
4.08723211
3.86220312
3.89670706
22.084795
11.7421474
3.76124191
3.73864865
3.79675341
3.69986057
3.85179377
3.82781982
3.79967666
4.79477739
13.8588619
15.9631157
39.1539841
46.085083
113.074753
42.9117889
3.47808313
3.45036244
3.42472124
3.39891982
3.37293482
3.347893
3.32475519
3.42392182
3.28953004
3.25577784
3.34981489
3.216748
3.18832278
3.16856647
3.25834513
3.24066973
3.11259699
3.09162021
3.0765934
9.71344948
5.06507492
3.0579145
23.4895706
130.999512
143.573349
40.1124763
3.15456343
3.13736916
3.02818227
3.07984877
2.99065971
2.96098232
2.9430685
2.92815447
2.96915698
2.90318632
2.88569069
2.87355304
2.86215973
2.85177517
2.84253597
2.83231902
2.82290053
2.82339692
2.80133843
2.77602839
2.7509191
4.04443598
2.93386483
2.67644072
2.65137339
2.62603164
2.60488343
2.59445071
2.58793497
2.58157897
2.57473946
2.56792164
2.56156135
2.55465221
2.54772377
2.54068804
2.53356004
2.52630138
2.51897216
2.51169491
2.50404239
2.49661398
2.48918009
2.4815526
2.47372651
2.46554923
2.45736432
2.44955707
2.44106817
2.43281627
2.42409658
2.41596889
2.40711474
2.39747858
2.20934486
2.20131874
2.19280577
2.18432212
2.17570543
2.16648054
2.15695786
2.1467402
2.13528037
2.12286544
2.11274385
2.102741
2.09243727
2.08183765
2.07101202
2.06037545
2.04946589
2.03843045
2.02687454
2.01569414
2.00449467
1.99464846
35.3842201
17.9145889
2.68753529
2.08002448
1.94516909
1.97809887
1.99665368
1.91058898
1.89810658
34.7521362
15.500495
2.02452564
2.00818539
1.99171472
1.9742831
2.04211974
1.94101405
1.92323864
1.90533149
1.88707459
1.86881757
1.85067832
1.83215976
1.81379545
1.79553258
1.77703822
1.75837433
1.74113238
2.00902271
1.71245396
1.69332385
1.67543101
2.21756005
25.9501934
15.8570585
2.98466325
1.59799671
159.468475
71.7253647
1.56021488
1.54363787
1.53144431
4.76425743
2.89106488
1.49870014
1.48697174
1.52710009
1.51760972
1.4532336
1.4417069
1.43159628
6.90123367
131.695236
170.396194
104.95063
24.862833
1.40919244
1.36442208
1.35467529
14.2919111
115.86097
82.1287079
15.2758722
1.37375784
1.30167031
11.6510382
5.68897009
1.2762816
1.26690638
1.25768661
1.12231827
19.7896996
44.3794479
179.575165
220.682755
85.0060043
105.507484
278.885864
345.729401
124.698669
8.77702618
1.18210185
1.20882368
20.2068157
62.7180252
39.1197357
58.4803276
22.1079636
1.31600595
195.237137
171.261948
38.3591156
1.57307029
1.45741498
77.2647781
137.915985
215.327148
381.372681
273.12738
60.825882
2.25465059
44.6780281
19.1239433
10.7728939
48.6382217
19.3529873
2.43920279
2.28569102
2.25699639
7.85955191
13.3961334
20.4622917
167.180374
95.1370163
308.90741
157.806381
108.444031
214.56955
305.733673
98.0184937
2.88146329
2.9507215
3.05764532
3.08163786
122.542313
89.4590225
261.23172
295.411102
204.131531
56.7829895
5.46585941
236.912369
200.476059
49.7043343
6.07642269
6.73994589
5.4669857
4.94628286
4.56859827
4.20386839
4.22667265
64.3088608
198.284836
140.678955
452.100616
175.242218
5.19757748
11.4846029
10.2009153
137.697189
132.032608
46.8071404
29.0099754
14.4977789
80.1430511
48.7806168
10.6678524
10.7787237
7.72475195
7.02988243
46.6909065
21.7233448
140.456863
122.083176
56.5296593
15.9103642
5.12467003
4.93242359
215.439697
128.377747
68.4507751
25.9823627
6.45283699
10.1884232
11.7588949
7.40185356
4.95232391
6.59310961
6.96754456
51.2280235
25.8930168
6.47295189
11.0078764
112.95623
50.7113304
4.94137144
5.12963963
14.4484358
133.376587
74.7453384
11.9761763
20.5120049
12.9071484
15.4082804
7.85516405
97.0487595
130.893921
66.2716904
52.6277542
90.5699081
366.497559
290.928162
154.985092
131.360214
41.9622765
5.38557053
4.998631
5.43653822
9.75479221
6.16182232
5.05262947
5.3435564
5.15890598
5.07582951
5.08129215
6.19291401
59.4127274
28.2331791
22.1976433
97.8593216
39.3840218
82.6370316
