0.0
0.0
0.0
0.0
0.0
0.0
0.0
0.0
0.0
0.0
0.0
0.0
0.0
0.0
0.0
0.0
0.0
0.0
0.0
0.0
0.0
0.0
0.0
0.0
0.0
0.0
0.0
0.0
0.0
0.0
0.0
0.0
0.0
0.0
0.0
0.0
0.0
0.0
0.0
0.0
0.0
0.0
0.0
0.0
0.0
0.0
0.0
0.0
0.0
0.0
0.0
0.0
0.0
0.0
0.0
0.0
0.0
0.0
0.0
0.0
0.0
0.0
0.0
0.0
0.0
0.0
0.0
0.0
0.0
0.0
0.0
0.0
0.0
0.0
0.0
0.0
0.0
0.0
0.0
0.0
0.0
0.0
0.0
0.0
0.0
0.0
0.0
0.0
0.0
0.0
0.0
0.0
0.0
0.0602976047
53.6914635
145.170471
219.415039
155.366028
51.4609451
10.0689716
7.32631588
0.13858667
0.139812276
0.141050279
0.141321361
0.141565308
0.141865224
0.142084211
0.142429635
7.79026556
26.4682598
13.2692022
10.0757866
0.885955215
0.14776215
0.148198575
0.148435384
0.148930773
0.149175227
4.31575823
3.16733027
1.48252153
0.756160617
0.332573593
0.150515109
35.9913101
25.5408611
11.2372637
10.0822687
0.650101483
0.183236152
0.1665214
0.159624904
0.159811884
0.159960315
0.159989357
0.160176933
0.842668533
1.60621941
0.578692257
0.42625463
1.07619667
0.433207542
0.815288424
1.56183505
2.19801521
2.5808568
5.86634302
6.34966707
26.5318813
17.6062584
10.0981531
9.34393311
0.282282263
120.475945
155.634872
77.799614
33918.3008
136.226318
111.146393
143.94342
231.56189
216.708176
161.059875
121.04731
105.84388
100.783905
100.428406
100.430542
100.431419
189.018524
514.328247
520.882324
260.561523
226.116318
181.441071
174.396866
126.337975
102.730759
100.672485
100.670654
100.668205
100.810959
101.018326
101.905235
107.973938
114.899872
129.692108
207.120361
191.304031
125.701454
100.721489
100.721733
100.720085
100.717659
100.715157
100.712631
100.709724
100.798157
111.589005
111.253525
103.676308
101.312943
261.79425
366.382355
323.892334
242.739761
193.531906
161.485748
132.494598
110.784164
102.77964
101.449921
101.024933
101.875877
102.573532
101.340385
100.894943
100.888199
100.882118
118.41996
200.581268
278.521484
234.391388
417.365021
420.552521
281.298431
218.815781
177.100815
126.627419
114.429138
112.247452
105.368134
101.680542
101.377876
101.263954
128.243896
128.955063
109.075012
102.844841
103.717522
101.80056
101.115776
101.110039
101.101952
41.0881042
44.1896248
43.8054199
54.1661911
56.8356438
51.2053299
73.6697998
210.535751
502.03064
475.200806
211.915634
64.0672455
224.604385
275.998291
159.04628
129.53508
120.982742
116.940788
106.238083
101.21048
101.196533
101.181801
101.167084
44.3073158
276.11438
314.160583
208.491974
120.007576
108.916527
103.66716
101.196075
101.183441
101.170837
101.157669
101.144638
101.755814
152.639069
151.62941
114.973419
131.079086
139.661591
129.597473
114.552231
103.496788
260.512634
262.589752
148.773041
103.953125
102.398796
101.266441
101.159523
234.751343
371.495697
276.124939
216.670654
282.335022
258.305237
160.416885
109.317413
101.89595
101.423775
101.376373
101.369171
101.361633
101.354095
103.381126
115.884987
288.698029
339.168121
212.73085
120.370483
101.4758
101.458527
101.434692
101.429054
101.422745
246.629013
237.740997
145.170578
354.551025
393.768005
214.949982
113.701691
101.594093
101.591537
101.58741
113.023903
184.299164
169.999054
121.670921
101.61647
51.6058083
51.5869179
53.9734459
81.3540115
207.528397
216.463806
115.803627
299.957764
322.949554
168.703323
101.603607
101.585251
156.671097
204.528442
243.71579
195.92337
336.486969
519.855896
533.904846
448.631714
450.728485
331.30661
176.772995
101.797798
101.776817
101.754852
101.732613
101.710541
101.687958
101.66571
102.789436
170.648956
204.509155
152.685333
192.794128
182.218353
129.120575
103.776306
124.605247
114.990448
108.084068
102.65567
101.995964
101.841042
101.447289
101.422386
101.397209
101.376381
101.356293
101.337082
101.318268
101.299995
101.282127
101.265678
101.249359
101.437469
101.22007
101.205643
101.191177
101.177383
101.163963
101.151817
101.143753
101.137238
101.131485
101.125275
101.372231
101.665329
101.263321
101.181267
101.094749
103.588455
86.9182739
53.8737793
52.3689613
51.5209122
52.1077194
52.2994919
51.5256157
51.2038155
51.03022
51.0227585
51.0170898
51.0104485
51.0035973
50.9967117
50.9888496
53.3566208
52.3418503
51.6794052
101.012817
100.956062
100.950798
100.945412
100.940163
100.934708
100.929398
100.924301
100.919228
102.076874
101.634949
101.749695
100.965866
50.9204445
50.893074
57.8436737
81.2104874
69.9921417
57.2170715
50.8815689
137.682678
256.481415
194.378632
89.6907501
50.965004
52.3695107
52.6020889
54.7920418
53.1029625
52.5468483
50.9810143
80.9308319
81.1600952
80.902771
80.8924942
80.8831406
80.8745728
80.8664474
80.8587799
80.8514481
80.8447266
80.838089
80.8335876
80.8317413
80.8263931
80.818634
80.818161
80.8143463
90.6699524
212.058014
264.880432
182.00769
195.337555
796.640991
773.614624
482.028198
268.272552
138.826584
82.3889923
81.0408401
81.0213242
101.150536
101.56102
101.145775
100.965782
100.952751
101.24157
102.011612
101.303246
100.931358
100.898315
100.888229
100.879089
100.923302
102.451363
416.456665
832.366577
871.625366
884.922363
1028.17285
718.272339
344.911316
185.957397
126.661255
115.800217
226.512756
300.387085
226.303802
134.952484
104.256973
102.666771
101.670219
61.2532272
61.2331238
129.370468
121.158089
79.2921295
61.1921272
188.979782
414.616058
322.377594
129.251801
61.3580284
61.2328186
61.21138
61.1912041
61.1725159
61.1538925
98.5039444
353.722412
695.727722
572.068604
254.102005
107.303833
101.046585
438.615051
536.146729
287.798859
185.736557
139.395676
177.53688
102.806488
101.34523
101.330643
101.315735
101.300621
101.285614
101.270721
101.256012
101.241539
101.227303
101.21344
101.199554
101.186157
101.174103
101.162064
101.150139
101.13839
101.127335
105.608795
105.182785
102.138817
101.087616
101.077644
216.670624
270.108032
194.962494
119.578362
104.952423
124.105026
146.990326
132.354523
109.189209
102.416908
101.539604
101.243271
101.143288
101.110641
101.103683
101.096428
101.0896
101.199661
101.763969
102.058815
101.313553
164.772156
166.46373
120.52507
101.839905
104.558098
310.779724
362.094818
213.153275
115.440117
101.186623
101.182167
105.556786
106.115875
102.449486
101.160675
102.388802
103.141762
103.57711
118.051994
56.2006493
98.6119537
109.055649
583.702637
577.498901
435.655884
381.194885
274.957611
171.959335
159.962936
119.26918
551.603394
934.452209
624.055786
684.100891
484.74826
543.415405
161.888229
101.43853
101.422089
101.405075
101.389091
106.008781
176.122589
427.222687
435.725403
476.576538
603.447754
588.847046
581.940369
912.794067
763.30304
635.506653
612.591797
619.516724
525.068726
348.035889
312.280823
310.12442
301.947083
122.376633
101.83857
101.82843
101.81707
101.805153
101.793053
101.781097
101.769051
101.757431
101.746223
101.735603
101.724747
115.534531
131.779861
120.711433
105.194359
101.687164
101.678932
101.670341
103.439896
106.396042
103.094673
102.11042
103.237961
102.806419
101.98996
101.65107
101.594528
101.585976
113.395508
107.759171
103.491447
101.949432
101.56881
421.205536
411.891052
195.510132
110.017883
105.485405
102.880379
101.615311
101.610405
101.604828
105.04538
103.401825
102.248505
101.582405
101.575142
101.569145
101.563225
111.306213
55.7864761
52.8414536
51.5051422
51.485466
51.465538
51.4451523
51.4253502
51.4052505
51.3858719
52.2091446
125.183029
110.150818
69.0380859
51.3275032
51.3128891
51.297554
51.2815056
51.2654724
51.2493629
51.2336578
51.2182579
51.2030754
51.1884232
51.1742401
51.1604271
51.1469307
51.1337471
51.1213913
51.1091766
90.114151
129.497894
110.713745
101.362488
101.062355
101.053009
101.044067
137.861557
127.205635
109.134819
101.022476
101.015953
101.009132
101.002213
100.995247
100.988548
100.98217
100.975906
100.969933
100.964005
100.958565
100.953278
100.948029
100.9431
100.938179
100.933365
101.680878
101.122566
101.031738
100.915245
100.911285
100.907036
100.899773
50.8962975
50.8930855
50.8899651
50.8878632
50.8850937
50.8811646
50.8783455
50.8754807
50.8729019
50.8696823
50.8666763
50.864006
50.8611946
50.858078
50.8554344
50.8524933
50.8496056
50.8472214
50.8444901
50.842041
50.8394432
50.9148903
77.9834824
71.0526276
57.4000969
50.8325729
50.83078
50.8257141
100.82489
100.824173
100.823479
100.822769
100.821854
100.820854
50.8199425
50.819191
50.8185158
50.8176537
50.8163261
50.8147545
50.8139648
50.8128014
50.8118591
50.8108749
50.8094406
50.8086128
50.8080673
50.8064804
50.8057022
51.1658249
50.8158264
50.8054276
50.8040009
50.8004379
54.1842575
54.1935081
52.124588
51.1047897
50.7946777
80.7915573
80.7883606
80.7849197
81.6074219
80.805069
80.774559
80.7707367
80.7716751
80.7679901
80.7621384
80.7584305
95.4991379
90.236702
256.703003
224.694214
127.79512
80.8019867
80.7969131
80.7891922
86.4652863
92.0293198
87.4896698
82.6306992
80.7667007
113.645111
112.025078
93.0353241
89.4086838
86.3667068
82.7531281
113.17086
113.776031
113.532074
111.143173
107.224831
69.8888474
89.2764511
294.379517
284.750092
334.700897
1301.00342
1726.83521
938.144409
257.070862
106.511276
107.660904
104.723389
103.890648
101.80571
100.990601
100.975876
100.960754
100.945129
100.929466
100.914467
100.935783
101.084915
110.817207
112.400345
105.044083
101.097549
60.8350792
60.8227882
61.5981064
62.9108009
64.1916885
92.153595
105.777588
90.0998383
70.3056946
62.435051
75.8668671
70.6829376
63.8236656
196.239685
239.246902
300.900146
356.898132
340.961792
474.365234
394.280212
206.000488
97.0357819
71.813324
196.895355
600.185669
512.600647
187.759888
67.5817795
64.4675446
62.4534836
71.2582703
83.060173
103.400192
94.7142868
76.921402
71.0867767
73.8071365
74.183609
72.2089691
72.0167999
71.9106369
71.2861023
71.086525
71.0376358
71.0073776
70.9923019
94.927887
111.188385
104.120026
85.2304077
73.5711899
71.0721664
88.4953384
96.5866699
85.0133896
73.9921341
82.0108643
365.556366
484.788788
291.152954
117.922188
104.455963
101.370811
101.093567
102.92099
103.732254
101.765564
101.063934
101.055923
101.048004
101.040382
107.734703
107.985001
102.820023
101.014275
101.007866
103.84034
104.502052
111.782028
163.879868
236.576019
221.525818
229.166168
260.440796
198.38327
139.950302
157.303497
239.230637
238.934265
160.534668
204.986511
199.084534
70.3753738
41.788353
42.2046432
42.0172806
41.5810966
41.2518768
41.2344284
41.2167969
41.1993637
41.1834831
85.9015045
312.686462
961.480164
824.456177
347.823303
309.269623
253.085449
98.5536728
41.4060478
41.39468
41.3805466
41.3656044
41.3517532
380.425232
389.896759
157.396408
55.450573
107.949089
91.2326202
67.684967
114.704239
104.872917
104.101822
103.161217
147.716736
146.366821
155.832611
142.905823
112.17482
101.35128
151.541565
265.234314
285.634888
189.167847
116.307396
101.440605
101.433647
101.424088
108.355957
129.963791
123.785782
106.334534
170.482025
268.059174
222.275223
215.638443
229.899963
171.324081
170.435547
155.495483
117.493858
102.232468
101.864296
101.568542
101.561234
111.49173
106.575188
103.121742
154.063416
186.257706
296.433105
253.547119
145.65979
102.369667
101.74884
101.637894
101.632294
101.626404
101.620087
101.613701
101.607025
101.861862
101.593758
101.587273
133.503998
163.812149
137.435425
110.123581
105.909843
103.841934
102.386551
51.5770416
51.5570717
51.5351982
51.513485
51.4918251
51.4703903
51.4497337
130.578064
445.762573
420.005493
172.412399
60.1682625
78.8184433
1117.25427
1375.43018
624.403992
611.779053
274.07663
424.200958
116.665802
101.524971
101.50502
101.485069
101.464706
101.444748
101.425034
101.40551
101.386482
101.367668
101.348976
105.869026
280.289948
700.859131
696.758667
334.695953
412.245361
332.127167
258.236908
101.811691
101.402718
101.365967
101.324059
101.304443
101.2854
101.26693
101.249123
101.232056
101.215843
101.200172
101.185371
101.170914
101.156944
101.144089
101.131714
101.119934
101.10881
101.098221
101.087883
101.07798
101.068504
101.059097
101.049202
101.043564
101.038055
101.030975
101.027161
108.359413
104.30188
102.129501
103.628624
102.051651
105.616333
110.29364
116.192314
117.98127
122.151382
110.68528
103.652306
100.971558
100.966957
104.310814
102.621681
101.643562
50.947319
50.9425354
51.1268005
50.933136
58.2375031
54.5735703
60.1317902
114.446022
111.512436
114.738823
138.332748
123.926323
107.714844
125.7463
136.384811
155.855743
131.691376
110.052917
100.958511
103.329224
103.936066
102.11924
101.201752
100.937599
101.773529
101.016708
100.951096
100.917435
109.311462
106.094261
102.839134
101.953133
167.372711
214.800171
396.934937
550.349365
492.025574
267.450775
133.484375
101.453896
101.127449
101.110649
101.093842
101.07827
101.063766
101.475815
101.035057
101.021652
101.008591
100.994675
100.980423
100.965431
100.951813
100.939087
100.926636
100.914467
100.902977
100.892029
80.8816605
80.873436
198.48465
358.113586
331.985718
201.501083
628.350525
672.815125
420.743378
233.461304
154.667297
107.763222
101.451569
101.722
101.283714
101.101364
101.0868
102.436913
103.389755
101.785095
101.059868
101.01815
101.00531
100.992943
100.981285
100.970367
100.959007
100.946693
100.935356
100.924187
100.913361
100.902359
104.002197
174.176514
198.343704
189.596329
153.99527
114.771118
176.377823
552.355286
725.620361
400.239319
137.908295
66.351059
61.6554108
61.0683403
61.3829803
61.5621338
61.201828
68.0849762
122.900467
157.99646
132.266083
84.7770462
64.7330551
60.992733
60.977375
60.9617996
60.9467926
60.9329376
61.7508507
61.2439003
61.0010719
60.8900986
60.9572563
60.8856735
60.8691635
60.8624611
60.8556442
60.9190826
61.3019943
114.294083
139.659348
129.346893
108.184258
100.874763
188.728195
187.045532
126.248505
100.882607
108.017853
107.761024
73.8319626
88.6553955
87.7000885
75.7629623
451.230713
472.196381
959.595947
1088.35486
973.468018
616.963135
257.245605
270.158447
267.846802
153.384155
105.313026
103.619354
101.763702
105.918167
105.59446
119.017395
450.11026
820.360229
721.375366
763.374878
806.098999
476.999084
544.998291
393.499664
162.348389
136.881622
112.023903
107.322525
120.123596
116.131462
113.57663
110.292915
103.763084
101.451553
101.441673
101.432213
101.422455
101.412506
121.869896
196.18364
182.802872
123.339706
117.834641
236.042236
680.011353
657.393921
297.020203
181.855179
167.790588
290.2883
181.28035
153.99115
163.14035
190.637024
206.319
172.480621
148.840042
149.902664
112.525826
117.42775
109.47599
103.005592
101.531853
101.515297
101.498009
101.480919
101.463699
101.446594
101.429932
101.413353
101.397064
101.381424
101.36586
101.350357
101.33535
45.608326
45.606884
103.407074
101.600616
101.327553
101.258461
101.2742
101.242683
101.220856
101.208443
101.196091
102.489601
104.221413
103.106133
101.329903
101.142563
101.463402
101.228371
101.114532
101.106064
102.869629
104.520073
102.939423
144.438446
145.680923
119.673317
234.299576
358.793854
625.915588
590.89563
295.671265
125.580856
101.318909
101.314346
101.308128
101.301292
101.293922
101.286446
101.27874
101.270828
101.263153
101.255333
174.953659
418.422668
574.954224
429.484833
206.315964
114.841461
101.461769
101.525986
101.454391
101.448952
101.443108
131.549591
224.515656
353.347473
343.132935
215.300262
124.675346
103.248421
101.613762
101.608849
101.604012
54.4117279
53.0826645
123.517731
670.032349
614.969238
220.839615
105.96637
103.181137
101.581696
101.55011
101.518852
101.498833
101.478844
101.458473
101.438446
101.861755
101.400421
101.381569
101.363243
101.344917
101.327263
101.309601
101.292519
51.2760353
51.2605667
70.5297852
92.2539062
72.8036346
57.4423485
101.200302
101.187851
182.330475
205.670563
148.949661
109.91449
101.188019
122.715912
113.542519
105.017334
101.150322
101.139824
101.129333
101.118896
101.108681
101.099182
101.08947
101.080444
101.071457
101.062538
109.758263
105.076942
102.359276
101.031982
101.025009
101.018074
101.011452
101.004807
100.998337
100.992569
100.986694
100.980873
101.023445
50.9666748
50.9625969
50.9584465
50.953846
50.9495544
50.9452705
54.2112961
52.3185196
51.4767227
50.9284782
50.9241676
50.9200096
50.9159737
50.9118233
50.9075699
50.9029617
50.8989182
50.8948364
50.8909721
50.8873863
50.8831291
50.8791389
50.8753433
50.8714981
50.8676949
50.8641701
57.1424675
50.8565788
100.85228
106.046783
105.233582
102.573547
101.162773
100.847115
100.844856
100.840591
263.088379
237.334641
145.334976
100.895325
100.89502
100.892097
100.888458
100.884926
100.880783
100.877487
100.874802
166.761383
158.356201
119.43927
100.897491
100.895309
100.891785
115.681488
111.110558
104.525291
102.899796
101.914864
101.340446
100.873688
100.869431
100.864113
82.2761002
81.229332
80.9908066
80.8994293
93.9983215
151.7677
375.376862
843.851562
983.670532
651.453125
304.456177
145.947586
107.902481
102.82196
101.086609
101.068092
101.048035
122.892349
118.354073
107.010796
100.979736
100.962738
102.044647
100.973534
100.917885
100.904083
100.891563
100.878975
100.868866
100.861076
158.605743
159.665207
118.838966
100.897301
100.857361
100.851524
100.846458
100.839287
100.832779
100.826012
105.210739
182.518066
224.953888
169.172363
231.276733
415.657776
422.12381
349.160339
314.089844
243.251648
153.658615
109.080956
101.127502
158.710175
1188.98608
1715.02808
1169.97437
485.444702
139.388199
106.781166
101.667831
101.281982
101.262688
101.24041
101.217049
101.193474
101.171143
101.150597
151.977631
143.450592
73.9161835
61.0904198
101.131058
61.0621147
77.9218597
72.053299
64.3767014
60.9869461
60.9702377
60.9545326
105.960838
96.6338425
71.7429733
64.0780182
387.503418
383.143066
162.26387
103.512238
188.848145
421.935608
451.798279
418.270966
289.481323
225.744766
183.851624
101.192619
101.181793
101.170212
101.15873
101.146484
101.134293
101.122276
101.110611
102.204399
102.28315
101.458389
125.392677
124.39959
107.746483
101.048668
101.040909
101.03392
101.026398
101.018761
101.011528
101.004578
100.998505
100.992233
100.986122
102.316368
102.916107
101.470917
100.963982
100.959045
114.787415
114.45607
105.308556
105.690224
105.371605
102.006462
116.907166
247.476105
314.015259
219.059021
124.743256
101.04969
101.047546
103.452713
141.059341
151.732086
124.214775
112.095184
109.142197
103.153328
101.060936
150.979675
154.490524
283.652039
274.692139
155.221664
42.1217957
41.1536026
41.1372032
41.1199646
41.1027031
41.0855637
41.0694656
41.0551491
41.0411491
84.8838043
85.2978134
55.7798386
42.1324997
53.2223053
320.980896
365.636841
172.535751
56.6928558
41.5302086
41.0757484
41.1339111
41.4098663
41.236393
41.6377792
41.7027473
41.3214264
41.0003357
40.9896812
40.9794922
40.9696198
100.95977
100.950035
100.940369
101.947433
103.542374
102.789497
101.082962
100.899323
117.885521
148.648453
145.971527
118.907463
102.96804
100.891258
100.886345
100.880844
100.875679
100.870132
100.864777
100.85939
100.854774
105.991898
109.258743
105.284485
101.22377
100.836555
101.080528
103.788315
104.00174
101.143608
100.822235
100.820267
100.81675
136.832214
238.307373
205.747314
129.403778
100.881165
100.880539
100.877556
100.872055
103.685745
102.363388
101.432655
100.855591
100.851067
100.846893
101.694885
101.14093
100.994614
100.83522
100.831619
100.828484
100.821159
100.818901
113.830925
107.902069
102.990791
100.807556
100.806618
100.804359
50.8054695
50.8029861
50.7997131
51.6027527
59.6947479
63.2803459
88.3381958
105.910828
191.593933
147.099548
78.285675
50.8652153
50.862587
50.8585167
50.8539162
50.8490105
50.8439636
50.8397675
50.8351517
50.8302116
50.8266068
50.8226814
50.8181381
50.8139572
50.8102951
50.8077621
50.8045273
50.800293
50.797123
56.0254478
52.6686935
51.4016113
68.3027344
209.068542
293.581696
191.769348
82.2659378
50.8929901
50.8890076
50.8833809
50.8773651
50.8707771
50.8644218
50.8584862
50.8529434
50.848114
50.842659
50.837883
50.8330612
50.8287277
50.8243332
50.820282
50.8163567
50.8123779
50.8090096
50.8056641
50.8013382
51.6062508
51.013443
50.9165688
50.7901688
50.7851715
50.7828331
50.7804298
50.7740402
50.7743912
50.7722588
50.7669716
50.7647667
50.7625389
50.7604942
50.7584763
50.7559586
50.7540092
50.7519531
50.750309
50.7482262
50.7462234
50.7443619
50.7425728
50.7409439
50.739006
50.7372589
50.7353897
50.7337646
50.7323875
50.7306099
50.7291069
50.727253
50.7256432
50.7226028
50.7220764
50.7217827
50.7210846
50.720089
50.7194786
50.7189217
50.7183647
50.7175713
50.7164574
50.7156219
50.7148933
50.7141685
50.7136765
50.7129555
50.7118111
50.7112846
50.7108116
50.7103157
50.7101021
50.709053
50.7083626
69.6535797
65.5890503
55.8076401
51.1002579
50.712841
50.708786
50.7515678
50.7108994
50.7073898
37.5499268
110.237282
107.324623
100.704292
100.701408
100.699585
100.823769
100.699974
80.6928329
80.6906586
80.6884995
80.686409
80.6844025
80.6821823
80.6803741
80.6785812
80.6769562
80.675148
80.6734543
81.0707016
80.6836624
80.6718826
80.6684494
81.3590012
99.6544495
98.78582
88.0404892
81.5720215
345.669922
316.401398
177.561279
100.728928
100.726936
103.939903
104.950859
101.906372
100.713387
100.710396
100.755508
100.718567
100.700623
100.697441
106.052818
317.460968
493.17691
407.957825
221.866135
121.254257
100.868637
100.859566
112.457748
246.417664
279.040863
180.115631
112.095879
100.913719
109.68354
110.954559
103.814209
100.863052
100.851089
60.838562
81.2823715
118.973236
350.28067
494.457092
330.975708
225.724304
429.940735
600.747986
392.268677
141.904404
64.1405792
61.0990067
74.3012466
109.786362
107.940399
118.70932
94.4665222
70.3430099
230.849106
288.21698
169.338226
79.4283447
61.1618919
114.432129
190.429321
289.756958
492.860657
464.926941
228.652008
97.604805
124.725235
124.667381
113.377068
131.200714
127.429581
78.5675354
71.3351517
71.2312622
74.7598572
79.9880676
86.1311569
196.569885
208.360901
370.263306
349.04126
252.64946
278.755127
390.622925
295.406738
148.818481
101.449135
101.438194
101.42469
166.079132
189.648743
307.282898
396.122498
343.746216
211.902634
125.106422
231.689789
286.214203
195.597488
119.559196
103.090889
103.118553
102.280205
102.07103
101.718834
101.602295
126.842766
222.617676
241.715668
452.73053
407.712738
190.442947
104.250092
105.48037
162.000717
196.603455
159.412323
124.904778
111.558212
136.01181
139.789856
117.145119
105.322655
104.609207
103.070206
118.949745
118.705788
110.554558
135.341507
101.39875
62.1399422
45.5514832
41.7719269
154.494156
172.902252
115.045967
68.8376846
49.2567062
44.4080276
45.9682617
44.3019714
42.4094925
42.3703766
42.6453133
61.3902397
61.092617
48.4367905
44.9881897
97.8968506
96.5111237
58.325058
41.5580635
45.9189377
113.359863
119.200058
70.5612259
51.200367
109.038879
110.303787
107.215439
153.637421
207.070282
184.398193
152.893585
166.496582
391.544556
442.538605
301.88092
215.193237
158.660065
113.940804
101.804642
102.015411
103.66687
103.946251
101.933212
101.886589
101.747597
101.676971
101.66584
102.210571
124.910835
125.149261
116.365822
153.33844
145.960052
151.186874
