0.0
0.0
0.0
0.0
0.0
0.0
0.0
0.0
0.0
0.0
0.0
0.0
0.0
0.0
0.0
0.0
0.0
0.0
0.0
0.0
0.0
0.0
0.0
0.0
0.0
0.0
0.0
0.0
0.0
0.0
0.0
0.0
0.0
0.0
0.0
0.0
0.0
0.0
0.0
0.0
0.0
0.0029851459
0.0141598796
0.0256271437
0.0339003801
0.0385825858
0.0421691462
0.0415004753
0.0408141948
0.040607322
0.040607322
0.040607322
0.040607322
0.040607322
0.040607322
0.040607322
0.040607322
0.040607322
0.040607322
0.040607322
0.0
0.0
0.0
0.0
0.0
0.0
0.0
0.0
0.0
0.0
0.0
0.0
0.0
0.0
0.0
0.0
0.0
0.0
0.0
0.0
0.0
0.0
0.0
0.0
0.0
0.0
0.0
0.0
0.0
0.0
0.0
0.0390455052
0.0390455052
0.183152139
21.2939472
31.6323681
37.6385727
26.6495895
10.7896681
10.0195436
0.179131344
0.0390455052
0.0390455052
0.0390455052
0.0390455052
0.0390455052
0.038533479
0.0376905985
0.0374836847
1.98187864
6.0709033
4.13578176
1.28379846
0.0374836847
0.0374836847
0.0374836847
0.0374836847
0.0374836847
0.0374836847
0.963374734
0.699019253
0.328755856
0.18157506
0.0788582414
0.0374836847
7.17294645
7.42244864
2.25982428
0.0374836847
0.0374836847
0.0418644696
0.0388753712
0.0374836847
0.0374836847
0.0374836847
0.0374836847
0.0374836847
0.187113315
0.365479589
0.129089847
0.0950127393
0.248874769
0.0977580324
0.191925198
0.37042886
0.540279329
0.619376183
1.47628152
1.52699661
5.9656496
5.93533468
1.8302002
0.0
0.0
18.2572556
21.3453026
11.3734169
15.0301476
6.49563122
1.94657326
8.41007042
22.8707676
16.7941666
14.6660166
4.29383516
1.11421227
0.0313821733
0.0
0.0
0.0
17.7508602
63.0222702
55.7224731
26.33675
10.2889137
24.2138176
15.9899712
8.71541882
0.523275971
0.0
0.0
0.0
0.0277190041
0.0933532268
0.386297464
2.38973999
4.31115103
8.34309292
25.9376888
13.223814
9.9464283
0.138936639
0.0
0.0
0.0
0.0
0.0
0.0
0.0194599479
3.53163838
2.82880855
0.761556685
0.177534848
34.7716179
41.866539
45.9735413
32.4380836
23.7018738
17.2134781
12.7447872
108327.945
100.623932
100.204903
100.070709
100.41053
100.56929
100.184319
100.055244
100.058792
100.062103
106.576286
128.39711
144.36824
130.906036
176.442657
169.798203
149.333252
139.427551
125.459343
108.874611
105.925156
104.830559
102.036064
100.638107
100.525726
100.521141
111.9123
111.193527
103.474442
101.24762
101.559525
100.803635
100.567368
100.557663
100.661285
40.6677208
42.0708351
41.8089294
46.0540543
46.6461868
44.3638229
52.0635376
88.1426086
153.470276
148.352234
86.661087
48.3670158
102.037254
119.450882
83.4521942
52.8190231
50.7669029
48.5269508
43.6371002
41.4103165
41.4498177
41.481945
41.508091
43.1632881
114.876846
124.656036
75.7665405
49.9279251
45.3178101
42.9353256
101.840538
101.875717
101.904831
101.929382
101.949646
102.269882
124.403183
121.876495
107.536369
114.722198
117.049194
113.373787
107.216759
102.980446
156.051132
151.234161
78.9117584
50.5940094
57.9916382
54.8487167
42.2120399
92.9639282
138.125885
99.7334595
91.0697784
120.721512
107.995758
66.9393692
88.0241547
90.4180145
71.3162308
102.800911
102.808876
102.829521
102.843933
104.535889
112.486534
185.707016
201.741562
145.629288
110.639313
103.000854
103.012451
103.03286
103.036201
103.046944
181.568115
59.9004097
121.341911
247.564697
247.672058
152.523651
109.128906
103.237671
103.274529
103.284615
114.875076
173.350128
143.637451
113.559792
103.285179
53.3374939
53.3076591
56.1514091
79.4670639
168.358932
150.141724
84.0445862
231.838348
149.089081
79.9794769
53.2828407
53.3293648
102.216278
133.951599
159.095886
108.955002
230.353043
340.407623
365.3396
335.074097
208.006836
94.3561859
57.4270477
53.2896805
53.2921753
53.3317528
53.3723373
53.34198
53.3093758
53.343605
104.994095
113.214462
134.332199
87.483429
181.221069
156.509583
121.330406
105.118149
124.631508
63.2918205
59.5933533
54.3382645
103.852905
54.0334702
53.4894791
53.477623
53.47509
53.47929
53.4830971
53.4863281
53.4889755
53.4907227
53.4920998
53.4926033
53.4918976
53.7568817
53.4918938
53.4781075
53.4678879
53.4549789
53.4414558
103.386971
53.4054031
53.3866463
53.3901215
53.4104347
53.7034416
54.0377617
53.5096207
53.4502144
53.3869019
55.7551689
54.4308586
55.7728157
54.3002281
53.6442833
54.315712
54.374733
53.6174088
53.4309349
53.3312035
53.3249207
53.3188477
53.3126144
53.3059158
53.2992783
53.2925568
55.2095718
54.1651993
53.5887146
53.182888
53.1489563
53.1419563
53.1344681
53.1271667
53.1199951
53.112709
53.1049919
53.0975151
54.018116
53.6058197
53.7073059
53.1004524
53.0722275
53.0527077
57.793766
68.8570404
62.0600548
55.8229027
53.0337563
83.5353622
110.446136
84.1468277
60.9926605
52.9717674
53.9829483
54.0037994
55.1617622
53.5856018
53.783905
53.0408669
83.0189743
83.2466583
82.9963074
82.9864655
82.975975
82.9647446
82.9536209
82.941925
82.9302902
82.9183578
82.9060898
82.8940735
82.8825073
82.871048
82.8595657
82.8478928
82.83638
87.2944794
117.007568
123.119843
102.642265
111.534355
232.393402
200.115906
193.527466
135.527176
99.0225449
83.2951202
82.7794266
82.778511
102.836777
103.02475
102.845642
102.76342
102.756737
102.876534
53.2130318
52.9161339
52.740097
52.7192268
52.7098694
52.7009735
52.7213173
53.5002289
138.301971
235.714142
271.530151
354.735474
439.125702
302.326721
183.543701
163.167389
122.322067
114.96843
183.180115
231.217896
189.289749
128.502991
105.994888
104.834732
103.91433
63.532608
63.5484428
110.608589
102.22673
75.7516479
63.5494118
139.981415
272.691284
187.178711
96.4334259
63.6226006
63.5335464
63.5491524
63.549202
63.5491867
63.549221
94.3785248
246.543701
427.957825
339.643066
192.328796
107.858406
106.315201
426.72879
484.126617
276.652039
166.318573
105.2267
76.1182861
63.5336113
73.5334854
73.5334167
73.5333557
73.5332794
73.5332031
73.5331192
73.5330353
73.5329437
73.5328445
73.5327377
73.5326233
73.532692
73.5481033
73.5323181
73.532135
73.5321808
73.5478439
78.1569366
77.3797302
74.5174637
73.5311203
73.5310516
152.436859
175.783997
122.277924
82.299942
76.3635864
91.3866272
105.149155
91.3609467
78.0924301
54.3200874
53.8007011
53.6055527
53.5612297
53.5278625
53.5275993
53.527359
53.5273094
53.6294785
54.0322609
54.1933365
53.6855316
97.8916168
87.0240173
63.3214111
53.9354439
55.8704948
172.87561
168.281738
98.8236237
60.0251312
53.522438
53.5223236
57.0606651
56.7007828
54.3239174
53.5209351
54.4003983
54.8139458
55.231823
67.2119217
52.4820023
81.3230438
79.4981918
321.577667
224.057205
263.793945
264.029663
211.61087
157.104675
94.1429138
60.8437195
441.653503
800.450073
521.085571
151.576782
43.615612
43.615612
43.615612
43.615612
43.615612
43.615612
43.615612
48.8505478
111.124878
293.267883
323.165741
482.280762
523.717529
328.379578
156.131012
630.286011
743.020752
404.797058
159.314316
172.126831
449.609497
429.689423
211.082092
153.93927
145.747742
113.975899
103.615623
103.615623
103.615623
103.615623
103.615623
103.615623
103.615623
103.615623
103.615623
103.615623
103.615623
118.953011
134.686508
122.431503
107.085739
103.615623
103.615623
103.615623
105.509613
108.432564
105.098549
104.100418
105.174072
104.76889
103.98819
103.633736
103.575989
103.566231
114.676331
109.457634
105.348312
103.879074
103.561485
279.223236
276.341766
155.711868
112.19809
107.611214
104.819481
103.47554
103.47007
103.459267
107.208313
105.48185
104.180313
103.398064
103.3592
103.343048
103.332787
113.405075
57.915535
54.8126602
53.4160156
53.4096603
53.3714447
53.3336754
53.3255043
53.3193741
53.3138657
54.1840248
106.122757
96.4938736
66.2878952
53.3417053
53.3281288
53.3243141
53.2866669
53.2844658
53.2836647
53.2832985
53.2834473
53.2840767
53.2851639
53.2866096
53.2885094
53.290905
53.2936211
53.2965927
53.3000298
78.9370193
120.98204
109.290161
103.514435
103.363762
103.362221
103.386253
123.202621
116.127556
107.348999
103.353775
103.329338
103.320442
103.312027
103.302689
103.292183
103.280457
53.2686424
69.1376114
53.2450676
53.2397499
53.2200851
53.2055511
53.1907806
53.1761475
53.162281
103.845451
53.2340775
53.1706696
53.1060333
53.0923157
53.0785103
53.0512238
53.0486832
53.051506
53.0570259
53.0361099
53.0569763
53.0527802
53.046772
53.0407181
53.0346413
53.0285149
53.0223236
53.0157051
53.0091248
53.0025215
52.9956436
52.9888191
52.9815292
52.9746437
52.967453
52.9602966
52.953064
53.0106468
66.2417603
61.8447227
55.7756996
52.9170265
52.9097481
52.7851715
102.777512
102.7696
102.761864
52.7541504
52.7461281
52.7382393
52.7298431
52.721241
52.7124596
52.7031822
52.6924973
52.6802521
52.6698647
52.6595917
52.6493721
52.6388321
52.6280479
52.6172752
52.6064034
52.5957603
52.5859299
52.8152962
52.5682755
52.5792236
52.5429268
52.5326691
54.3151436
54.107563
53.0227127
52.6048355
52.5916481
82.579155
82.5664062
82.553833
82.9757385
82.5357285
82.516304
82.5031357
82.4898224
82.4764938
82.4628906
82.4487534
89.1962662
86.6833344
119.441742
110.242561
91.0435181
82.3720779
82.358902
82.3456879
83.9996338
85.1743088
83.727623
82.6848984
82.2826996
89.9023514
88.4290695
84.5542908
84.2798233
11.3507071
74.5021439
104.972054
54.7040482
54.8433762
54.1137657
53.3951492
56.1405716
59.4786415
88.9170532
82.5003128
99.2185516
279.075317
390.029358
246.719299
94.7381973
55.8598671
106.264015
104.848907
104.403313
53.3801575
52.9994965
53.0251236
53.0436516
53.0559921
53.0635681
53.0675926
53.0862846
53.1749916
58.5628128
58.7370758
55.1047363
53.1011772
62.9773788
62.953331
63.3212395
63.9044495
64.4399338
76.5019455
79.9272003
72.9736328
65.9247284
63.414444
68.4669418
66.1431503
63.8540115
101.709488
112.756226
131.724045
148.502762
149.897064
199.477112
164.584915
116.937675
78.577446
68.0198746
132.844727
320.032135
197.072632
100.478699
67.6878815
65.5362396
64.3127289
24542.6562
112.444115
124.486656
115.698456
106.492332
103.491852
105.165565
105.219643
104.075485
104.097191
103.982895
103.621468
103.550758
103.511642
103.500175
103.49662
119.809479
124.684288
119.103905
109.280006
104.518913
103.557243
113.972824
115.018631
109.128914
104.657104
109.739143
230.967377
256.100281
171.114365
119.73259
104.856277
103.601799
103.494354
104.678024
104.823013
103.835518
103.50634
103.507172
103.507217
103.506927
108.544296
106.912323
104.344856
103.500252
103.515556
105.396423
105.13987
110.733643
138.525253
165.218185
149.337448
174.868942
183.401932
137.314484
123.094788
141.163528
189.76236
167.306976
127.016174
180.671173
145.006531
55.2374306
43.8745041
44.2227898
44.0494385
43.7848511
43.609417
43.6095276
43.6094284
43.6091728
43.60886
73.8224487
166.434509
504.446533
323.094727
208.336578
296.389313
183.655045
77.6087494
43.615612
43.615612
43.615612
43.615612
43.615612
306.495605
271.297974
124.795036
61.3394623
51.8609314
69.5935822
73.4192505
118.168266
107.628159
106.77951
105.769867
150.188934
145.514938
156.205032
141.27739
112.724113
103.615623
152.537674
255.501648
279.703247
188.635773
117.269302
103.615623
103.615623
103.615623
112.287048
135.650406
126.826942
108.442627
171.271622
270.223206
222.488098
237.621857
265.768127
187.084839
198.007889
173.688385
122.489532
104.413757
103.949615
103.614235
103.6054
116.10746
109.737732
105.459595
158.943527
190.967651
334.436157
259.594879
147.732956
104.57943
103.669266
103.507858
103.507103
103.502411
103.483894
103.472397
103.467148
103.823341
103.482376
103.462624
139.946442
169.151794
140.528717
112.035561
108.546585
106.180794
104.393394
53.3762512
53.3632011
53.3547096
53.3466988
53.3391762
53.3322411
53.3587875
119.294899
316.537201
274.844025
126.783302
61.1113625
83.2203217
1038.42407
1256.18848
630.445251
148.95462
53.3754272
53.6987572
53.377018
53.334404
53.2879944
53.2857933
53.2872925
53.2893181
53.2918777
53.2949028
53.2984123
53.3023949
53.3069725
108.569672
223.939346
477.654327
476.529602
262.48822
130.189713
103.434166
103.415154
104.077492
103.525818
103.485023
103.450966
103.458221
103.467453
103.477074
103.485847
103.49498
103.504456
103.513603
103.521408
103.527817
103.532288
103.542618
103.545349
103.539635
103.541283
103.54084
103.541153
103.536171
103.527275
103.519775
103.465858
103.466888
103.490814
103.492355
103.47731
110.334869
106.12941
104.390251
105.827141
104.211952
107.192482
63.2846794
80.6309509
63.565094
64.9339371
107.994957
54.6552238
53.4331589
53.4279404
55.7267647
54.1506081
53.7267876
53.4063034
55.8059044
55.4938278
64.4671173
57.6799202
54.9282227
58.074852
109.693886
108.083481
109.580841
118.634552
112.388741
105.961082
114.104019
117.383934
124.398605
113.398705
106.215034
103.195335
104.885376
104.86219
103.599907
103.26609
103.162613
103.851051
103.208717
103.15657
103.157562
107.884674
104.895676
103.776398
103.926125
130.373398
142.537979
200.878525
266.558716
235.676697
150.487808
93.8387909
83.3746414
83.2152481
83.2190247
83.2206726
83.2213364
83.2208405
83.722084
83.2169876
83.2138062
83.2098999
83.2050705
83.1990662
83.1918488
83.1844559
83.1770935
83.1691208
83.1605225
83.1514969
83.1423264
83.132988
83.1237488
128.10791
166.049316
152.91684
119.747055
245.858124
242.472534
211.78537
140.358887
125.463402
106.327354
103.508644
103.683647
103.45961
103.36525
103.367813
104.176773
104.603539
103.802475
103.391304
103.368591
103.366989
103.364822
103.362328
103.359612
103.355942
103.351204
103.345627
103.339851
103.333069
103.325737
105.2575
136.596497
140.327759
135.638657
120.648872
108.085686
130.401199
226.485291
279.41861
168.112152
91.1602554
65.8680496
63.6190033
63.3044014
63.4884033
63.6091537
63.4365158
67.4734955
95.0800705
107.819481
94.2698975
73.1081696
64.953186
63.3097878
63.308857
63.3070259
63.3042374
63.3008041
63.7433739
63.4899483
63.3527603
63.2965698
63.3263588
63.2910728
63.2791786
63.2560692
63.2485619
63.2891159
63.4956017
34652.5352
122.16835
114.673859
106.218765
103.211426
137.618469
127.484619
110.69899
103.170708
106.28566
105.425209
104.208504
111.085609
108.491516
104.768303
218.248383
184.604721
468.708527
412.01886
490.216309
300.926727
171.940857
257.726471
201.429443
133.950897
107.362381
105.377716
103.902626
108.433243
106.989098
121.220345
375.32959
624.823975
583.650085
690.670166
457.009003
277.01297
276.012329
103.544243
144.326614
141.339508
115.106247
110.314804
124.239815
118.592316
116.679054
112.420212
105.895721
103.524445
103.524315
103.541656
103.523621
103.523407
124.42366
184.128357
164.106384
119.683014
119.93985
224.714447
576.370728
556.859924
285.72406
125.951767
103.615623
147.629211
188.168365
157.224747
168.189362
197.891708
220.676865
186.30278
132.83609
107.167458
116.879562
122.341736
112.892815
105.314316
103.615623
103.615623
103.615623
103.615623
103.615623
103.615623
103.615623
43.615612
43.615612
103.615623
43.615612
43.615612
43.615612
47.9579277
107.985985
105.735168
103.917747
103.669037
103.615623
103.64196
103.623985
103.615623
103.615623
103.615623
104.774773
106.244812
105.273499
103.767647
103.615623
103.877853
103.698929
103.615623
103.615623
104.958572
106.19471
104.984009
134.174683
134.145645
116.444496
169.140533
228.618408
349.210175
361.064392
217.528915
120.513985
103.615623
103.607346
103.600594
103.60202
103.611115
103.574615
103.585495
103.574547
103.563812
103.571472
164.864731
330.441284
495.122406
431.652283
224.294266
123.432587
103.516525
103.606064
103.502151
103.471237
103.467667
141.280396
252.737335
446.754333
446.631836
271.008545
138.944336
105.873375
103.372017
103.333099
103.349724
57.2779846
55.496151
129.09729
666.999573
576.203003
212.674393
55.1476631
105.634689
103.398186
103.368805
103.336678
103.299637
103.295815
53.2925949
53.2900124
53.9388313
53.3404999
53.2946587
72.6176147
53.2834473
53.283596
53.2842369
53.2854919
53.3253174
53.3650703
72.2086334
87.4019852
115.33889
58.5045509
53.3667946
103.380623
153.96817
167.641418
130.439606
108.156891
103.422775
119.808075
110.869537
105.79702
103.419518
103.423874
103.42807
103.431213
103.449028
103.43895
103.430374
103.426643
103.421913
103.415993
110.330902
105.515244
104.100426
103.382454
103.371803
103.363579
103.355949
103.339394
103.32016
103.310936
103.307594
103.283821
103.311905
53.2498627
53.2530327
53.2553482
53.2542496
53.251606
53.2455063
55.9383507
53.9023933
53.4930649
53.2214394
70.8663712
53.2089615
53.2025757
53.195919
53.189476
53.1830559
53.1765556
53.169735
72.5633469
53.1567993
53.1495857
53.1429329
53.1357803
53.1285858
53.1213913
53.1140747
53.1067657
53.0991745
102.980171
106.481613
105.454628
103.760109
103.112549
102.965485
102.933952
102.925888
150.395432
139.507874
114.625511
102.897308
102.88942
102.881142
102.872925
102.864525
102.856644
102.870667
102.840599
123.701897
116.465881
57.3246918
52.8075294
52.7987022
52.790535
58.5160751
55.2914238
53.6465263
53.947525
52.9835243
52.8459511
82.8331604
82.8233795
82.8135147
83.7157593
82.9098434
82.8266449
82.8173676
87.8106613
102.594307
143.244354
237.481369
301.831055
234.680817
142.680099
100.632896
85.7645798
83.7699203
82.7503433
82.7527008
82.7524338
95.5295792
90.80896
85.5374756
82.7385406
82.7323456
83.6389618
82.7355576
82.7105789
82.7024002
82.6936264
102.684486
102.675179
102.665565
126.985519
123.499695
109.182861
102.646263
102.621124
102.611305
102.601768
102.592178
102.58213
102.571884
104.38308
129.095963
137.312729
120.557487
139.5513
184.113495
186.991913
179.029572
175.486847
153.302902
122.341728
105.815338
102.552307
78.7476883
446.637085
671.690002
561.038269
327.717682
116.387207
68.0261765
63.8632393
63.5493622
63.5336647
63.5329857
63.5330048
63.5332336
63.5496025
63.5497437
102.731018
92.5648117
72.6330032
63.5335617
63.5874252
63.5396538
75.97229
70.3543472
65.708847
63.5333939
63.5333939
63.5336151
92.5131531
82.7145309
69.5642014
65.2624207
218.811676
170.545013
98.4136429
64.8774414
137.987366
257.587952
240.824615
264.303894
166.502319
97.9829407
73.532959
73.5330353
73.5483627
73.5325317
73.5321732
73.5319443
73.5317764
73.5316391
73.5317459
74.5318527
74.5050583
73.8168106
94.4892044
89.6365509
78.2529602
73.5306931
73.5465775
73.5301437
73.5299377
73.529747
73.5297928
73.5459747
73.5292892
73.5289612
73.5289841
12.6808786
96.5726395
103.84388
103.52774
103.527748
114.053017
111.353622
106.093292
106.5103
105.783585
104.066551
113.856461
171.898483
189.173401
143.919006
111.533302
103.520554
103.520424
105.034538
129.344131
127.759521
63.3285065
60.0025635
57.2592659
54.4683723
53.5148392
85.3092346
75.9147568
161.315201
111.547951
71.2979507
44.037159
43.6075745
43.6075706
43.6072922
43.6066437
43.6056442
43.6045532
43.6033592
43.6020889
71.0915375
63.8646622
50.1593437
44.1199265
51.1383667
151.873032
150.693924
86.5971222
49.9298515
43.8132553
43.598278
43.6475449
43.806385
43.7114563
44.0232544
44.0124702
43.7792587
43.6009674
43.6003418
43.5993805
43.5984077
43.5972519
43.5958824
43.5944786
44.3541527
45.3099136
44.6339989
43.6765671
43.585434
54.5263824
68.2609177
63.4761658
50.7366028
44.319355
43.5720825
43.5698586
43.5674362
43.5650558
43.5625954
43.560215
43.5577545
43.555378
46.7185173
47.7542229
45.4526062
43.6945801
43.5435295
43.6893501
45.2214432
44.9466629
43.6578903
43.5227623
14670.374
103.523262
120.924362
153.160919
135.159576
111.558197
103.45816
103.452675
103.450424
103.435448
105.164238
104.090225
103.6297
103.390663
103.380127
103.369255
103.958046
103.499222
103.414795
103.342964
103.336029
103.320419
103.27832
103.2631
110.097992
106.300179
104.073334
103.182442
103.196167
103.183212
53.2053871
53.2536163
53.2397156
53.741684
57.6332932
58.7765236
68.0076065
72.6112366
96.64534
78.4960098
59.9475937
53.0220947
53.0073395
52.9926338
52.9775925
52.9631386
52.9495888
52.9779205
52.9673195
52.9137764
52.9364014
52.9238281
52.8723106
52.857769
52.882412
52.9066772
52.8581047
52.8095703
52.7972603
55.6417236
53.5859756
53.053257
60.6074829
95.5110168
109.852722
79.2275162
58.4886665
52.8096352
52.7674675
52.7491455
52.734169
52.6942291
52.6764984
52.6632614
52.669445
52.6587448
52.6295624
52.6171722
52.6067467
52.5965691
52.5869522
52.5778084
52.5686302
52.5674515
52.5615234
52.5416641
52.5237274
53.1701965
52.5785942
52.5240707
52.4784203
52.465683
52.4391785
52.4517021
52.4501305
52.434269
52.4589043
52.4561539
52.453125
52.4476471
52.4413376
52.4349327
52.4284363
52.4221954
52.4159966
52.4094009
52.4029045
52.3960457
52.389473
52.3825912
52.3758316
52.3687363
52.3619308
52.3549538
52.3476791
52.340374
52.3331108
52.3257294
52.3180771
52.3105812
52.1896973
52.1820488
52.1749954
52.167305
52.1596909
52.1520004
52.1437798
52.1354218
52.1261635
52.1165466
52.1080818
52.0994987
52.0908127
52.0820847
52.0729904
52.0640144
52.0553284
52.0462456
52.0368996
52.0275536
52.0184822
52.0098038
61.7869568
58.5697098
54.1071396
52.1424332
51.9672813
51.9802361
51.9913559
51.9394341
51.9299774
91.6628036
12.235218
79.6583939
81.9963379
81.9849319
81.9729233
82.0180588
81.9490204
81.9362183
11.0693655
72.7624283
81.8951797
81.8809433
81.8665924
81.8522034
11.0273256
72.6329269
11.0121784
72.5888138
81.9657059
81.7679749
81.7529831
81.7387466
82.0320435
17.7388401
78.4655609
83.9935608
81.9171371
58.552124
36.3772964
62.3960037
51.6176338
51.6048698
52.3852844
52.5181046
51.8374863
51.5582542
51.5463409
51.545372
51.5255089
51.509552
51.4971924
52.8468513
84.1407623
109.940781
101.589325
73.3805084
55.5463142
51.4224091
51.411068
54.7042885
82.3899307
88.5326385
68.4507599
53.9853821
51.3521194
53.9964409
54.3146706
52.1931267
51.3068237
10.7437296
51.7481041
67.0080948
75.4461441
114.224693
144.74913
116.671593
104.226936
153.852386
200.325546
149.503677
84.6021957
62.675499
61.4415474
67.8937073
82.4020233
80.7956772
84.9182968
74.4480362
65.1772156
119.065781
137.156265
97.6314163
68.2100906
61.7853661
85.9620285
113.05674
146.688049
212.578751
202.669617
121.259644
83.1658783
87.037056
83.7364349
78.8430634
89.7888336
84.3594818
76.0587387
72.877739
72.8505783
74.7196884
77.5000839
80.6978149
132.834595
122.248978
222.448151
160.922272
145.16597
179.877823
231.37645
146.457306
90.6417007
73.253334
73.3068695
73.3180618
122.618851
122.141853
211.458084
235.731445
206.740631
126.878922
85.0961533
220.207855
224.248764
154.564148
113.314461
104.751457
104.586174
104.072029
103.851181
103.594566
103.527283
128.392609
200.606232
192.42366
375.074768
247.848846
140.805313
106.349876
107.006615
167.298492
185.487915
146.098434
123.370857
111.890495
140.595062
135.343643
115.362854
106.929939
106.052231
104.859215
121.968819
117.588585
110.18885
117.909393
89.7575531
58.9033928
46.5059509
43.6816826
135.31337
134.97963
100.726593
65.537056
49.7117805
46.6932907
48.2191315
46.1871033
44.3275948
44.4293175
44.6643829
62.7622528
60.1338692
49.2050209
46.9038277
87.9654846
81.6428452
54.7399979
43.615612
47.8871574
96.750618
95.9773941
62.9767227
52.2843132
72.8445358
71.7965546
66.7142181
102.108696
130.789032
111.709747
89.5686493
111.107628
292.038147
310.80777
232.421692
228.257599
163.625885
115.009789
103.695793
103.992828
106.138245
106.494377
85.8688202
65.7407837
59.1903114
57.0823784
56.4353027
56.9046745
80.1016159
78.550087
70.4405899
94.0173721
79.6823578
87.4126587
