0.0
0.0
0.0
0.0
0.0
0.0
0.0
0.0
0.0
0.0
0.0
0.0
0.0
0.0
0.0
0.0
0.0
0.0
0.0
0.0
0.0
0.0
0.0
0.0
0.0
0.0
0.0
0.0
0.0
0.0
0.0
0.0
0.0
0.0
0.0
0.0
0.0
0.0
0.0
0.0
0.0
0.0
0.0
0.0
0.0
0.0
0.0
0.0
0.0
0.0
0.0
0.0
0.0
0.0
0.0
0.0
0.0
0.0
0.0
0.0
0.0
0.0
0.0
0.0
0.0
0.0
0.0
0.0
0.0
0.0
0.0
0.0
0.0
0.0
0.0
0.0
0.0
0.0
0.0
0.0
0.0
0.0
0.0
0.0
0.0
0.0
0.0
0.0
0.0
0.0
0.0
0.0
0.0
0.0281179305
31.9057121
115.334381
183.156708
124.356934
38.3883476
10.0029936
4.65441322
0.0132996943
0.0135198189
0.013546247
0.0135535756
0.0136983721
0.0137238316
0.0137299858
0.0139197018
4.36702919
15.6835127
10.8503761
3.37954021
0.0152727589
0.0155101772
0.0155535918
0.0155589655
0.0160170645
0.016122913
2.43274951
1.77292037
0.792957783
0.364992648
0.122510143
0.0172455851
22.3377094
13.7491741
10.0059528
5.3203311
0.0194412414
0.0332342274
0.022419462
0.0182009097
0.0182942934
0.0183434468
0.0183358043
0.0185238682
0.409965307
0.854622066
0.25838542
0.17215386
0.549978733
0.176044211
0.393723011
0.8321473
1.18293965
1.42942595
3.30177617
3.6617856
16.0217972
12.6867085
10.017437
0.231565356
0.0940426514
111.935059
125.163338
58.4572296
38.1678543
35871.1289
106.883247
127.675125
196.690277
183.397141
141.057693
112.837036
103.403397
100.273689
100.059425
100.05999
100.060127
167.088867
493.943481
495.217865
241.040161
113.293221
149.85495
148.854797
116.904198
101.359665
100.089882
100.088715
100.087601
100.169441
100.287521
100.793274
104.300499
108.421288
117.785873
176.162659
166.58725
118.434959
100.091843
100.091377
100.090767
100.09008
100.088989
100.088509
100.087448
100.138374
106.364227
106.148872
101.790886
100.443176
248.206268
333.352386
277.194427
199.371536
160.62294
138.526459
119.731216
106.134727
101.219101
100.421288
100.176071
100.668045
101.071815
100.364594
100.111298
100.110214
100.109398
110.419998
170.665771
231.178894
197.412521
405.170837
407.335358
247.844345
178.252609
149.819809
116.369339
108.101944
106.753197
102.655022
100.457809
100.278175
100.214615
116.580986
117.058815
104.957413
101.146599
101.65995
100.540604
100.142937
100.142136
100.141563
40.1400757
41.9317398
41.7219887
47.9401855
49.6209373
46.3135872
60.6846848
191.371262
490.449493
450.093384
188.57106
56.2260475
213.296158
248.169266
133.353806
58.2413788
52.2224159
49.6982994
43.2103462
40.1595993
40.1580734
40.1565132
40.1547585
41.9716873
265.717285
291.629913
132.305756
51.834671
44.7680359
41.6356163
100.159851
100.158524
100.156944
100.155548
100.154106
100.510597
133.265076
132.560394
108.862457
118.730171
124.107544
117.77021
108.446297
101.598679
246.199127
247.876678
142.610779
101.807014
100.886681
100.218987
100.159584
218.348969
343.471069
258.318207
188.665558
240.336166
220.806549
142.411804
105.19416
100.489456
100.214813
100.190491
100.189789
100.18911
100.187988
101.352951
108.758324
278.130981
304.705475
188.075989
112.748672
100.220421
100.211746
100.20031
100.199631
100.199226
230.775238
221.232239
138.139053
351.232666
371.665283
198.133148
107.973785
100.220688
100.220062
100.21981
106.928955
157.426758
146.315994
113.780739
100.226044
50.2247505
50.2224922
51.6086769
68.4019165
189.852448
182.098038
99.4950104
293.530243
266.858215
115.960739
50.2251854
50.2231255
85.7530518
118.074356
148.778641
114.377228
275.539734
461.585999
476.445618
379.073425
211.525635
90.0085068
102.864075
100.250832
100.248505
100.246353
50.2434082
50.2409325
50.2380142
50.2354889
100.890442
146.39209
167.435623
133.711594
177.23526
158.508011
119.022766
101.624252
120.508194
108.295029
105.049767
100.893005
100.513405
100.56221
100.208847
100.203697
100.198128
100.19474
100.191711
100.188835
100.185684
100.182899
100.179924
100.177162
100.174149
100.294861
100.168991
100.166969
100.164536
100.161766
100.159531
100.157654
50.1563148
50.1554527
50.1546021
50.1541138
50.3029175
50.4801598
50.2372208
50.1952209
50.1500053
51.6068764
50.9204102
51.7985077
50.8938675
50.4036522
50.7789688
50.8909569
50.4207306
50.239418
50.1424751
50.1416702
50.1407928
50.1399231
50.139061
50.1382751
50.1371803
51.5006256
50.9229431
50.5442314
100.161957
100.131447
100.130547
100.130089
100.129181
100.12825
50.1275558
50.1265869
50.1257057
50.7908974
50.5398407
50.6110458
50.1577568
50.1351433
50.1207085
54.1305389
68.6172638
61.3406258
53.9156647
50.1180992
118.491562
230.848557
179.26944
86.77108
50.1280289
50.9407845
51.0821114
52.3714066
51.3696518
51.0581627
50.1529694
80.1275635
80.2632828
80.118866
80.1175613
80.1159363
80.1145859
80.1131287
80.1113205
80.1095505
80.1075745
80.105957
80.1049728
80.1054764
80.1043167
80.1014709
80.102562
80.1016312
85.7482758
198.94136
227.941925
156.795898
164.557098
775.625549
755.906921
471.442505
257.90625
135.865005
80.9291611
80.1304169
80.1279602
100.208893
100.448837
100.21788
100.121475
100.119705
100.288635
100.729912
100.333473
100.126869
100.113029
100.111763
100.110512
100.13945
101.001274
406.077179
823.467285
867.919312
883.807007
1027.18726
703.12439
308.051544
157.308594
117.166611
108.837837
201.159271
255.973251
192.409576
123.072113
101.973892
100.969086
100.39341
60.1577187
60.1555977
105.749069
99.5101929
72.0300217
60.1530075
171.778793
395.32251
315.529572
128.023117
60.2230759
60.1583786
60.1564484
60.1538696
60.151844
60.1498566
83.0511475
347.506256
694.169983
550.593689
225.074875
89.6048431
85.4014664
449.080811
543.307983
268.7211
132.045685
84.2275925
67.2309036
60.1746559
100.173019
100.171242
100.169632
100.167908
100.165848
100.164139
100.162682
100.160805
100.159172
100.157555
100.155632
100.154083
100.152832
100.150864
100.149391
100.14798
100.146729
102.688385
102.419731
100.722252
100.140823
100.139755
202.621887
235.266052
167.202972
112.687538
102.397621
115.645355
133.1147
119.667336
105.179237
100.899849
100.386971
100.215302
100.16037
100.144035
100.143272
100.14241
100.141266
100.206505
100.529564
100.699699
100.278656
145.185318
143.198593
112.834206
100.583603
102.320541
323.78949
348.022369
192.329178
109.352242
100.151306
100.150696
102.9459
103.0158
100.892494
100.147743
100.8591
101.297432
101.5681
111.009125
49.2016792
78.3228455
85.745285
590.832825
575.468018
448.500824
374.939819
247.35733
140.746063
79.0176315
51.9009209
503.169128
891.451416
563.365295
156.63765
40.185276
100.183746
100.182251
100.180595
100.178894
100.176872
100.17527
102.859764
152.422836
407.550232
413.994171
477.475037
464.047119
285.584381
541.994141
924.18634
733.511536
613.18103
595.869812
605.054688
530.861145
338.779083
294.927551
287.533264
302.168213
119.662529
100.230843
100.229889
100.228844
100.227798
100.226738
100.225258
100.223793
100.223038
100.221909
100.220634
100.219742
108.381981
118.567543
112.011833
102.372307
100.216759
100.215797
100.214882
101.254219
102.980644
101.053787
100.485214
101.149529
100.902
100.428612
100.236488
100.207718
100.206734
107.14547
103.830986
101.337799
100.433693
100.214272
421.080475
404.580688
191.548141
105.165909
102.486275
100.955101
100.211258
100.210777
100.210243
102.202995
101.253029
100.590218
100.207954
100.206238
100.205559
100.20491
105.887505
52.6675606
50.9676704
50.199337
50.197155
50.1946068
50.1919975
50.1896973
50.1870689
50.1847801
50.6658287
101.608337
88.0874481
61.6304169
50.1788063
50.1769524
50.1750221
50.172718
50.1706467
50.168396
50.166153
50.1641464
50.1620941
50.1599121
50.1577339
50.1556778
50.1537552
50.1517754
50.1497383
50.1478844
73.807579
117.068138
105.906601
100.323593
100.139931
100.1381
100.136009
123.283981
116.387962
105.167465
100.131721
100.130447
100.128906
100.127525
100.126335
100.124825
100.123413
100.122574
100.121399
100.120049
100.118927
100.118111
100.116951
100.116066
100.115051
100.11422
100.53894
100.221527
100.173645
100.111076
100.110405
100.109383
100.105804
50.1053047
50.1048164
50.104351
50.1041985
50.1039696
50.1028328
50.1023178
50.1016693
50.1012726
50.1007195
50.1001244
50.099514
50.0989532
50.0981026
50.0974083
50.0967026
50.096096
50.0953255
50.0947189
50.0940971
50.0935173
50.1394081
66.3124084
61.5926247
53.8372383
50.0931816
50.0929604
50.0890045
100.088882
100.088623
100.088326
100.087967
50.087944
50.0877991
50.0874863
50.0874138
50.0874062
50.0872459
50.087101
50.086544
50.0864487
50.0861015
50.0858459
50.0856934
50.0856972
50.0855446
50.0857925
50.0853348
50.0853653
50.2927628
50.0944939
50.0877266
50.0876503
50.0847931
52.0500259
52.0766106
50.858448
50.2639771
50.0843582
80.0838089
80.0834427
80.0832825
80.5678024
80.1012955
80.0814819
80.0804596
80.084137
80.0838928
80.0809326
80.0804443
88.7590942
85.544838
256.411011
220.850586
127.199287
80.0929794
80.0922546
80.0913925
83.3534088
86.6494904
83.9969254
81.1775436
80.0881348
100.44194
99.3741455
87.6743164
85.2447433
83.4055634
81.2661057
57.4653969
57.8155746
57.7258263
56.3388367
53.9726639
61.6737938
74.0209503
285.81308
283.8255
329.786621
1296.63208
1674.77734
937.152588
256.131622
103.297356
103.987267
102.273232
101.800362
100.584923
100.113976
100.11219
100.11055
100.109009
100.1073
100.105492
100.123543
100.21389
105.788635
106.750267
102.527351
100.247604
60.0962029
60.094593
60.5491753
61.3204155
62.0854988
79.616745
88.5627289
78.6967545
66.1449127
61.1162186
69.1321411
66.0191956
61.9170303
180.734528
200.623077
273.472687
333.567871
306.606934
451.865997
376.109314
182.241928
82.9779282
66.8314743
179.658218
581.209961
504.217407
185.37146
63.927639
62.0803146
60.9072685
70.2127991
77.1678238
89.7536926
84.5990448
73.7143402
70.1326981
71.7181091
71.9455338
70.8008041
70.6909866
70.6333542
70.2746964
70.1628265
70.1386414
70.1255646
70.1210022
84.4219742
94.6668701
90.6480484
79.0192719
71.7386627
70.1793518
80.6009064
85.6067276
78.6672134
71.9669495
76.6882858
363.671204
471.793152
272.981842
108.512199
102.166061
100.29541
100.133514
101.187859
101.660873
100.530746
100.129593
100.128746
100.127945
100.126938
103.973801
104.141632
101.163353
100.123459
100.122581
101.762733
102.158348
106.477036
141.301926
194.131668
183.681915
188.641373
211.238022
167.964157
125.451706
135.495834
199.184784
200.493805
141.448059
178.750946
176.123444
62.4382248
40.4482002
40.692997
40.5934906
40.3482895
40.165062
40.1627884
40.1609383
40.1589432
40.1570129
68.2477341
299.05368
959.046082
816.800049
316.626556
283.920349
245.518311
97.4308701
40.1843338
40.1833763
40.1818275
40.1801453
40.1786461
378.567383
387.370117
151.616989
48.6152534
44.1345253
53.8743744
56.3343201
108.384392
102.293892
101.818939
101.254639
129.767395
129.005875
134.904831
126.803604
107.024597
100.183083
132.562805
231.339355
245.604218
164.236359
110.03244
100.197754
100.196983
100.195923
104.281166
117.661423
114.045181
103.19973
148.073517
225.767365
193.357941
183.381729
190.273361
146.951797
145.274689
135.66188
110.397125
100.604988
100.392365
100.22271
100.221878
106.026352
103.15593
101.144814
134.338669
154.682739
273.750122
237.839111
140.379623
100.666504
100.296959
100.234642
100.233963
100.233452
100.232613
100.232178
100.231506
100.379791
100.230095
100.229568
119.627495
139.491333
122.927765
105.704269
102.755127
101.544884
100.697517
50.230751
50.228363
50.2257271
50.2228889
50.220356
50.2175636
50.2153244
105.939445
426.195801
403.973083
162.777847
55.7089958
72.023735
1135.82874
1396.01038
624.31189
128.486176
50.2252846
100.431458
50.22089
50.218277
50.2158432
50.2136078
50.2112236
50.2088127
50.2060165
50.2037697
50.2012711
50.198822
50.1964073
102.87307
276.386047
705.480957
693.721924
312.343719
124.937653
100.199341
100.196381
100.576965
100.213081
100.20063
100.184807
100.181946
100.179153
100.176239
100.173508
100.170662
100.168182
100.165764
100.163139
100.160881
100.158463
100.156197
100.153984
100.152092
100.149925
100.148247
100.146317
100.144669
100.142975
100.141365
100.139984
100.138763
100.13826
100.137222
100.136909
104.337234
101.929039
100.748886
101.695961
100.723602
102.852242
105.631546
109.19735
110.412903
113.288261
106.173615
101.798988
100.130699
100.130188
102.109612
51.1148338
50.5338631
50.1276855
50.1267586
50.234314
50.1253548
54.4800301
52.3049965
55.7088203
108.467659
106.619492
108.646545
124.211693
114.559608
104.341568
115.364525
122.037369
134.955109
119.946571
106.076477
100.128265
101.505997
101.86792
100.805725
100.275635
100.124527
100.609428
100.174591
100.138855
100.121841
104.989517
103.106827
101.235664
100.733498
144.936996
191.834183
398.655762
565.734131
493.40387
245.806061
126.005966
100.341133
100.14283
100.140991
100.139076
100.137222
100.135345
100.386284
100.131851
100.13018
100.128548
100.126747
100.125168
100.123055
100.121155
100.119484
80.1178131
80.1159744
80.1139984
80.1124268
80.1108017
80.1094589
185.762558
336.687683
302.616486
174.884262
598.516602
648.867188
379.260223
199.277405
139.134933
104.335297
100.325775
100.486237
100.238762
100.139565
100.137657
100.913673
101.468636
100.556755
100.147331
100.129524
100.127792
100.12635
100.124771
100.123352
100.121712
100.120216
100.118721
100.117142
100.115623
100.114067
101.869354
148.909134
165.868973
158.189301
134.570053
109.107475
151.946304
530.325928
720.729065
392.64328
130.975113
63.3453636
60.4792747
60.1350746
60.3233643
60.4328613
60.2330322
64.2285919
100.784393
123.469353
106.276237
75.349411
62.4535255
60.1286163
60.1265907
60.1245918
60.1225433
60.1203499
60.589695
60.3063812
60.1728592
60.1141701
60.154995
60.1172981
60.1102219
60.1087952
60.1075211
60.1449165
60.3590469
77.8210831
93.6226807
87.4040756
74.5789108
70.1273193
137.066696
136.127991
89.3032532
70.110878
74.268425
74.1152649
71.829567
80.7750473
80.1838989
73.020607
452.365356
468.675903
956.25647
1057.91309
973.100708
610.801636
246.729919
254.914658
254.775848
147.313507
102.527832
101.523804
100.444077
102.863983
102.675385
110.777908
447.346985
840.469238
731.85907
660.764404
443.932587
465.556061
294.998596
100.176064
127.433708
121.983177
106.639755
104.015923
112.660835
109.01046
108.241837
105.45121
101.550011
100.17186
100.170784
100.170006
100.1688
100.167839
113.712837
179.960114
157.032501
115.568802
112.216515
234.508423
681.376465
645.874268
276.784882
110.963844
100.189713
125.457542
152.877182
134.361404
145.223297
166.365601
180.030731
147.837128
115.789162
101.939476
106.93187
109.726295
104.974037
101.086166
100.192429
100.190735
100.189034
100.187317
100.185349
100.183449
100.181824
40.1799583
40.1783943
40.1768341
40.1747398
100.172966
40.1714668
42.6169815
42.6219406
101.376869
100.350273
100.197563
100.162933
100.177864
100.165405
100.158699
100.157265
100.155754
100.917145
101.952446
101.296722
100.254654
100.149658
100.345436
100.209946
100.146591
100.145271
101.203819
102.209946
101.269547
128.121048
128.84227
111.586105
219.241302
333.413452
608.837158
563.87146
272.747406
117.492088
100.173561
100.173073
100.172295
100.171471
100.170898
100.169952
100.169281
100.168312
100.167564
100.166595
150.28244
398.413147
571.491699
411.386475
189.590424
108.824455
100.192261
100.230797
100.191498
100.191338
100.19046
118.508461
194.009216
323.917358
309.662628
191.263565
115.389671
101.219902
100.213882
100.212502
100.213058
52.2558784
51.2346306
111.577179
672.513062
612.746826
220.497284
51.0314102
101.63768
100.219551
100.21003
100.201485
100.199287
100.196884
100.19445
100.191788
100.499817
100.187759
50.1852608
50.1827621
50.1804962
50.1782112
50.1760139
50.1735573
50.1716194
50.1698685
61.5695572
75.5324554
63.282074
54.0622673
50.1617775
100.159927
168.473816
182.829727
132.030441
105.815231
100.157684
116.79113
107.543198
102.462219
100.150757
100.149017
100.147346
100.145523
100.143997
100.142136
100.140709
100.139114
100.137741
100.136116
105.329399
102.421173
100.883713
100.131073
100.129906
100.128654
100.127556
100.126289
100.125458
100.12442
100.123199
100.122551
100.149414
50.1191483
50.1188278
50.1183701
50.1176567
50.1170998
50.1167603
51.9773293
50.8921738
50.4225693
50.1142731
50.1136398
50.1132011
50.1126709
50.1119385
50.1113358
50.1107597
50.1099319
50.1092529
50.1083946
50.1081543
50.1069756
50.1064911
50.105957
50.1048546
50.1042328
50.1035538
50.1023903
50.1016502
100.09874
103.082932
102.616554
101.071442
100.277817
100.099503
100.098717
100.09565
256.736481
224.637604
141.4039
100.106476
100.106041
100.105652
100.104797
100.104073
100.103447
100.102707
100.102722
143.598129
137.280243
112.183014
100.107018
100.10643
100.106262
108.81897
106.10627
102.242966
101.286942
100.708237
100.374214
80.1037064
80.1034851
80.1027069
80.9165878
80.3147125
80.179863
80.1310425
87.8056259
127.389221
360.210327
839.851074
983.731262
630.773804
259.222961
133.540131
104.229652
101.152573
100.129868
100.127708
100.125336
113.171761
110.4403
103.700272
100.118423
80.1164703
80.7491379
80.1366196
80.1112213
80.1096573
80.1082458
100.106201
100.104973
100.103821
137.492584
137.764816
111.658997
100.127892
100.105331
100.104424
100.1036
100.102814
100.101875
100.100014
102.602379
156.684036
186.605591
146.410202
207.749969
396.682434
391.283691
303.101349
263.206238
203.358826
135.68895
105.183212
100.143715
137.681519
1170.84155
1711.84326
1170.04749
478.892151
131.496735
63.4908829
60.3815498
60.1614189
60.1594429
60.1565132
60.1538086
60.1512985
60.1495056
60.146965
92.2509155
86.3538437
68.0825882
60.141201
60.1729126
60.1419106
70.1304779
66.6534424
62.1246681
60.1290131
60.1267891
60.124649
88.6905441
82.4703064
66.8927002
61.9671249
387.416656
377.331635
158.284393
61.6585236
165.564575
400.213013
421.703339
390.913513
279.02005
147.696777
100.151962
100.150902
100.150024
100.148506
100.146881
100.145515
100.144257
100.1427
100.141113
100.763474
100.81321
100.351715
114.689743
113.861542
104.048904
100.133537
100.133194
100.131676
100.130554
100.129593
100.12851
100.128014
100.126854
100.125969
100.124924
100.889488
101.2388
100.410652
100.121246
100.120583
108.222145
108.077759
102.696968
102.972931
102.810211
100.768135
109.889389
229.34201
278.299591
190.273483
116.642334
100.13356
100.133209
101.590622
131.088913
133.822342
114.566612
107.622581
104.935974
101.37796
100.135452
143.364395
134.427139
291.470367
264.073486
149.960098
40.7200775
40.147007
40.1454086
40.143528
40.1414032
40.1397018
40.1376915
40.1361542
40.1343765
67.9733887
67.7793045
49.3385506
40.794323
47.4271774
316.208099
347.51709
155.111908
50.3223495
40.4132233
40.1403694
40.178688
40.3430557
40.2478218
40.4806213
40.5259132
40.3113327
40.1310997
40.1297874
40.128479
40.1270752
100.12571
100.12455
100.123207
100.699814
101.631783
101.19973
100.219353
100.117584
110.262596
130.171738
128.837784
111.467758
101.422249
100.116806
100.115974
100.115013
100.113937
100.112808
100.112282
100.111221
100.110451
103.104874
105.115349
102.805305
100.342171
100.107635
100.250931
101.861847
101.986458
100.293922
100.104935
100.10495
100.104103
122.361877
210.490616
182.90657
123.048454
100.116379
100.116264
100.11554
100.114326
101.736008
100.974548
100.441772
100.111641
100.111015
100.110123
100.600433
100.282272
100.200081
100.110077
10.0677567
90.151207
100.106041
100.106621
107.691017
104.221558
101.374733
100.103279
100.104317
100.103943
50.1062889
50.1055984
50.1049347
50.5701981
55.3179054
57.5525742
73.8687439
85.3849182
165.087082
125.400566
71.7822342
50.1131668
50.1127319
50.1116524
50.111145
50.1101074
50.1093407
50.109024
50.1079674
50.1073074
50.1065598
50.1060524
50.1053734
50.1048393
50.1041374
50.1037064
50.1031761
50.102478
50.1020584
53.0500183
51.1361237
50.4386253
60.3916054
200.558487
259.967102
167.011597
75.7345505
50.1141701
50.1135788
50.1126251
50.111866
50.1110992
50.1100082
50.10923
50.1083908
50.1076622
50.1070671
50.1062775
50.1055603
50.1051102
50.1043129
50.1039429
50.1031342
50.1026955
50.10252
50.1018295
50.1013069
50.5600395
50.2192764
50.1674309
50.0997429
50.098259
50.0980072
50.0976868
50.0934219
50.0956688
50.0956383
50.0923538
50.0921211
50.091507
50.0913353
50.0910454
50.0903549
50.0899429
50.0896873
10.0518999
40.1263351
50.0885086
50.0882607
50.0880203
50.0877876
50.0873032
50.0869293
50.0865173
50.0861778
50.0858307
50.0855598
50.0853691
50.0850754
50.0848198
50.0829506
50.0827827
50.0827484
50.08255
50.082489
50.0823059
50.0821419
50.0818367
50.0815125
50.0811195
50.0810394
50.0808067
50.0807343
50.0805054
50.0804405
50.0802803
50.0800095
50.0798225
50.0797501
50.0797958
50.0794296
50.0793839
60.8905144
58.3677444
52.9037781
50.3115692
50.0854149
50.0819359
50.1084785
50.0847893
50.0813828
26.6456051
101.477669
104.020866
100.081261
100.080368
100.0802
100.153755
100.08445
100.079056
100.07856
100.078247
100.077927
100.077606
100.077133
100.076797
100.076477
100.075996
100.075859
100.075485
100.299767
100.08564
100.076721
100.074295
100.467789
91.5523148
91.2388611
84.6534805
80.65065
347.832764
310.216797
176.212509
100.087074
100.08638
101.928017
102.519951
100.768723
100.083305
100.082596
100.109917
100.0886
100.079132
100.078064
103.115105
300.136871
475.4664
378.772461
197.883148
113.88372
100.101494
100.100471
106.887207
225.720688
249.906784
161.328476
107.184196
100.112419
105.238876
106.00943
101.826065
100.101562
100.100243
60.0979004
72.3031464
97.6196747
339.581116
490.580658
319.504517
196.555511
407.279419
595.847351
386.494995
137.169815
61.9774284
60.1291542
67.9305878
91.0403137
89.5544052
96.8103027
81.2825241
66.0252838
217.464478
251.693115
144.07753
72.3128281
60.1800499
94.5595856
150.060989
255.920898
475.542511
439.402985
205.045639
119.472359
114.380074
114.339752
107.424385
118.541634
116.29657
104.664024
100.223045
100.167366
102.215355
105.297371
109.039223
204.849274
212.918304
389.040131
370.391846
225.454453
240.946899
364.669189
285.548584
146.257996
100.183517
100.182411
100.180573
142.959686
157.749207
286.821442
373.69632
304.635406
182.539444
116.092049
213.495773
250.297134
170.066467
111.769798
101.064079
101.067757
100.584061
100.466721
100.26915
100.207939
115.348495
190.421753
204.645432
435.208069
405.421265
189.523087
101.696945
102.417168
139.551483
162.199127
137.469147
114.6054
106.132263
121.441681
123.8573
109.745506
102.373917
101.917084
101.016548
110.521744
110.412613
87.8224945
107.767189
80.5084915
53.1147385
42.6096573
40.2758942
137.139313
149.036377
96.7131805
57.1973877
44.9495811
41.8518715
42.7737465
41.7904243
40.6775665
40.6506577
40.8198967
52.2612
52.0031815
44.38377
42.2393074
77.2638855
76.4831009
51.3520699
40.220768
42.7689438
89.1692581
93.1136703
59.8014717
46.0268669
104.683472
105.488121
103.651337
134.092026
170.300781
155.036484
132.971848
141.847275
385.708832
433.61145
272.292999
185.347443
137.635025
108.130615
100.288292
100.412865
101.395241
101.554779
100.380455
100.357712
100.28199
100.246063
100.244614
100.564674
114.381569
114.444794
109.177475
133.69487
129.065414
131.717682
