0.0
0.0
0.0
0.0
0.0
0.0
0.0
0.0
0.0
0.0
0.0
0.0
0.0
0.0
0.0
0.0
0.0
0.0
0.0
0.0
0.0
0.0
0.0
0.0
0.0
0.0
0.0
0.0
0.0
0.0
0.0
0.0
0.0
0.0
0.0
0.0
0.0
0.0
0.0
0.0
0.0
0.0
0.0
0.0
0.0
0.00109890196
0.00468546059
0.00468546059
0.00468546059
0.00468546059
0.00468546059
0.00468546059
0.00468546059
0.00468546059
0.00468546059
0.00468546059
0.00468546059
0.00468546059
0.00468546059
0.00468546059
0.0
0.0
0.0
0.0
0.0
0.0
0.0
0.0
0.0
0.0
0.0
0.0
0.0
0.0
0.0
0.0
0.0
0.0
0.0
0.0
0.0
0.0
0.0
0.0
0.0
0.0
0.0
0.0
0.0
0.0
0.0
0.00468546059
0.00468546059
0.148792088
21.2595882
31.6151714
37.5870552
26.6152287
10.7724695
10.0023451
0.110447332
0.00468546059
0.00468546059
0.00468546059
0.00468546059
0.00468546059
0.00468546059
0.00468546059
0.00468546059
1.94908047
6.03810501
4.10298395
1.25100029
0.00468546059
0.00468546059
0.00468546059
0.00468546059
0.00468546059
0.00468546059
0.930576563
0.666221023
0.295957685
0.148776829
0.046060022
0.00468546059
7.14014912
7.38965034
2.22702599
0.00468546059
0.00468546059
0.00906624552
0.00607715035
0.00468546059
0.00468546059
0.00468546059
0.00468546059
0.00468546059
0.154964611
0.334055126
0.0978534594
0.0637763366
0.217638388
0.0665216297
0.160688803
0.33919248
0.509042859
0.588139832
1.44504511
1.49576032
5.93441296
5.90409899
1.79896379
0.0
0.0
18.2260151
21.329668
11.3577814
14.9677067
6.46439457
1.91533697
8.37883568
22.8395309
16.778532
14.6191807
4.26259804
1.08297563
0.000145785511
0.0
0.0
0.0
17.720171
63.0070724
55.6771164
26.3057842
10.2722979
24.1662178
15.9717541
8.66556644
0.487499684
0.0
0.0
0.0
0.0
0.0535188615
0.345837682
2.34839869
4.26944017
8.30075645
25.8950405
13.1966095
9.91802883
0.0609671474
0.0
0.0
0.0
0.0
0.0
0.0
0.0
3.47945189
2.77615309
0.708019614
0.123472199
34.7169266
41.8107147
45.9145279
32.3742828
23.6316833
17.1516685
12.675437
8.09869289
0.523902535
108718.102
99.9589996
100.2938
100.448158
100.059525
99.926918
99.927002
99.9274673
106.439285
128.257874
144.225647
130.756546
176.285187
169.618286
149.122574
139.181305
125.173737
108.549568
105.564354
104.438461
101.616325
100.193977
100.060265
100.037254
111.412529
110.678726
102.945778
100.70591
101.006096
100.239471
99.9937897
99.9756012
100.07251
40.073204
41.47258
41.2068825
45.4502296
46.0404053
43.7560654
51.4565887
87.5420151
152.876175
147.723068
85.9677429
47.6084747
101.687576
118.75843
82.575882
51.7960014
49.7460327
47.3646126
42.4219627
40.1521568
40.1564255
40.159996
40.162899
41.8159027
114.282028
123.442612
74.3171005
48.4760246
43.7600784
41.3320618
100.199577
100.203476
100.206711
100.209641
100.211929
100.518013
122.976143
120.112823
105.747444
113.178986
115.361244
111.686287
105.402229
101.136284
155.379745
149.491302
115.013306
101.60276
100.823463
69.9879532
40.2409058
92.2657928
137.637146
97.8442841
90.1692657
120.529472
106.74144
64.749382
86.2433319
87.6509323
67.8046341
100.300102
100.282082
100.280701
100.276108
102.059357
110.347435
187.213409
202.856323
143.865448
108.107285
100.269829
100.253311
100.250038
100.233078
100.226181
184.671265
58.9677505
119.169464
274.888
252.00621
150.921051
106.253815
100.159554
100.168037
100.160255
112.129562
175.443588
142.557739
110.831703
100.130646
50.178318
50.1441956
53.0684357
77.2976837
170.111481
150.674545
82.1933823
234.854416
150.630341
78.0135803
50.0675774
50.1021385
101.872284
133.594772
159.666458
108.554916
233.402649
357.641571
376.095795
350.235992
213.682159
92.9274902
54.3950157
50.0567131
50.0592117
50.0987816
50.13937
50.1090126
50.0764084
50.11063
101.810539
162.306519
186.177002
135.683975
180.088486
155.621628
118.863838
101.948608
122.158218
110.448097
56.6002083
101.140862
50.6400642
50.8245964
50.2669144
50.2590446
50.2610245
50.2700958
50.2789764
50.2871628
50.2949715
50.3023682
50.3098106
50.3177719
50.3260345
50.611618
50.3486977
50.3485107
50.3528595
50.356266
50.3582077
50.3176804
50.3454628
50.3324165
50.3404999
50.3654213
50.6766052
51.0310211
50.4856873
50.4281883
50.3666649
52.8474731
51.4731026
52.8840523
51.3485451
50.6658363
51.3738899
51.4450226
50.6567688
50.4640465
50.363945
50.3634529
50.3631477
50.3629875
50.3626175
50.3621254
50.3618927
52.3840637
51.2949181
50.7015495
50.2794342
50.2504539
50.2504425
50.2501945
50.2500839
50.249794
50.2495232
50.2493362
50.2490311
51.2327003
50.8011169
50.9178276
50.2819519
50.2603874
50.2475624
55.2661324
66.9219894
59.715477
53.1895447
50.2670021
82.5778427
111.067513
82.8440552
58.6382256
50.244194
51.3590393
51.3853912
52.6517105
50.9105186
51.1635475
50.3616524
80.3479004
80.6082153
80.3424301
80.3416443
80.3409271
80.3402023
80.3392639
80.3384857
80.3375626
80.3367462
80.3359833
80.3349533
80.3340912
80.3333282
80.3322906
80.3315353
80.3306122
85.0564957
43.9728241
114.862793
101.065376
110.563835
239.64917
202.765518
209.61554
134.766861
97.1676407
80.8660202
80.3275223
80.3279648
100.389572
100.595123
100.409264
100.32769
100.327179
100.454842
100.82312
50.5187874
50.338871
50.3246994
50.3239365
50.323307
50.3554306
51.1510162
137.239029
237.952332
279.024231
357.350006
446.700897
331.624023
195.709793
164.150253
120.552902
112.686653
186.846069
240.279449
193.923965
127.508949
102.976959
101.674332
100.702003
60.2996483
60.3154793
111.611084
102.831627
73.7729568
60.3164482
143.96524
289.855469
197.140427
96.9393692
60.4060516
60.3005867
60.3161888
60.3162384
60.316227
60.3162575
93.8874512
259.444916
472.144928
386.844666
213.314957
110.553787
107.60112
459.69928
522.335571
296.202606
167.552002
104.807243
73.4065018
60.3006516
70.3005142
70.3004532
70.3003845
70.3003159
70.3002396
70.3001556
70.3000641
70.2999725
70.2998734
70.2997665
70.2996597
70.2997208
70.3151321
70.2993469
70.2991714
70.2992096
70.3148804
75.0667343
74.3515167
71.3336258
70.2981567
70.2980881
152.707672
178.584778
121.447243
79.4752884
73.2379761
89.2817917
104.104774
89.1257706
75.0858536
51.1372528
50.5820312
50.3778839
50.3294601
50.294899
50.294632
50.2943916
50.294342
50.3999443
50.8227806
51.0043373
50.4629936
97.7292328
85.9241257
60.6581726
50.7321205
52.7847099
182.662033
171.669067
98.6300735
57.2215958
50.2894745
50.2893639
53.9988747
53.7118912
51.1504173
50.2879715
51.2159004
51.6834526
52.100956
64.7336197
49.9595909
80.1123199
78.854393
333.00885
236.215134
279.322449
282.88623
231.388107
170.98024
98.9490051
59.4235077
457.026886
861.130615
549.716248
155.03392
40.3826447
40.3826447
40.3826447
40.3826447
40.3826447
40.3826447
40.3826447
45.7032051
109.151398
300.763916
335.495178
493.547119
533.530945
331.344177
154.830231
630.901367
744.08429
404.237305
156.778
170.366028
451.740692
431.058838
209.665863
151.828583
143.649994
110.967934
100.382652
100.382652
100.382652
100.382652
100.382652
100.382652
100.382652
100.382652
100.382652
100.382652
100.382652
116.125061
132.307465
119.722939
103.950111
100.382652
100.382652
100.382652
102.34713
105.364166
101.917198
100.884171
101.997391
101.578018
100.769241
100.402573
100.343018
100.333267
111.899033
106.46907
102.190254
100.660187
100.32933
285.860107
282.408508
155.258072
109.620773
104.695816
101.6866
100.242577
100.237099
100.226295
104.245804
102.400909
101.001976
100.165108
100.126236
100.110077
100.099823
110.89492
55.0210686
51.6863632
50.1830444
50.1766891
50.1384811
50.100708
50.0925369
50.0864067
50.0808983
51.012661
106.234894
95.7842865
63.8113289
50.1087379
50.0951576
50.0913467
50.0536995
50.0514984
50.0506973
50.0503311
50.0504799
50.0511169
50.0522003
50.0536461
50.0555382
50.0579376
50.0607452
50.0640831
50.0681915
77.6139069
118.913742
106.451347
100.301125
100.147636
100.154327
100.188698
121.594627
113.817543
104.462669
100.20826
100.199181
100.206116
100.214211
100.221939
100.229713
100.236031
100.242249
100.248268
100.25489
100.267471
100.265633
100.269157
50.2728767
50.2770119
50.2816124
51.0558739
50.3951797
50.3480721
50.2993584
50.3042946
50.3093987
50.2957268
50.3047218
50.314312
50.3254356
50.3103065
50.336071
50.337471
50.3370819
50.3368073
50.3363762
50.3360252
50.3356934
50.3352623
50.3348351
50.334446
50.3340149
50.3335876
50.3331909
50.3326683
50.3321571
50.3316536
50.3313637
50.40271
64.4636383
59.6384163
53.3216553
50.3288994
50.3282738
50.2107124
50.210022
50.2096901
50.2093239
50.208847
50.2084885
50.2080421
50.2078133
50.207428
50.2069626
50.2065392
50.2046928
50.2014084
50.2003555
50.1998405
50.199295
50.1984138
50.19804
50.1974144
50.1967888
50.1964722
50.196785
50.4614754
50.1993141
50.2202682
50.1941605
50.1940804
52.1352882
51.8843269
50.715004
50.3070831
50.3046684
80.3036957
80.3027191
80.3015671
80.7876129
80.3064041
80.2984848
80.297348
80.2961197
80.2950897
80.294014
80.2928162
87.4697113
84.6595078
119.221191
108.621742
89.1010742
80.2864609
80.2855606
80.2843857
82.0694199
83.2870865
81.7274551
80.6764221
80.279274
18.1776466
76.7477264
82.6265259
82.4402771
81.3378983
80.6514359
103.162628
52.8197021
53.0237274
52.2408409
51.5330544
54.4085579
57.8062897
88.3093414
80.8936462
98.7242813
283.487854
397.923279
245.752991
92.8170013
53.7284927
103.907768
102.394661
51.8782196
50.7828598
50.3569717
50.3598557
50.3618088
50.3630219
50.3638725
50.3645592
50.3829651
50.4788284
56.1257401
56.1810379
52.47155
50.4197006
60.2967567
60.2797585
60.6576653
61.2528763
61.7990494
74.4656067
77.720192
70.4599915
63.314846
60.810318
66.1108856
63.5652962
61.2800407
101.26223
111.729698
132.1698
149.484268
151.000229
210.899963
169.122009
120.499474
75.9950638
65.3113327
150.743927
330.011932
203.266891
100.428917
65.0388336
62.6314278
61.2456131
24622.041
110.127129
123.364296
113.804008
103.616455
100.29998
102.180473
102.210609
100.931511
100.969849
100.83326
100.432076
100.355034
100.31321
100.301208
100.298721
118.235855
123.80793
117.658051
106.741364
101.444061
100.379135
111.900528
113.152733
106.597473
101.607498
107.259438
246.148041
266.577606
175.547501
118.345703
101.821785
100.421425
100.295509
101.626099
101.781052
100.665474
100.294243
100.293945
100.293411
100.292999
105.848602
104.153175
101.244705
100.291672
100.309235
102.410095
102.161301
108.299934
139.161163
171.692429
153.37413
178.131561
187.791031
138.652466
122.057106
141.984543
194.232651
172.030228
127.158813
184.487274
147.995148
53.6815186
40.6899033
41.0946999
40.8889275
40.5834427
40.3826447
40.3826447
40.3826447
40.3826447
40.3826447
73.6847992
177.706085
574.111023
372.111938
235.263687
326.316956
237.254456
91.78228
40.3826447
40.3826447
40.3826447
40.3826447
40.3826447
329.457733
318.737091
136.206039
58.7056198
48.929348
67.3644943
71.623558
115.704803
104.551132
103.638962
102.597557
149.525146
145.281525
157.171295
141.224518
110.353165
100.382652
152.433105
264.018188
294.257111
193.006927
115.579132
100.382652
100.382652
100.382652
109.296188
134.03212
125.252014
105.714958
173.985107
281.703796
231.34642
251.234985
278.968292
193.097763
203.12323
179.475861
123.00901
101.342018
100.805862
100.381264
100.372429
113.413353
107.064545
102.46315
158.893951
195.089951
356.799438
284.033661
154.129486
101.362885
100.439209
100.274879
100.274132
100.26944
100.250916
100.239403
100.234169
100.599724
100.24939
100.229645
138.659988
170.121643
139.909363
109.406776
105.597435
103.104477
101.213898
50.1432762
50.1302223
50.1217384
50.1137276
50.106205
50.0992699
50.1258163
119.456741
331.675995
289.855591
132.453522
59.2144279
81.7234955
1071.91211
1308.57861
644.897766
146.149765
100.142456
100.472992
100.144043
100.101425
100.055016
100.052826
100.054329
100.056343
50.0589027
50.0619316
50.0654411
50.0694275
50.0739937
105.481056
227.382339
480.650848
482.388794
263.165924
127.610718
100.201195
100.18219
100.859375
100.293945
100.25267
100.218002
100.22525
100.234482
100.244095
100.252884
100.262016
100.271484
100.280746
100.289467
100.297859
100.305428
100.319817
100.327271
100.326675
100.334084
100.340866
100.349907
100.355156
100.358681
100.364906
100.324356
100.333519
100.36235
100.367699
100.35704
107.475929
103.101593
101.314049
102.824821
101.139038
104.252663
57.3266869
60.5569839
60.8852844
62.3247948
105.090385
51.6365738
50.3725586
50.3722649
52.7925262
51.1342812
50.7005272
50.3714294
50.3710289
50.5558395
50.370491
54.8640862
51.9807281
55.2904854
106.97332
105.301476
106.884888
116.355911
109.791656
103.11068
111.697182
115.109848
122.541107
110.864281
103.407997
100.260178
102.089607
102.056839
100.702721
100.360023
100.258171
101.013412
100.31929
100.272293
100.27903
105.355988
102.100014
100.94973
101.151489
129.553253
92.5054932
168.48349
216.88147
186.367279
99.7044296
91.5311737
80.5390701
80.361496
80.3619308
80.3620377
80.3621445
80.3623352
80.8723526
80.3623734
80.3622208
80.3618393
80.3617096
80.3612289
80.3608627
80.3604126
80.3600616
80.3595276
80.3589096
80.3583679
80.357811
80.3569336
80.3563385
126.68335
166.307114
153.083908
118.654404
251.220413
248.516968
213.681656
140.270584
123.816269
103.580299
100.559296
100.719894
100.471458
100.367462
100.367569
101.237877
101.674629
100.825203
100.391228
100.367767
100.367683
100.367523
100.3675
100.367371
100.367256
100.367065
100.367043
100.366669
100.366432
100.366066
102.449432
135.962296
140.06105
134.962479
118.952316
105.495567
129.354935
232.00618
288.981384
172.911102
90.2389374
63.0688934
60.6519089
60.3009758
60.4971199
60.6257515
60.4294777
64.8796692
95.0067825
108.625137
93.7509079
70.743866
62.0286789
60.2871666
60.2871742
60.2870483
60.2869034
60.2871895
60.7858467
60.5064621
60.3595543
60.3024483
60.3424568
60.3083878
60.3015785
60.284687
60.2842331
60.3363533
60.5760841
35922.207
121.039436
112.638702
103.519325
100.293983
138.294815
126.473251
108.360603
100.278984
103.747543
102.717941
101.432625
109.082413
106.044167
102.040512
236.648163
188.150146
489.310699
430.678955
534.488159
322.512146
177.599396
287.525055
217.399719
136.002991
104.584579
102.424355
100.750122
105.583267
104.223579
119.34111
396.991333
685.119141
673.812378
732.364746
484.343231
456.792999
293.238708
100.311272
142.051605
139.650482
112.170334
107.260132
121.713791
116.043961
113.847954
109.63179
102.749168
100.291473
100.291351
100.308685
100.290649
100.290443
121.949295
187.447601
163.863953
117.068848
117.347244
226.236572
593.973145
603.700928
294.755096
123.234589
100.382652
145.057663
186.421249
155.076508
166.499756
197.433411
223.658295
186.624023
130.491135
104.012543
113.871506
119.479271
109.84742
102.112907
100.382652
100.382652
100.382652
100.382652
100.382652
100.382652
100.382652
40.3826447
40.3826447
45.8240318
100.382652
40.3826447
40.3826447
44.83535
44.8713112
102.560959
100.69297
100.4375
100.382652
100.409828
100.391289
100.382652
100.382652
100.382652
101.579895
103.10218
102.100067
100.540253
100.382652
100.654617
100.469048
100.382652
100.382652
101.779121
103.068321
101.809082
132.306107
132.314758
113.810402
169.105408
231.828033
366.793701
375.589233
224.397888
118.922455
100.382652
100.374374
100.36763
100.369049
100.378143
100.341652
100.352531
100.341576
100.330849
100.338509
165.863815
354.067902
550.307861
475.050415
237.823776
120.832047
100.283554
100.374809
100.26918
100.238266
100.234688
139.202454
262.459839
453.674316
455.252472
277.132965
137.936554
102.696861
100.13903
100.100128
100.116745
54.1385765
52.3128586
129.164703
675.685486
589.126831
214.25235
51.9249268
102.445404
100.165466
100.135956
100.103722
100.066673
100.062843
100.059631
100.057045
50.7266541
50.1075287
50.0616875
50.0508461
50.0504799
50.0506287
50.0512619
50.0525169
50.0923462
50.1320953
69.5483017
85.2363815
68.0921249
105.425095
50.1338272
100.147652
153.101059
168.250336
128.07695
105.081718
100.19014
117.739372
107.891602
102.651009
100.196777
100.205345
100.214447
100.223366
100.248642
100.24736
100.249313
100.257332
100.265701
100.273827
107.564438
102.47113
101.028084
100.301201
100.3069
100.314941
100.324379
100.32431
100.32235
100.330315
100.343086
100.337105
100.383415
50.3286438
50.3388634
50.3469353
50.3510094
50.3537102
50.3536034
53.20084
51.0427132
50.6267967
50.3522301
50.3521919
50.3515434
50.3512154
50.3509827
50.3504295
50.3500862
50.3497925
50.3495598
50.3489304
50.3486404
50.3485031
50.3476982
50.347393
50.3467255
50.3463554
50.3461418
50.345356
50.3450623
100.232971
103.924515
102.823814
101.051498
100.39592
100.252525
100.227913
100.227592
150.113495
138.1539
112.391273
100.228462
100.228203
100.227905
100.227592
100.227081
100.227394
100.249191
100.227005
72.3554153
64.3447952
54.895565
50.2256622
50.2253685
50.2255745
56.361351
52.8137665
51.1275291
51.5251923
50.4633102
50.3322411
80.3259125
80.3252869
80.3244247
81.3205719
80.4454117
80.3678589
80.3707886
85.6858521
101.266212
144.174652
255.098297
310.615387
235.429443
142.051483
98.7384491
83.4626617
81.3739014
80.322258
80.3228226
80.3230438
93.1992569
88.6552811
83.2059937
80.3228912
80.3222198
81.2489471
80.3385544
80.3207932
80.3201294
80.319664
100.31881
100.3181
100.317299
124.873138
121.751419
107.054695
100.331856
100.313957
100.312965
100.312416
100.311539
100.310524
100.309883
102.148155
127.206619
135.893127
118.879875
137.854004
183.461121
136.838776
128.600433
175.078278
152.570679
120.813965
103.706497
50.3109016
76.8977966
456.196228
698.549866
628.926697
336.142792
118.160416
65.3572769
60.6951561
60.3163986
60.3007011
60.3000259
60.3000412
60.3002701
60.3166389
60.3167801
102.996246
92.3345642
70.376915
60.3005981
60.3587265
60.3072739
73.8789139
67.8928604
62.7297592
60.3004303
60.3004265
60.3006516
91.9016724
81.4296188
66.9519806
62.2177429
232.66951
177.688339
98.7150726
61.8062515
139.866653
267.452148
253.101944
279.10614
174.285889
97.7299576
70.2999954
70.3000717
70.3153992
70.2995605
70.2992096
70.2989807
70.2988129
70.2986679
70.2987747
71.4165268
71.3852768
70.6176529
93.2094955
88.0416412
75.4878693
70.2977295
70.3136139
70.2971802
70.2969666
70.2967758
70.2968216
70.3130035
70.2963181
70.2959976
70.2960205
11.1667957
91.848732
100.641609
100.294777
100.294777
111.817429
108.948334
103.126144
103.582077
102.793144
100.891968
111.64016
175.863785
196.814774
145.093903
109.163841
100.291374
100.291206
101.987923
129.877029
127.708244
111.192657
107.654633
104.455933
101.34536
100.288406
138.541306
125.301537
219.570572
165.123932
120.11377
40.8618164
40.3826447
40.3826447
40.3826447
40.3826447
40.3826447
40.3826447
40.3826447
40.3826447
70.1614685
63.2054939
47.7583694
40.9740257
48.5590248
158.669937
160.009094
88.7892456
47.5235901
40.6276932
40.3826447
40.4370499
40.6156578
40.5075569
40.8613358
40.8481674
40.5840645
40.3826447
40.3826447
40.3826447
40.3826447
40.3826447
40.3826447
40.3826447
41.2423134
42.3333321
41.5781136
40.4852142
40.3826447
52.4942932
67.9388275
62.8498497
48.5171585
41.2264214
40.3826447
40.3826447
40.3826447
40.3826447
40.3826447
40.3826447
40.3826447
40.3825264
43.9415283
45.2019882
42.5780563
40.5548744
40.3823929
40.5515366
42.3063316
42.0173454
40.5280075
40.3744202
11115.1709
100.380447
119.816277
156.183258
136.500244
109.519211
100.326965
100.323151
100.322678
100.309509
102.209267
101.05706
100.53598
100.272346
100.263893
100.255203
100.888214
100.401985
100.313332
100.238228
100.233826
100.22081
100.181313
100.168961
107.868523
103.647446
101.096024
100.099533
100.116493
100.106468
50.132309
50.1865807
50.1814461
50.7325172
55.135891
56.458828
66.903389
72.1471558
99.2224197
79.015564
57.8621635
50.0573387
50.0529213
50.0487823
50.0447311
50.0413818
50.0391235
50.0789413
50.0795097
50.0377541
50.0723953
50.0723
50.033432
50.0317116
50.0696335
50.1070633
50.0721359
50.0365753
50.0374985
53.215271
50.9382858
50.3602295
58.8142586
97.6348419
113.15033
78.8341293
56.2724495
50.1881561
50.1633644
50.1627655
50.1659355
50.1442604
50.1442261
50.1482964
50.1711235
50.1760292
50.164772
50.1698189
50.1770859
50.1846199
50.1919937
50.2004395
50.2082596
50.2238235
50.2351265
50.233181
50.2324715
50.9767609
50.3239441
50.2861137
50.2571297
50.2617912
50.2497101
50.2734413
50.2787018
50.2684517
50.2979774
50.3002892
50.3028412
50.3031006
50.3027649
50.3023186
50.3019676
50.3015747
50.3010864
50.3005867
50.3004074
50.2998734
50.2992172
50.299099
50.2985268
50.2978096
50.2975731
50.2968063
50.2963638
50.296051
50.2951279
50.2947617
50.2944946
50.2935638
50.1798134
50.1793098
50.1791344
50.1789131
50.1782608
50.1779785
50.1770134
50.1762733
50.1749687
50.1730499
50.1726456
50.1720924
50.1717415
50.1709404
50.1706734
50.1700134
50.1696472
50.1690712
50.1686745
50.1678886
50.1676331
50.1679611
60.6738968
56.8511581
52.2964935
50.3429375
50.1676254
50.1891632
50.2119217
50.1651497
50.1645203
20.5079575
96.302269
102.234535
100.268211
100.267197
100.266075
100.331985
100.263969
100.262917
100.261894
100.260872
100.259598
100.258331
100.257187
100.255836
100.254814
100.253723
100.252258
100.250694
80.4634323
80.2499313
80.2476196
80.24617
80.5928116
87.4129486
86.3529816
82.5509186
80.4869308
121.963844
114.971169
111.001579
100.235023
100.234154
101.051537
101.168236
100.49778
100.230202
100.228966
100.238792
100.230049
100.225357
100.224464
101.635696
134.103043
159.668701
150.805023
122.156204
104.331329
100.217628
100.216789
103.618958
132.060776
137.611069
117.2938
102.837296
100.213692
102.936974
103.196854
101.084213
100.20713
100.205956
60.118454
66.0772781
74.6509552
114.31517
144.709503
115.782028
103.797935
154.196442
200.618698
148.733429
83.4785919
61.4258041
60.1427193
66.8095169
81.8782501
79.668663
84.3572083
73.0825424
63.7604523
121.014229
137.508926
96.2598038
66.6941528
60.2125015
85.9652863
113.887825
149.667175
228.314728
218.511169
119.472542
11876.9443
117.108307
111.558647
106.813889
119.989998
112.232506
103.627228
100.322998
100.277084
102.364937
105.391953
108.93631
175.253143
153.513031
266.323303
193.225449
177.211014
214.367371
270.469391
179.783432
119.271408
100.290749
100.309135
100.294243
156.528931
154.953568
253.080475
286.206543
259.400208
163.84169
113.686478
243.144531
243.659851
159.897903
111.667145
101.681503
101.517693
100.908188
100.665802
100.373177
100.294312
127.255989
208.279694
200.480011
408.346558
271.208466
144.751343
103.418091
104.332161
170.608704
193.89743
150.789749
123.25808
110.234093
141.669159
137.513199
114.466255
104.140656
103.272499
101.797859
120.170807
116.715195
113.600891
124.30143
93.3028793
58.3369026
43.7979126
40.4594307
138.394257
145.405807
105.606262
66.2631226
47.5850792
43.7161713
45.4437294
43.3366318
41.2131271
41.2391472
41.5389977
60.6381454
59.0398903
106.777153
43.8804436
87.531723
143.577759
53.2418747
100.382652
44.8731384
157.143539
99.449173
62.7043953
109.759888
107.643074
109.072449
105.404671
142.885742
180.332153
162.17778
143.339249
160.571884
342.735626
387.335663
297.789185
240.249176
170.586304
114.411346
100.463531
100.765915
102.951813
103.310028
100.677322
100.625542
100.459816
100.382652
100.382652
101.075371
125.416428
124.583008
115.60437
148.76532
139.885223
147.978149
