0.0
0.0
0.0
0.0
0.0
0.0
0.0
0.0
0.0
0.0
0.0
0.0
0.0
0.0
0.0
0.0
0.0
0.0
0.0
0.0
0.0
0.0
0.0
0.0
0.0
0.0
0.0
0.0
0.0
0.0
0.0
0.0
0.0
0.0
0.0
0.0
0.0
0.0
0.0
0.0
0.0
0.0
0.0
0.0
0.0
0.0
0.0
0.0
0.0
0.0
0.0
0.0
0.0
0.0
0.0
0.0
0.0
0.0
0.0
0.0
0.0
0.0
0.0
0.0
0.0
0.0
0.0
0.0
0.0
0.0
0.0
0.0
0.0
0.0
0.0
0.0
0.0
0.0
0.0
0.0
0.0
0.0
0.0
0.0
0.0
0.0
0.0
0.0
0.0
0.0
0.0
0.0
0.0
0.0764750317
62.9876404
160.828964
238.989777
169.873886
56.9779396
9.99845886
8.07462597
0.00447081914
0.00457813917
0.00474188849
0.0048053246
0.00481277285
0.00493819825
0.00510029029
0.00532746408
9.0982914
30.7817039
13.7263126
9.99944019
4.07232189
0.00569206523
0.00569795584
0.00570317172
0.00616111606
0.00626899628
4.90507841
3.55086517
1.57166266
0.723846793
0.221970111
0.00768216792
41.1427765
30.8355389
12.733283
10.0002661
0.430747688
0.034789823
0.0151072089
0.0070069083
0.00707506947
0.00706717698
0.00705797132
0.00724509638
0.809849143
1.70778549
0.500594854
0.320347399
1.08411753
0.328990191
0.779553831
1.65492618
2.41109324
2.84657359
6.71464205
7.23335743
30.4164753
237887.469
109.802376
100.15863
100.141609
228.124573
280.563354
185.568787
165.152435
141.116821
112.429176
149.882568
245.933563
229.657181
168.444656
123.714294
106.265999
100.446404
100.031563
100.03215
100.032318
198.752869
521.794556
529.903076
267.04895
122.243965
182.080383
183.445145
129.148849
102.419739
100.055771
100.055832
100.05603
100.231392
100.479698
101.534508
108.702171
116.791573
133.655838
218.506622
200.117447
127.604111
100.062889
100.063042
100.063103
100.063141
100.063004
100.062874
100.062599
100.17028
112.923416
112.54879
103.584106
100.779579
270.60141
385.52597
344.301727
258.263489
204.707626
169.080551
136.278168
111.446793
102.237267
100.700447
100.209641
101.223885
102.054573
100.604256
100.085167
100.084648
100.084038
120.669144
211.542511
296.504639
247.923538
424.588501
427.892792
293.706299
232.553574
185.90065
129.085236
115.520599
113.0177
105.008247
100.720749
100.376305
100.249641
131.538452
132.336533
109.319046
102.115555
103.142731
100.903038
100.107834
100.10778
100.108078
40.1070061
43.7888336
43.3477364
55.4272995
58.4871712
51.8843079
77.4013214
223.850525
511.508911
484.888611
219.176056
65.6273346
292.987091
350.453674
228.838928
132.270996
122.916687
118.299423
105.92025
100.117836
100.116592
100.114845
100.113342
103.837051
342.109802
384.865784
154.353516
121.713486
109.073723
102.976509
100.116112
100.114868
100.113914
100.112579
100.111305
100.848129
158.922363
157.796097
116.013092
134.533493
144.329895
132.800568
115.533295
102.848839
270.045166
272.294403
151.37587
103.34864
101.542381
100.228485
100.112015
244.880493
392.329773
289.13562
227.87233
300.145538
273.707214
166.006607
109.165009
100.727226
100.179482
100.131577
100.130791
100.130188
100.129379
102.538177
117.171951
297.519226
356.598236
221.933716
121.380043
100.176437
100.159325
100.136604
100.136131
100.135651
256.585358
247.94751
147.785446
359.480591
405.706055
221.081451
113.928009
100.151421
100.151299
100.150734
113.571617
192.693359
177.170151
122.715103
100.15377
50.1529045
50.1510963
52.9922638
84.657959
219.588043
231.86319
121.346741
356.003082
328.969269
169.4832
100.152069
100.150688
162.910919
216.379425
258.730408
205.742615
345.638947
532.8479
552.953857
584.429749
572.594727
350.00528
185.137405
100.169594
100.167763
100.165901
100.16362
100.161552
100.159149
100.157364
101.513641
178.335876
216.622604
157.774811
202.054871
190.780106
131.17067
102.670914
126.875008
115.782738
107.781601
101.488228
100.740044
100.586166
100.146034
100.14045
100.133835
100.132248
100.130219
100.1287
100.127151
100.125626
100.124008
100.122475
100.121155
100.361198
100.118645
100.117546
100.116302
100.115051
100.114082
100.112549
100.111931
100.111107
100.110909
100.109741
100.411446
100.766396
100.297859
100.205032
100.107399
103.088737
101.742561
103.418648
51.6501656
50.6512337
51.3302956
51.5626564
50.6729317
50.298645
50.1012344
50.0998001
50.1008759
50.1002731
50.099144
50.0987473
50.0969963
52.9105797
51.7142715
50.9355659
100.152283
100.091011
100.090462
100.090019
100.089394
100.088799
100.088142
100.087494
100.086838
101.461739
100.943954
101.080643
100.161263
100.111931
100.084259
108.312691
85.2714157
72.5986252
57.4931679
50.0857086
145.821518
272.646362
204.460541
91.4731979
50.0955925
101.756584
102.034424
54.6086273
52.644886
51.9897881
50.1540604
80.1050873
80.3859558
80.0914917
80.0887985
80.087265
80.0863571
80.0854187
80.0840073
80.0830002
80.0822449
80.081749
80.0820999
80.0846329
80.083252
80.0790863
80.0825195
80.0825272
91.8601303
223.196198
283.117676
191.782089
207.207016
804.039246
778.897522
494.084991
279.62027
141.438965
81.6418457
80.1045227
80.1026688
100.273857
100.774269
100.295959
100.09742
100.09623
100.453125
101.382042
100.549507
100.118294
100.091141
100.090096
100.08931
100.151962
101.994743
422.745209
839.609375
876.236694
886.161255
1027.65271
722.495972
357.187622
195.125671
128.696945
117.087456
238.385162
319.347656
238.391525
137.764877
103.539223
101.750397
100.596893
60.1258545
60.1239738
137.127533
128.177048
80.654274
60.1195145
199.344559
428.079956
329.835449
129.723206
60.2460709
60.1220436
60.1203842
60.1185799
60.1165848
60.1147385
103.34256
359.223969
699.723022
580.128723
263.536346
112.503563
105.705795
439.227417
587.896606
298.7117
194.550858
365.103638
318.189331
110.826202
100.132263
100.13089
100.129692
100.128128
100.126846
100.125328
100.123756
100.122353
100.121162
100.119827
100.118523
100.117157
100.116264
100.115112
100.114059
100.112747
100.111977
105.484375
104.995033
101.358421
100.108253
100.107292
226.871735
287.751709
204.269699
120.547073
104.596031
126.790794
152.835602
135.855957
109.332687
101.612701
100.592056
100.251862
100.141014
100.109779
100.109222
100.108566
100.10778
100.245605
100.922653
101.278999
100.399597
172.487274
174.308273
122.225166
100.994179
104.196121
318.048889
375.028381
220.895752
116.272865
100.117477
100.116951
105.281937
105.939453
101.626823
100.115234
101.571999
102.465477
102.985817
119.834641
57.6540108
105.110016
116.836975
585.243774
576.707275
441.699768
397.383881
293.007782
185.98851
166.047897
120.526657
550.605347
932.94519
622.55957
785.322388
571.137634
539.578186
158.330322
100.143913
100.14209
100.140335
100.138809
105.616127
184.277252
436.573212
445.367554
485.818176
630.780823
617.298462
605.872192
930.581421
790.468262
649.655701
627.449219
633.192932
545.500793
357.952057
331.968414
329.179321
313.166565
128.151443
100.181244
100.180222
100.178947
100.177689
100.176674
100.1754
100.173981
100.17321
100.172081
100.170799
100.169838
116.406418
135.022156
122.031647
104.202034
100.166153
100.165291
100.164459
102.250122
105.733498
101.866478
100.718941
102.051048
101.5532
100.604271
100.214333
100.156891
100.156296
114.007263
107.416794
102.413124
100.612762
100.174675
425.523254
417.256226
196.159698
109.978401
104.682442
101.634964
100.159081
100.158646
100.157936
104.222153
102.291222
100.935806
100.156097
100.153748
100.153336
100.152702
111.620949
55.1505852
51.6994362
50.1484146
50.14674
50.1447449
50.1426086
50.1405106
50.1386414
50.1368713
51.1293564
133.234222
117.351662
70.3493576
50.1309013
50.1296844
50.1281586
50.1265144
50.1249161
50.1230888
50.1216125
50.1204185
50.1190987
50.117691
50.1164055
50.115284
50.1140022
50.1126709
50.1117058
50.1106186
95.402771
133.271027
111.332954
100.440147
100.106422
100.105629
100.104988
142.177841
130.114761
109.39872
100.103142
100.102356
100.101906
100.101357
100.100838
100.100029
100.099564
100.098976
100.098618
100.098068
100.097343
100.096924
100.096489
100.095818
100.095245
100.094772
100.986511
100.333191
100.228363
100.092735
100.092209
100.091393
100.087593
50.0872688
50.0869789
50.0867882
50.0872993
50.086956
50.0856743
50.0854263
50.0853424
50.0850563
50.084404
50.0839043
50.0835152
50.0830917
50.0825996
50.082325
50.0819016
50.0815887
50.0811424
50.0808449
50.0806084
50.0804634
50.1727905
81.9360199
74.1150436
57.8855782
50.0819054
50.0817032
50.0782776
100.078064
100.077751
100.077759
100.077759
100.077766
50.0776138
50.0776215
50.0776291
50.0775375
50.0773163
50.0771179
50.0767365
50.0765114
50.0764961
50.0764885
50.0761795
50.076149
50.0759811
50.07621
50.0756187
50.0757217
50.5040894
50.0890121
50.077961
50.0776405
50.0750732
54.0670242
54.0638695
51.6382179
50.4374924
50.0750008
80.0745926
80.0741959
80.0739822
81.0439453
80.102684
80.0722504
80.071434
80.0751572
80.0747452
80.071846
80.0715179
97.4406586
91.3348694
264.736511
233.604004
129.702133
80.0834427
80.08284
80.0814285
86.8015671
93.3125
87.9820862
82.2652435
80.0798721
117.944443
116.082451
94.1913376
90.1185608
86.6005783
82.3972168
114.537979
115.226639
114.920738
112.097321
107.572899
72.2020721
94.1749802
303.368378
290.543579
343.786713
1307.78577
1728.35168
937.251465
256.126068
106.527008
107.878014
104.445511
103.474358
101.043129
100.102173
100.100777
100.09948
100.097786
100.096031
100.094765
100.134735
100.326271
111.89003
113.735077
105.033577
100.382317
60.0869064
60.0849686
61.0136032
62.5721817
64.0808182
96.2037964
111.399261
93.3961029
70.8635101
61.9735069
77.5971451
71.5830994
63.6348763
206.375916
256.074982
320.025299
379.316345
363.908508
486.302612
402.893005
214.393631
101.032387
72.3983841
207.557129
609.44812
514.554626
186.870392
67.612793
64.0022354
61.6558685
70.2683487
84.1081009
107.52195
97.385376
76.830162
70.1081543
73.3162231
73.7652359
71.4554138
71.2428818
71.1287079
70.4034805
70.1789856
70.1318207
70.1069946
70.09935
98.0220184
116.578827
108.131332
86.3733444
73.0621414
70.2177582
90.4815826
99.7317657
86.2966766
73.5872498
82.973465
370.396912
499.589783
304.378784
121.854942
103.971947
100.424919
100.108932
102.276588
103.240288
100.926384
100.106056
100.105278
100.104675
100.103966
108.037872
108.323051
102.227791
100.101715
100.100647
103.450699
104.227951
112.748322
171.291626
250.992035
234.289032
243.061798
277.542938
208.308014
144.101227
164.252884
253.87204
253.210251
166.461441
215.35733
208.437393
72.3625488
40.6834946
41.1902542
40.9851646
40.4909782
40.1234856
40.1217613
40.119812
40.1179924
40.1165733
91.5617676
322.126892
966.045715
827.205627
358.344727
326.446411
263.093842
99.84552
40.1380119
40.1368942
40.1355247
40.1339035
40.1325417
385.397278
394.99762
159.70253
56.4596596
107.73452
125.973366
130.457993
115.477737
104.187851
103.312378
102.235779
153.074417
151.471725
162.204178
147.368683
112.473801
100.131508
157.251816
280.924988
303.098969
197.501114
116.839714
100.139206
100.13855
100.137512
108.270554
133.150742
125.900085
105.846397
177.636688
284.695312
233.381454
227.101379
243.740814
178.605606
178.081482
161.122726
118.286667
100.915962
100.489647
100.149857
100.14904
111.825768
106.057526
102.004501
159.747177
196.364044
311.948212
264.767059
147.829254
100.995697
100.280479
100.155724
100.154915
100.154686
100.153885
100.153297
100.152725
100.462952
100.151566
100.150818
137.186447
171.264435
141.042587
109.825546
105.209076
102.786942
101.085182
50.1494675
50.1475563
50.1454697
50.1432877
50.1412582
50.1391907
50.1375389
139.153809
450.642517
425.693237
174.532928
60.0300789
81.7293854
1116.2688
1374.18835
625.455933
915.116943
420.87793
706.670715
114.05117
100.147423
100.145081
100.143227
100.141342
100.139557
100.13765
100.135826
100.134094
100.132324
100.130516
105.540245
287.79425
709.597595
708.353149
343.489563
422.815735
335.48111
269.685577
100.641891
100.180496
100.158257
100.129913
100.127983
100.126366
100.124649
100.123253
100.121666
100.120285
100.118828
100.117607
100.116287
100.115219
100.11396
100.112747
100.111694
100.11068
100.109665
100.108902
100.10807
100.107048
100.106369
100.104416
100.105103
100.104156
100.101921
100.103386
108.918152
104.085587
101.45414
103.195419
101.35878
105.547562
111.020622
117.847824
119.835808
124.420563
111.201843
103.147255
100.097107
100.096664
103.997208
102.036148
100.905258
50.0949974
50.0947304
50.3181648
50.0948715
58.5938568
54.3363075
60.7340508
115.617798
112.279373
115.939911
142.339722
126.304947
107.87059
128.552917
140.730988
162.58371
134.908401
110.344635
100.095627
102.888481
103.598351
101.471825
100.397789
100.093224
101.086235
100.19825
100.125999
100.091293
109.995735
106.217728
102.373161
101.325005
174.93605
227.811401
408.440186
562.157715
508.922729
277.941895
135.660767
100.470276
100.113449
100.111816
100.110283
100.108742
100.107109
100.612183
100.104179
100.103142
100.102074
100.100685
100.099297
100.097771
100.096626
100.095367
100.094208
100.093315
100.091873
100.090538
80.0891342
80.0892258
209.73201
378.685669
350.881348
212.455597
630.497803
680.316833
437.299194
246.825012
159.736664
107.641045
100.476814
100.809601
100.309189
100.110168
100.108833
101.727234
102.867561
100.980057
100.136635
100.10257
100.101151
100.100021
100.098763
100.097809
100.096695
100.095764
100.094536
100.093445
100.092705
100.091721
103.825653
183.608261
210.002808
200.213791
160.018448
115.737625
184.70047
559.325684
732.186157
409.137604
141.476562
66.1603699
60.7743721
60.1073227
60.4964218
60.7255363
60.3165169
68.4513702
130.239197
169.825272
140.7556
87.0692902
64.3682251
60.0987854
60.0974579
60.0960541
60.0946083
60.0933571
61.0799179
60.4897842
60.2123947
60.0900345
60.179409
60.1012459
60.0883827
60.0869522
60.0862885
60.168438
60.6337395
116.041367
145.217636
133.172424
108.593681
100.126015
197.11647
194.796021
127.98349
100.086807
108.473274
108.17453
103.5578
120.768639
119.668991
75.7841415
451.476379
474.897644
960.523499
1094.90613
979.216797
619.63147
259.671448
282.448486
279.292694
156.443176
104.83374
102.880669
100.712448
105.613068
105.247147
120.846329
452.30835
821.112915
732.045593
880.579956
815.07605
571.716614
659.345032
393.468689
163.793274
140.973404
112.31736
106.984344
121.843437
117.144775
114.223457
110.407074
102.823997
100.146812
100.14579
100.14518
100.144135
100.143036
124.026146
206.490479
190.726486
124.479599
119.24604
248.286102
689.076477
664.880737
302.278259
217.716873
202.699463
304.02713
190.730606
159.413727
169.905609
200.936295
218.20726
204.078522
193.32515
164.555466
113.550888
118.591286
109.331161
101.834961
100.152496
100.150757
100.148743
100.147156
100.145584
100.143715
100.14225
100.140625
100.138733
100.137016
100.135429
100.134201
100.132629
45.2012634
45.2321854
102.630722
100.501671
100.193108
100.125366
100.157318
100.133537
100.121635
100.120224
100.118942
101.652405
103.688446
102.394257
100.322998
100.11396
100.498375
100.234444
100.111191
100.110413
102.167068
104.086807
102.257698
149.702911
151.092789
121.562782
243.665665
378.017517
636.849121
600.949402
303.500397
127.116928
100.130287
100.129898
100.12944
100.128769
100.128143
100.127365
100.126556
100.125755
100.124985
100.124146
183.197968
427.372864
585.69696
443.775452
213.094101
115.266106
100.144272
100.223183
100.143646
100.142799
100.14257
135.031998
236.643738
372.840271
363.05368
225.663071
126.115608
102.035248
100.157501
100.155861
100.15699
53.4847832
51.9343529
131.136612
674.221069
613.010986
219.241638
210.355362
102.036835
100.180145
100.164307
100.14904
100.147163
100.145187
100.142998
100.141182
100.663803
100.137749
100.135948
100.134056
100.132286
100.130692
100.128845
100.127258
50.1260262
50.1247787
72.8822632
97.4964294
75.189888
57.330162
100.118988
100.11805
189.929596
217.385941
153.854263
109.954605
100.117752
125.180023
114.532089
104.603828
100.114471
100.113693
100.112495
100.111557
100.110886
100.109863
100.109283
100.108452
100.107513
100.106789
110.416687
104.900299
101.673538
100.104019
100.1035
100.102921
100.102394
100.101677
100.101158
100.100555
100.10022
100.099457
100.15609
50.0949402
50.0946617
50.0943871
50.093647
50.0932236
50.0928917
53.9749565
51.7440453
50.7404823
50.0910263
50.0905952
50.0903893
50.0900688
50.0893555
50.0886497
50.088459
50.0876083
50.0869522
50.0865631
50.0864983
50.085659
50.0851326
50.0849533
50.084446
50.0840378
50.0835037
50.0832329
50.082901
100.080978
106.267609
105.296082
102.144737
100.457764
100.083176
100.08252
100.079445
272.230133
247.862213
147.695831
100.088539
100.088585
100.088058
100.087776
100.087059
100.086601
100.086655
100.086937
174.790924
165.545807
121.182846
100.089745
100.089134
100.088737
117.412895
112.076088
104.356033
102.451645
101.301933
100.631325
100.087631
100.088531
100.088196
81.7643433
80.5323563
80.2553024
80.1504211
95.5548401
160.084625
384.132996
848.219971
983.309204
661.505737
315.143066
150.178223
107.970184
102.117683
100.110947
100.109268
100.106995
125.61322
120.353828
107.12339
100.10025
100.098358
101.39003
100.143845
100.093864
100.092567
100.09156
100.089378
100.08799
100.087212
165.870972
167.247696
120.590591
100.128082
100.087082
100.085625
100.08564
100.084549
100.083855
100.082565
105.28936
191.892792
238.998444
176.677704
243.381897
434.669586
441.591248
369.732269
334.693024
257.747589
159.037109
109.150597
100.111626
165.472046
1193.88501
1714.05164
1176.78076
494.558289
143.297073
106.415627
100.55703
100.127731
100.125694
100.123032
100.120598
100.118187
100.116562
100.114372
158.435699
148.978394
114.891922
100.107773
100.175003
100.11393
119.821152
112.986588
64.0393219
60.0975037
60.0962563
60.0950089
111.503601
101.024765
72.4895096
63.7809486
430.752533
387.916443
163.667923
103.018768
197.977463
434.891968
466.64566
438.282562
301.784271
283.894958
190.563354
100.118362
100.11734
100.116333
100.115143
100.113884
100.11264
100.111343
100.110466
101.426788
101.530296
100.55764
128.560364
127.505203
107.976303
100.104568
100.1036
100.10334
100.102539
100.102135
100.101181
100.100266
100.100266
100.099312
100.098747
101.678772
102.393425
100.689232
100.095497
100.094887
116.335533
115.913803
105.196144
105.602478
105.21653
101.327927
118.506783
258.238037
331.224335
229.452667
126.349884
100.103897
100.103523
102.948235
146.194397
158.259384
126.641754
112.902687
109.518211
102.540161
100.104904
156.969025
160.950562
296.102631
284.968414
158.020172
41.2218819
40.1151924
40.1135674
40.1119499
40.1101494
40.108532
40.1069717
40.1055107
40.1042976
90.6137848
91.0769501
57.1014633
41.4105225
54.3180809
325.854492
375.420044
179.038269
57.7751884
40.6206779
40.1074982
40.1882591
40.525383
40.331913
40.8203735
40.9059219
40.4667397
40.1004333
40.0990639
40.0978355
40.0964317
100.095726
100.094582
100.093208
101.300079
103.188194
102.306831
100.297516
100.088303
120.000092
154.942841
151.454086
120.64772
102.448082
100.087433
100.086838
100.08638
100.085732
100.085007
100.084663
100.083771
100.083725
106.134621
109.903114
105.227066
100.525154
100.081284
100.371109
103.531319
103.784477
100.452454
100.079689
100.080093
100.079636
141.634705
251.463287
215.212677
131.252838
100.088882
100.089035
100.088638
100.08593
103.415276
101.858505
100.762032
100.084198
100.083488
100.082954
101.090286
100.439659
100.270149
100.084648
100.084229
100.08419
100.079689
100.080727
115.411072
108.438187
102.646858
100.078072
100.078842
100.078484
50.0819931
50.0820427
50.0816116
51.0328178
60.535675
64.645134
92.9474792
112.616821
204.691849
156.361877
80.3098907
50.087265
50.0870667
50.0865326
50.0862122
50.0858192
50.0852051
50.0854607
50.0853233
50.0838623
50.0842285
50.084095
50.0825272
50.0819321
50.0814552
50.0818939
50.0818291
50.0805016
50.0799713
56.3338661
52.342392
50.817131
70.6858139
219.385071
313.760101
203.050568
84.2306747
50.0902634
50.090023
50.0895958
50.0888557
50.0880394
50.0876656
50.0871124
50.0869522
50.0864716
50.0855827
50.0854073
50.0849953
50.0843887
50.0843124
50.0839615
50.0836067
50.0834465
50.0830536
50.0828209
50.0814285
51.0459061
50.3459969
50.2311783
50.081089
50.078949
50.0791016
50.0787849
50.0746727
50.0775185
50.0774307
50.074131
50.0737228
50.0735092
50.0731468
50.0732231
50.0727615
50.0727005
50.0722504
50.0723228
50.0719833
50.0717735
50.0716362
50.0712624
50.0712242
50.0708847
50.0705948
50.0705795
50.0703926
50.0702133
50.0697975
50.069561
50.0695343
50.0693436
50.0673218
50.0672836
50.0672417
50.0670013
50.0667992
50.0666924
50.0665627
50.0663681
50.0659676
50.0655289
50.0654335
50.0653496
50.0651093
50.0648918
50.0647964
50.064724
50.0646591
50.0644798
50.0643768
50.0644455
50.0637627
50.0638809
72.7326126
67.9892578
56.2150612
50.5253487
50.0701981
50.0666466
50.116127
50.0696297
50.0663719
41.484375
92.6143188
87.811348
80.0671082
80.0663605
80.0663681
10.1794138
70.1068115
10.029809
70.101387
80.0653381
80.0651703
80.0650024
80.064827
80.0646439
80.0644684
80.0644379
80.0644531
80.0638962
10.505477
70.1133652
80.0661697
10.0276012
70.9242172
32.0977402
91.0377808
88.5558167
81.1000977
342.614655
314.55304
125.950348
100.076851
100.076553
103.883125
105.071236
51.4802666
50.0743446
50.0738525
50.1304207
50.0895844
50.0711632
50.0701981
56.4515305
272.997192
459.287659
377.696899
182.390259
122.830589
100.09024
100.089462
113.723396
258.774109
294.641479
187.609985
112.765106
100.103157
110.417175
111.902618
103.539597
100.089249
50.0882721
60.0855103
83.9508667
126.0877
357.058716
508.102448
344.559082
240.049957
439.227997
607.092896
398.639435
143.809891
63.5916138
60.1114388
75.5858917
115.731903
113.759621
125.732353
98.1986084
70.7030716
240.105362
305.826477
178.845108
80.6589508
60.1989594
120.821594
204.684433
309.377258
504.729279
478.064789
237.224579
99.3495789
97.3268433
97.2691116
84.2372971
104.668091
100.281204
78.5828323
70.2585907
70.1490021
74.3195038
80.4541931
87.5701218
207.611786
220.786499
379.505371
356.188599
233.052032
266.047699
382.477753
277.823914
120.71067
70.1415787
70.1407928
70.139473
143.316498
170.187454
292.425812
387.035706
334.194214
192.149002
126.454979
241.899292
302.847778
204.398026
120.3517
101.828384
101.88443
100.911949
100.679466
100.277847
100.15464
129.568436
234.788788
255.619766
459.498627
408.301086
189.345215
103.141472
104.595215
168.577423
207.550812
165.552704
126.742867
111.556679
139.58757
143.86557
117.875504
104.334114
103.53923
101.748558
120.274689
119.944893
117.598579
145.511108
107.686195
63.4536934
44.573204
40.2526093
163.920441
184.776276
122.333839
71.1674652
48.8090782
43.3377495
45.172924
43.2312241
41.0362701
41.0149078
41.3529816
63.1381607
62.7883835
48.0853386
44.1308174
103.862137
102.235451
59.0552063
40.1482468
45.2841644
120.915009
127.508705
72.8544006
51.3424988
108.882172
110.332726
106.747795
159.326935
219.023193
193.466385
158.550003
173.938324
399.484222
455.222412
316.740845
227.716278
164.379959
113.981468
100.231995
100.491066
102.431541
102.776657
100.424919
100.380997
100.229004
100.1577
100.156586
100.811119
127.233803
127.471657
117.210968
158.788803
150.347549
156.630493
