0.0
0.0
0.0
0.0
0.0
0.0
0.0
0.0
0.0
0.0
0.0
0.0
0.0
0.0
0.0
0.0
0.0
0.0
0.0
0.0
0.0
0.0
0.0
0.0
0.0
0.0
0.0
0.0
0.0
0.0
0.0
0.0
0.0
0.0
0.0
0.0
0.0
0.0
0.0
0.0
0.0
0.0
0.0
0.0
0.0
0.00266072177
0.00624728017
0.00624728017
0.00624728017
0.00624728017
0.00624728017
0.00624728017
0.00624728017
0.00624728017
0.00624728017
0.00624728017
0.00624728017
0.00624728017
0.00624728017
0.00624728017
0.0
0.0
0.0
0.0
0.0
0.0
0.0
0.0
0.0
0.0
0.0
0.0
0.0
0.0
0.0
0.0
0.0
0.0
0.0
0.0
0.0
0.0
0.0
0.0
0.0
0.0
0.0
0.0
0.0
0.0
0.0
0.00624728017
0.00624728017
0.34268567
48.7729034
77.0864716
91.3596954
58.5361977
19.870594
10.0031271
3.36379814
0.00624728017
0.00624728017
0.00624728017
0.006110074
0.00571645144
0.00524791144
0.00495465146
0.00468546059
4.27555561
13.2461414
9.00882339
2.74118018
0.00468546059
0.00468546059
0.00468546059
0.00468546059
0.00468546059
0.00468546059
2.1000495
1.5163579
0.671275377
0.338029593
0.100204282
0.00468546059
16.3927631
12.7756653
9.37060261
0.00468581449
0.00468546059
0.0147494264
0.00788258575
0.00468546059
0.00468546059
0.00468546059
0.00468546059
0.00468546059
0.353546232
0.766466379
0.220002428
0.141852245
0.49766019
0.147822633
0.366981745
0.77958554
1.17642021
1.35613728
3.35167313
3.45982671
13.7267427
12.1910601
5.56803465
0.0
0.0
41.6253166
47.5727539
27.205513
28.0342579
13.0188026
9.93254185
19.6131992
48.5109825
35.2355042
24.9575958
12.7005768
9.43163395
0.094445616
0.0
0.0
0.0
38.1356964
125.843559
136.233337
55.4437027
33924.0625
139.616211
137.458481
113.137993
101.061363
99.921257
99.9212189
99.9217529
100.040947
100.175186
100.77375
104.852608
108.837067
117.019737
152.348404
138.054321
110.368874
99.9197998
99.9197006
99.9197464
99.919632
99.9195175
99.9198914
99.9366913
99.9983139
107.12915
105.898499
101.577576
100.317345
169.71376
206.158264
192.571762
164.595413
146.715393
132.162445
117.037376
105.344757
101.078171
100.263954
99.9865417
100.617287
100.978973
100.191742
99.9198761
99.9197998
99.920105
112.75061
155.719513
187.043945
160.927536
243.635727
233.274841
192.285583
172.684158
146.813065
115.945694
110.370316
108.279297
103.038895
100.35144
100.114304
100.051147
121.946182
120.276733
105.582321
101.312523
101.907211
100.441666
99.9546356
99.9361267
100.03231
40.0326691
42.814827
42.2103806
50.7307625
51.5996475
47.1592293
62.4814415
131.881668
251.365219
237.315369
122.72876
53.3830261
151.392624
180.624985
115.432198
60.7138519
57.3312492
53.3934441
44.2269249
40.0651436
40.0675087
40.0695343
40.0712891
43.2093658
173.731766
195.322006
103.765137
55.0530357
46.8715782
42.2358856
100.090782
100.093018
100.0951
100.096703
100.098022
100.723892
141.333862
96.7984619
50.7788849
63.4177475
68.9674988
61.5549431
50.0551491
41.8356705
135.86908
133.980438
68.1925735
42.6118317
41.2177773
40.206543
40.1194572
127.472931
209.884552
146.605225
121.56456
181.75766
205.555267
133.568817
106.560944
100.680023
100.201889
100.175209
100.158615
100.158417
100.154984
102.289856
114.266891
220.948822
260.843323
176.696701
113.951019
100.171478
100.149834
100.139236
100.123718
100.11808
204.163208
195.808029
131.551544
261.154297
291.262482
177.788208
109.991714
100.065369
100.078934
100.076256
112.815781
172.509094
157.283127
116.573601
100.068687
50.1198387
50.0882416
53.0182037
80.3010864
167.288727
171.645676
96.1149216
217.691238
183.460495
90.1363831
50.0216141
50.0583344
104.048859
138.561981
165.087189
122.096588
221.673615
335.515228
353.51062
315.830902
200.733109
90.4164963
54.0636559
50.0704956
50.077816
50.1210709
50.1644592
50.1363411
50.1050339
50.1403732
52.5614319
126.647659
144.658997
90.6025238
133.313538
162.757385
121.100769
102.108017
126.418266
61.9575768
57.6036682
101.282043
50.703125
51.0282249
50.2901039
50.2804947
50.2801247
50.2872505
50.2937088
50.299572
50.3051147
50.3096466
50.3139572
50.3187675
50.3239899
50.7539978
50.3409653
50.3386421
50.3439484
50.3481445
50.3524017
50.3198738
50.3473091
50.3338661
50.3417244
50.3675842
50.8838425
51.4614296
50.5187302
50.4461365
50.368679
54.3802261
51.9792938
54.3369484
51.7926178
50.7540016
52.045887
52.097702
50.7368431
50.4916267
50.3645668
50.3639565
50.3634071
50.3631592
50.3624229
50.3618317
50.361145
53.7675171
51.7563858
50.8873634
50.2871094
50.2488441
50.2485237
50.2484093
50.2477646
50.2477074
50.246891
50.2467918
50.2460518
51.918045
51.1474419
51.3652039
50.2907333
50.2605286
50.2435799
58.8924332
78.6789856
65.3649673
54.871273
50.2618637
105.475983
150.11615
103.787483
63.7276917
50.2375145
51.8775406
51.9243698
53.8581467
51.3646507
51.6347008
50.3634109
80.3411942
80.7318802
80.3337097
80.3327408
80.331543
80.3303146
80.3294601
80.3283844
80.3271713
80.3259583
80.3245697
80.3235474
80.3224716
80.3213577
80.3201599
80.319313
10.1698914
79.2620316
147.259827
77.3207703
117.27494
134.476334
343.623169
292.708984
255.842041
171.26239
108.231529
81.1778793
80.3062668
80.3051224
100.419731
100.736969
100.432869
100.301254
100.300507
100.543098
101.132401
100.603416
100.314621
100.295723
100.294556
100.293434
100.336533
101.787521
249.301666
406.956238
389.300171
445.227478
608.845276
449.29303
275.967224
174.246872
122.802681
116.678261
211.502075
263.909363
200.400101
128.276138
103.223518
101.898445
100.777115
60.3323212
60.3497887
126.150345
112.929703
76.1274567
60.3541222
163.097748
301.891479
218.532074
100.306564
60.4347305
60.3440857
60.3605309
60.3612175
60.3617287
60.3621101
101.161926
263.334778
456.400116
368.178253
194.60463
103.710709
103.487198
348.53186
404.705566
226.399857
149.241516
99.1581802
71.7552567
60.3740578
70.3739166
70.3738556
70.3737869
70.3737183
70.373642
70.373558
70.3734665
70.3733749
70.3732758
70.3731766
70.3730621
70.3731232
70.3885345
70.3726349
70.3724136
70.3723373
70.38797
77.057991
75.5362015
71.6892776
70.3702316
70.3697357
186.837006
209.899109
135.682785
82.0591354
74.2359085
94.8114929
112.957581
94.112236
76.5070496
51.419754
50.7249222
50.4674301
50.4016533
50.3624725
50.3617706
50.3610649
50.3606491
50.5046997
51.0930252
51.2718277
50.5755081
115.137794
96.8863907
64.0345078
50.920517
53.7534981
199.091293
198.777557
111.930443
109.124153
100.350494
100.350182
105.219231
54.5987473
51.4172211
50.3476067
51.5909538
52.0957985
52.7578583
69.8669815
52.5637474
94.4395905
90.0880661
356.507477
275.729919
288.596832
277.250031
216.61377
154.742401
89.3738251
58.2821808
372.06073
611.532593
371.175781
114.810844
40.4560509
40.4560509
40.4560509
40.4560509
40.4560509
40.4560509
40.4560509
48.4704666
133.198135
328.18335
312.71698
372.346344
375.045349
244.001205
133.726898
504.003021
562.345398
326.526642
147.745712
179.511658
403.724426
367.99884
190.444092
160.286392
148.082397
112.210335
100.456047
100.456047
100.456047
100.456047
100.456047
100.456047
100.456047
100.456047
100.456047
100.456047
100.456047
125.652168
149.684006
129.091385
105.631279
100.456047
100.456047
100.456047
103.610054
108.46666
102.808678
101.209709
103.183884
102.38842
101.038322
100.499969
100.41642
100.406662
119.456223
110.147804
103.325737
101.001877
100.41198
377.005615
367.057465
180.652634
112.867729
106.065475
102.157486
100.315979
100.310501
100.299713
105.999268
103.212524
101.326302
100.238503
100.199646
100.183479
100.173218
115.830254
57.0074806
52.3188286
50.2564583
50.2500954
50.2118835
50.1741142
50.1659431
50.1598167
50.1543007
51.59655
138.635132
122.388168
71.6998215
50.1821404
50.1685638
50.1647491
50.1271057
50.1249046
50.1241035
50.1237335
50.1238861
50.1245155
50.1256027
50.1269531
50.1286697
50.1309319
50.1335678
50.1366234
50.1404381
95.4129868
131.499252
110.713364
100.488441
100.21563
100.220795
100.252953
135.398651
123.23967
107.365417
100.26915
100.25666
100.261208
100.266365
100.271133
100.27607
100.280525
100.285202
50.2895241
50.2944527
50.3073769
50.307869
50.3083649
50.3123398
50.3163452
50.321579
51.5296402
50.5111809
50.4302788
50.3382874
50.3433304
50.348465
50.3464165
50.354805
50.3640747
50.3751793
50.3597984
50.3869781
50.389328
50.3891678
50.3885994
50.3884277
50.3879128
50.3873482
50.3870392
50.3865318
50.3860626
50.3854179
50.3849487
50.3843422
50.3837357
50.3832321
50.3823853
50.3819427
50.5044594
77.9736786
68.9402237
56.2272644
50.3788567
50.3780098
50.2602844
50.2592773
50.2589073
50.2581253
50.257618
50.257061
50.2563972
50.2559586
50.2551956
50.2545815
50.2538376
50.2518425
50.2482033
50.2470741
50.2461624
50.2453651
50.2446442
50.2438011
50.243
50.2420807
50.2414551
50.2416496
50.6914902
50.2475471
50.2647095
50.2380257
50.2382851
53.9625778
53.6514282
51.449604
50.5054054
50.3480492
80.3468781
80.3454895
80.3441849
81.2246552
80.3582077
80.3406067
80.3390884
80.3376846
80.3361206
80.3348465
80.3333054
95.1693726
89.9703979
160.272583
142.65361
99.6796494
80.3251877
80.3237839
80.3223648
83.8224106
86.4296417
83.4648438
81.1816635
80.315918
96.6867142
14.6193466
84.7889709
84.6597824
82.6610489
81.1457825
106.340691
106.026649
56.1863365
54.7334137
53.0956879
59.0806198
66.6139832
129.52977
117.987953
149.280212
487.916077
674.212646
402.889557
174.466354
105.92141
106.881119
104.035103
103.167938
101.123703
100.332825
100.334541
100.335777
100.336365
100.336639
100.336754
100.373161
100.541245
110.794868
61.7571526
54.4305115
50.497036
60.2661438
60.2484856
61.0149841
62.2490005
63.3846436
86.4692841
94.324234
80.8205795
66.4934998
61.3269615
71.0058441
67.0121918
62.3169594
132.664337
157.658066
188.154694
217.236359
216.988312
287.900238
239.147339
151.892044
88.146347
69.0998459
161.47702
381.410736
296.274872
125.710091
66.8608398
63.7034645
61.6555557
10.15942
73.5070572
101.990097
91.2247009
75.4158478
70.2977142
72.9111938
73.1914978
71.3337936
71.2274017
71.1157303
70.5267334
70.3749619
70.3218918
70.3027115
70.2971954
94.4542847
104.907532
96.4181976
80.5589523
72.136116
70.3955307
85.8774643
89.6327744
80.2450409
72.4111023
79.7527237
235.518188
282.588501
183.730652
97.5675201
52.6251678
50.4761696
50.2863312
52.0315933
52.5569839
50.8656311
50.2844048
50.2837868
50.2829132
50.2818375
57.5216255
56.2434883
51.7833023
50.2786026
50.2955017
53.1190987
53.189106
61.0562668
101.95079
141.961273
122.985031
137.476852
155.317825
107.364281
78.6262054
97.0972977
153.895844
143.291016
88.7897034
136.741028
116.127663
59.3078918
40.7735977
41.2224236
41.0274773
40.6442604
40.3724098
40.3726501
40.3726845
40.3728256
40.3727379
85.5598907
217.902542
547.840576
420.220459
230.583633
265.162628
190.05098
79.1443558
40.4212952
40.4268875
40.429409
40.4311028
40.4324455
299.856903
257.972504
118.607826
56.5910301
47.5100937
69.3853073
69.130661
114.375519
104.697205
103.528694
102.822395
155.165436
124.806
119.200859
112.212753
88.2689819
77.030632
133.430511
210.036209
211.419159
145.393661
112.757706
100.455345
100.455658
100.455971
88.9988785
95.7237015
77.6367493
57.8911362
135.380829
219.32077
156.64212
196.055588
227.307098
166.878342
179.123047
155.833282
117.004158
101.219215
100.766212
100.454666
100.445831
115.228241
106.837906
102.284042
164.567963
194.598633
289.0448
231.728851
137.016266
101.148735
100.472313
100.348312
100.347557
100.342865
100.324341
100.312859
100.30761
100.800583
100.322823
100.303062
145.627213
176.264908
140.011673
109.051224
106.664772
103.127083
101.20253
50.2166824
50.2036324
50.1951485
50.1871338
50.1796188
50.1726799
50.1992226
140.78418
349.355286
305.996002
132.301987
58.1293297
85.0509491
798.42749
947.312744
452.725464
115.305168
50.2158737
50.7124367
50.2174606
50.1748466
50.128437
50.126236
50.127739
50.1297569
50.1323204
50.1353455
50.1388512
50.1428299
50.1474037
109.054169
285.09259
580.231567
547.837463
281.111847
129.521072
100.27462
100.255592
101.261284
100.380997
100.333817
100.291321
100.298401
100.307236
100.316483
100.324852
100.333374
100.342239
100.350861
100.358711
100.366287
100.372826
100.386238
100.392609
100.390923
100.396667
100.401649
100.408218
50.4120636
50.4143028
50.4221344
50.3810692
50.3899651
50.4184761
50.4239922
50.4124756
63.0134315
55.0299759
51.9880524
54.7780113
51.7020988
57.2556648
62.5621567
68.0305099
68.4128418
70.7727737
58.3291092
52.51511
50.4260674
50.4257088
54.5786324
51.6822701
50.9595757
50.4238205
50.4237289
50.746685
50.4225121
58.2802124
53.1209183
59.024292
111.925011
108.976875
111.683746
127.762886
116.855232
105.253654
119.471474
125.385994
137.275223
68.7671738
55.7688904
50.3095627
53.1441536
53.154705
51.0596771
50.4780083
50.3063507
51.4609604
50.3926697
50.3284874
50.3264313
58.4423103
53.5088043
51.5142708
51.6752853
96.5141296
118.856461
199.280182
265.611877
243.86084
133.257812
98.7450256
80.6816635
80.4009781
80.4003906
80.3999023
80.3991013
80.3985367
81.2306366
80.397438
80.3966827
80.3959579
80.3951797
80.3942184
80.3934402
80.3925552
80.3916245
80.390625
80.3896255
80.3886337
80.3874588
80.3865662
80.3855515
160.90094
226.556595
202.710632
143.567307
329.960114
329.940247
260.013824
168.879105
135.819977
105.207382
100.670876
100.922928
100.542076
100.383781
100.383453
101.762299
102.507698
101.103607
100.41465
100.381409
100.38063
100.379967
100.379227
100.378571
100.3778
100.376801
100.37571
100.374886
100.374054
100.372932
103.850311
159.29097
165.035431
156.205368
130.208496
108.400612
147.423096
306.687317
385.200928
226.597839
103.510277
64.2352982
60.7705536
60.2971268
60.5945854
60.776432
60.4665375
67.0196686
110.23632
131.174377
109.90139
76.091011
62.8604012
60.2766914
60.2760315
60.2751045
60.2738876
60.2731552
61.0198631
60.573597
60.3636284
60.2847366
60.3492508
60.2926903
60.2815018
60.2638016
60.2624321
60.3374863
60.6944923
13754.6904
131.33255
119.965111
105.350838
100.275826
154.456757
142.187592
112.965836
100.250504
105.316399
104.242699
102.062851
112.947495
109.639267
103.05481
269.031097
238.358231
506.127228
533.001465
578.812256
378.532867
193.029953
251.026215
223.566025
139.299835
104.459358
102.753792
100.84491
105.734863
104.879959
121.905563
355.583923
574.314636
516.889099
530.227173
498.995789
385.467224
229.025375
100.384575
148.83876
141.565186
112.692345
108.535248
125.278374
117.497345
116.325615
110.696426
103.045708
100.364876
100.364746
100.38208
100.364052
100.363838
129.290588
205.548706
175.943466
120.30909
121.471191
236.183685
546.121094
487.365967
243.417603
116.885513
100.456047
154.852661
195.978836
156.309128
174.756271
201.99025
217.222122
176.546417
125.992401
103.592072
116.690338
121.445435
110.323753
102.209709
100.456047
100.456047
100.456047
100.456047
100.456047
100.456047
100.456047
40.4560509
40.4560509
40.4560509
40.4560509
40.4560509
100.456047
47.2728691
46.5197449
103.362167
100.915245
100.539391
100.456047
100.497818
100.469315
100.456047
100.456047
100.456047
102.330345
104.502808
102.871994
100.669533
100.456047
100.884277
100.592087
100.456047
100.456047
102.668869
104.459541
102.508499
150.396088
146.981323
120.232857
203.394684
286.718109
436.418091
415.127014
234.880127
120.65654
100.456047
100.447769
100.441025
100.442451
100.451538
100.415047
100.425919
100.41497
100.404243
100.411896
180.710175
354.393158
465.368378
367.110657
192.765976
114.155228
100.356995
100.462166
100.342613
100.311691
100.308159
142.584244
237.985458
354.353943
342.621674
219.538086
126.29319
102.35804
100.212555
100.173622
100.190231
55.0775986
52.7923622
144.118561
560.084656
466.260376
174.889374
52.3881607
53.1170464
50.2472916
50.2133331
50.1771393
50.1400909
50.1362648
50.1330452
50.1304626
51.0910416
50.1809425
50.1351051
50.1242599
50.1238937
50.1240311
50.1246758
50.125927
50.1657562
50.2055054
81.9727783
106.347122
78.6878204
58.3934021
100.20713
100.220909
182.356323
201.875961
143.676239
107.787918
100.261192
125.101852
112.528313
104.128525
100.264755
100.272476
100.28022
100.288292
100.313187
100.310684
100.311256
100.317741
100.324738
100.330444
111.697548
104.212814
101.627296
100.35186
100.356026
100.362701
100.370834
100.37014
100.367294
100.374413
100.389427
100.379723
100.468895
50.3821754
50.3921127
50.4002151
50.4046555
50.4078484
50.4075623
55.1711159
51.6894226
50.9061165
50.4060936
50.4054909
50.4050598
50.404705
50.4042206
50.4038124
50.4032211
50.4028931
50.4024239
50.4017372
50.4014091
50.4010162
50.4004707
50.3998909
50.3992767
50.3989143
50.3981819
50.3977051
50.3970299
100.284935
107.114677
105.216339
101.93454
100.589638
100.304031
100.279274
100.278778
193.44371
173.873093
123.451378
100.279175
100.278748
100.278374
50.2779121
50.2775116
50.2776985
50.2992592
50.2769432
89.9940033
77.7626266
59.2136307
50.2750587
50.2746048
50.2745171
60.930687
55.3938141
52.0615921
52.3264465
50.7567863
50.4898758
80.3733521
80.372673
80.3715286
81.9896317
80.5989227
80.4549637
80.446373
90.2452393
119.607338
197.450562
356.471313
415.083557
327.284637
185.640839
110.257187
85.5935822
81.9757767
80.3612137
80.3605042
80.3599319
101.999207
94.776535
85.3484955
80.3565063
80.3555298
81.8233032
80.3868256
80.3527374
80.3516617
80.3507996
100.349808
100.348572
100.347557
145.170349
139.210373
112.390686
100.368553
100.342575
100.341812
100.34095
100.339821
100.338562
100.337479
103.791855
149.995346
165.076996
133.66507
167.985092
246.824799
250.031158
232.352386
223.801224
185.745193
133.435394
105.731865
100.327751
144.132629
624.235107
907.309082
724.55127
370.881897
125.794411
66.1028214
60.7644539
60.3786049
60.3664589
60.3672791
60.3683014
60.3691902
60.3860703
60.3865433
115.993805
102.739639
73.2712173
60.3705711
60.4424477
60.3790131
78.3481369
70.3697968
63.4476128
60.3694038
60.3687172
60.3682404
102.896271
89.731842
69.3408737
62.9235039
252.349014
221.472748
111.9533
62.2136421
145.349869
284.963776
287.990082
296.874329
194.133591
102.060013
70.3675919
70.3686066
70.384613
70.3690491
70.3689651
70.3689346
70.368782
70.3685226
70.3685913
71.6680145
71.6863251
70.7627945
99.9343414
93.1923676
76.9882202
70.3663101
70.3817215
70.3650055
70.3642807
70.3632507
70.362793
70.3783493
70.3607407
70.3599701
70.3591919
51.70858
52.2167358
50.8325539
50.3552475
50.3545303
66.4152069
62.1699371
54.1820831
54.8525658
53.8063622
51.1797867
66.2747421
152.90593
175.50621
110.752686
62.2574272
50.3436661
50.3428955
52.4816513
86.5181351
85.7983246
65.0511475
59.4699745
55.9827309
51.7772217
50.3357582
93.9925537
83.979332
173.996628
136.284546
76.7114029
41.0628853
40.4268494
40.4260864
40.4254417
40.4249153
40.4242477
40.4235306
40.4228249
40.4221611
82.1675873
70.7160263
50.1510353
41.17976
51.9469147
198.253799
196.108887
103.266769
49.5236664
40.7237091
40.4161949
40.479599
40.7090073
40.5731735
40.984108
40.9951477
40.6698189
40.4133072
40.4127769
40.4120712
40.4114723
40.4111786
40.4103546
40.4099121
41.4282455
42.8163605
41.9910889
40.5500793
40.4069633
56.9473267
77.8218002
70.3611145
51.2882042
41.5527039
40.4039154
40.4035072
40.403038
40.4025078
40.4018288
40.4013977
40.4009895
40.4005394
44.9920959
46.5222893
43.3241997
40.6387138
40.3983154
40.5979767
42.6963882
42.568676
40.6019287
40.3884697
11959.6064
100.394035
127.982224
177.513702
149.186203
112.86087
100.339012
100.33493
100.334183
100.320641
103.119507
101.283897
100.629944
100.282204
100.273582
100.264389
101.284218
100.453926
100.344643
100.24617
100.241615
100.22847
100.188393
100.175819
111.096001
104.756439
101.438049
100.105591
100.12236
100.111908
50.1327896
50.1813393
50.1744652
51.102623
57.4892426
59.2354736
74.1837921
81.4179611
119.743286
90.7184372
61.1594238
50.0436096
50.0375595
50.0314026
50.0251083
50.0190735
50.0140114
50.0508614
50.0488434
50.0045128
50.0362282
50.0334167
49.9918442
49.987751
50.0237808
50.0598183
50.0233459
49.9863663
49.9864883
54.9204025
51.3449135
50.4520683
63.7390671
124.804077
152.517761
100.335251
61.0118828
50.1471367
50.1203499
50.1173439
50.1187172
50.0950661
50.0944901
50.0986938
50.1231422
50.1289635
50.1171379
50.1225471
50.1301155
50.1382408
50.147007
50.1562843
50.1662903
50.1860886
50.2002449
50.1978798
50.1982346
51.2957382
50.3776245
50.3033943
50.2256889
50.2312698
50.2235451
50.2468033
50.2521629
50.2422104
50.2729111
50.2760773
50.2787857
50.2785339
50.2782249
50.2780724
50.2772827
50.2767563
50.2766266
50.2756615
50.2752609
50.2749443
50.2742119
50.2738533
50.2729492
50.2725067
50.2718735
50.271347
50.2709236
50.2701988
50.2696304
50.268795
50.2682228
50.2676239
50.1536255
50.153141
50.152729
50.1523819
50.1519241
50.1513023
50.1505241
50.1495323
50.1478653
50.145771
50.1452141
50.1444893
50.1441612
50.1433983
50.1426315
50.1422119
50.1415634
50.1409645
50.1401787
50.1393204
50.1389999
50.139164
70.5446472
65.0861511
55.0602913
50.4661179
50.1380806
50.1594467
50.1953583
50.1355171
50.1344528
30.1670284
83.95755
84.7682419
80.2373428
80.2361298
80.2346268
80.3392105
80.2319183
80.2305603
80.2290039
80.2274399
12.7361374
10.1273832
70.3203201
80.2215042
10.1250381
70.3131714
80.2166672
80.2151031
80.5719604
10.1243515
70.3013687
74.9833069
10.7325621
85.0105362
93.9201736
85.5585403
80.7724457
165.405518
158.690155
124.491844
100.195992
100.19474
101.888184
52.2826195
50.785656
50.1900749
50.1889076
50.2124443
50.1940918
50.1847458
50.183773
53.1325912
119.880714
176.219543
157.469727
97.0026016
58.8877602
50.1759605
50.1748886
56.9280663
113.064743
127.051361
85.5934525
55.5701599
50.1734581
55.4783859
56.3135872
51.9647369
50.1637573
50.1625633
60.0744057
71.7788391
88.8959274
164.933868
224.519043
169.565979
141.585083
230.036194
310.807068
219.65274
101.751282
62.330925
60.0748062
71.8212738
98.2502289
95.698822
102.689949
83.9929123
66.7397766
162.315506
196.675323
125.821938
71.8668671
60.147953
102.407051
150.714233
207.222855
310.196594
295.933533
162.897675
9773.16797
128.659592
120.723206
111.351097
128.126099
122.075706
106.340218
100.232338
100.153542
103.629295
108.521843
113.980011
193.151093
190.875168
288.920471
256.197784
204.856766
238.273514
310.836945
228.483444
131.223343
100.179085
100.201706
100.191101
162.715332
175.504471
259.129944
312.441345
281.37326
183.554153
118.843491
217.140625
249.630798
173.636856
114.809418
101.728203
101.763641
100.960083
100.732704
100.379128
100.275757
130.745117
211.003662
210.913879
354.599243
277.407501
150.312317
103.236755
104.301048
167.919983
189.091125
149.51091
122.465744
109.615273
140.150787
135.711411
113.880646
103.984467
103.137398
101.775398
121.81012
116.400169
173.923004
182.710541
91.0088043
116.720818
103.514885
100.492599
208.296173
141.775421
102.836899
123.031654
106.78788
103.646828
105.299866
103.048492
41.143013
41.3194313
41.5381203
124.742149
58.9332619
46.649704
104.351555
97.1210327
84.2827072
53.2535934
100.426796
105.814865
108.009354
161.345139
62.2577591
110.811119
107.46492
109.786682
105.583527
150.798859
187.509598
163.815918
144.210327
158.323059
304.632263
324.922852
249.410919
202.543533
149.541824
110.790573
100.488564
100.861923
103.363785
103.273331
100.698799
100.723877
100.524673
100.432175
100.432411
101.317276
130.710953
126.082092
117.513252
155.38678
140.22113
151.394928
