0.0
0.0
0.0
0.0
0.0
0.0
0.0
0.0
0.0
0.0
0.0
0.0
0.0
0.0
0.0
0.0
0.0
0.0
0.0
0.0
0.0
0.0
0.0
0.0
0.0
0.0
0.0
0.0
0.0
0.0
0.0
0.0
0.0
0.0
0.0
0.0
0.0
0.0
0.0
0.0
0.0
0.0
0.0
0.0
0.0
0.0
0.0
0.0
0.0
0.0
0.0
0.0
0.0
0.0
0.0
0.0
0.0
0.0
0.0
0.0
0.0
0.0
0.0
0.0
0.0
0.0
0.0
0.0
0.0
0.0
0.0
0.0
0.0
0.0
0.0
0.0
0.0
0.0
0.0
0.0
0.0
0.0
0.0
0.0
0.0
0.0
0.0
0.0
0.0
0.0
0.0
0.0
0.0
0.0816723108
142.095383
279.409943
326.040771
198.89389
61.1412811
10.0037994
31444.0
100.017883
100.017876
100.017868
100.017853
100.017845
100.017838
100.01783
100.018036
108.708221
133.241364
123.18306
107.285156
100.021019
100.021194
100.021469
100.021553
100.022179
100.022743
104.818008
103.514359
101.567696
100.725586
100.237968
100.023979
150.298706
150.455902
115.616936
100.027344
100.029305
100.054245
100.035645
100.027771
100.027901
100.027916
100.027901
100.028114
100.782753
101.709709
100.502365
100.330421
101.1213
100.345726
100.779266
101.743256
102.410759
103.076302
107.027481
108.149696
138.127197
141.253174
112.394402
100.18351
60.1763077
232.233322
280.286438
157.748215
127.606934
102.547157
72.9018097
112.90506
222.036072
202.029922
131.834778
83.52108
66.2512894
60.4676819
60.0703621
60.0684242
60.0669212
178.005966
544.847168
547.933533
244.65741
83.0322571
151.034241
150.053833
90.9919739
62.3428574
60.0776329
60.0751953
60.0727577
60.2272148
70.4524078
71.4264679
78.3678589
86.8110504
105.846138
205.411316
187.611816
102.801933
70.0769653
70.0755692
70.0739746
70.0725632
70.0709763
70.0696716
70.0679245
70.1646652
82.5226212
82.122467
73.453125
70.7698975
284.052368
415.136658
345.855621
237.912949
177.795502
139.680374
105.93129
81.1453857
72.1332855
70.6625977
70.2062836
51.141304
51.9084587
50.567028
50.0866776
50.0850868
30.3973904
30.9810581
170.184906
275.611267
213.303162
427.052551
427.83075
263.338989
189.044067
138.627426
79.1704483
114.932487
112.522881
104.823441
50.6989632
50.3622398
60.1986542
82.8872986
83.7586975
59.698101
101.985352
52.9418182
50.8519974
50.1094437
50.1082191
50.1073151
40.1043892
43.5812607
43.1835594
55.9550285
59.2162895
52.2439957
79.9756622
260.130829
590.983521
545.22467
237.798096
67.2158203
271.614288
330.332214
181.34584
72.2974548
62.6903
58.1179352
45.8668633
40.1041374
40.101387
40.097599
40.0943108
43.5872154
334.695801
377.757172
170.287827
61.2644539
48.6497955
42.8404083
100.094788
100.091988
100.089485
100.086456
100.083687
100.76947
166.582275
165.251617
117.759331
135.43924
145.10556
132.696045
115.361168
102.768051
304.633698
306.992157
161.229416
103.140785
101.443497
100.197578
100.086273
273.774109
443.339508
318.820984
241.906143
322.882172
290.226379
169.852615
109.030746
100.660011
100.156364
100.111389
100.109543
100.107796
100.106209
102.339638
117.07943
342.570648
401.241882
236.564911
122.077766
100.150543
100.133942
100.112442
100.11116
100.109749
288.899597
277.681183
156.498703
408.618011
454.20224
235.540176
113.917671
100.127037
100.126228
100.125031
113.065765
204.723495
186.483673
125.526962
100.129272
50.1269608
50.1229591
52.7688942
86.4476471
253.120209
260.62912
129.749496
353.263428
323.820923
133.121429
50.1161232
50.1128044
119.373611
174.916168
222.633591
162.759064
340.762787
610.582275
630.529053
529.348083
944.402588
774.42865
518.648254
272.023926
100.128723
100.125168
100.121674
100.118393
100.11515
100.11232
101.376175
194.331619
231.063354
163.514847
212.856415
198.363647
133.321045
102.536461
127.219864
115.809723
107.627838
101.38533
100.674362
100.517387
100.109673
100.104767
100.098488
100.096985
100.095718
100.094101
100.092506
100.090996
100.089371
100.087822
100.089035
100.309189
100.087616
100.082893
100.082054
100.081169
100.080132
100.079002
100.07827
100.077621
100.077484
100.075821
100.357834
100.701431
100.254257
100.163567
50.0732651
52.9986191
51.6942863
53.5337105
51.7187386
50.6725273
51.3383179
51.6381912
50.7555771
50.3066101
50.068531
50.0684052
50.070446
50.0699234
50.0685539
50.068058
50.0660133
52.8971863
51.8945007
51.0564728
100.13884
100.063385
100.063362
100.063362
100.063187
100.063164
100.063049
100.062965
100.062805
101.46933
100.996841
101.132408
100.156342
50.096756
50.0625916
59.2741089
97.4373932
82.2225723
60.9126167
50.0694008
190.620743
342.655609
248.479248
100.082863
50.0848618
101.608643
51.8957291
54.3952713
52.4551353
51.8636093
50.1353111
80.084465
80.3482819
80.0733032
80.0668259
80.0650253
80.064064
80.063179
80.0622406
80.061348
80.0608368
80.060318
80.0611954
80.0640411
80.0622406
80.0586395
80.0621109
80.0614624
91.8237457
275.097137
335.237335
210.191132
221.154465
862.014343
830.326355
545.993652
313.979218
152.254288
81.5052872
80.0830765
80.0794296
100.23288
100.68631
100.250999
100.069534
100.067093
100.395859
101.251228
100.48568
100.086205
100.059746
100.059273
100.060211
100.118599
101.814201
494.370636
956.712769
983.546692
984.585754
1127.13928
779.089966
375.897339
560.554565
841.941345
350.587036
271.426849
349.395142
269.896454
263.615875
231.834015
170.43222
100.532059
100.094772
100.090622
189.527405
178.26886
123.677742
100.084618
265.368225
531.870117
415.771515
252.695999
281.390839
255.191666
109.395569
100.076477
100.073898
100.071854
147.088638
455.527405
840.249512
684.295898
829.555176
708.779968
703.866394
709.036499
667.165894
662.783142
690.74469
665.20697
360.282776
119.771599
100.091469
100.089462
100.087631
100.0858
100.083984
100.081947
100.080208
100.078583
100.077133
100.076202
100.075012
100.073853
100.072456
100.072136
100.071075
100.070541
100.069641
105.094391
104.621231
101.225136
100.067749
100.067314
269.363098
338.33197
221.352509
121.240669
104.242714
126.696533
153.971985
137.041809
109.602493
101.472992
100.528038
100.212776
100.109886
100.081383
100.080101
100.079163
100.078033
100.203079
100.825012
101.153183
100.344986
186.598038
189.30014
126.52887
100.890205
103.863937
363.630157
422.638336
235.581573
116.407845
100.094826
100.093605
104.887337
105.522491
101.499908
100.089233
101.458832
102.301392
102.81913
120.408508
58.4239769
112.560623
124.131363
644.008179
632.960999
503.340698
455.493042
322.939148
254.760117
168.612518
120.674744
609.500244
1036.95142
915.833618
1065.12427
1074.93872
611.598633
176.070099
100.105438
100.101906
100.098701
100.09568
105.270973
198.177277
495.966675
497.429474
546.428955
788.777649
770.26532
689.925598
1050.78638
900.360596
722.547302
696.746582
704.065552
622.168091
402.707825
376.493774
382.582214
360.283966
143.412247
100.140373
100.137955
100.135109
100.132706
100.130302
100.127586
100.125114
100.122612
100.120682
100.118652
100.116364
116.354973
136.610245
123.481644
104.469467
100.110672
100.108994
100.107735
102.098557
105.424927
101.718369
100.627029
101.927818
101.45192
100.526123
100.149437
100.092949
100.091408
113.993042
107.370911
102.374008
100.527496
100.11058
488.747437
480.617401
215.283371
109.363792
104.367943
101.496826
100.094894
100.094025
100.093109
103.913216
102.087715
100.821671
100.089294
100.085365
100.08416
100.083107
111.319031
54.9367523
51.5947647
50.0803375
50.0780563
50.0758171
50.0732422
50.0718613
50.0708618
50.0696335
51.007103
156.156128
133.830978
75.3083344
50.0752525
50.0737534
50.0729332
50.071003
50.0698891
50.0686302
50.0678444
50.0669098
50.0659866
50.0649681
50.0641861
50.0636673
50.0631027
50.0625114
50.0618935
50.0612564
102.331505
137.761078
112.934227
100.467087
100.066292
100.065613
100.065384
148.821991
135.47644
110.98893
100.070122
100.068314
100.067314
50.0662041
50.065403
50.0645256
50.0637665
50.0631523
50.0627785
50.0620995
50.0615463
50.0612869
50.0606461
50.0602455
50.0598488
50.0595627
50.8875351
50.2832985
50.1822357
50.0583076
50.0580406
50.0578384
50.0561714
50.0559959
50.0559654
50.0558205
50.0566521
50.0566406
50.0552979
50.0552101
50.0549965
50.0550499
50.0547028
50.0545006
50.054306
50.0539436
50.0536346
50.0533714
50.0532112
50.0529594
50.0528679
50.0526047
50.0525017
50.0523643
50.1391029
92.1094437
81.0937576
60.1299324
50.0579948
50.058094
50.0537109
50.0535316
50.0532227
50.0530434
50.0527611
50.0526047
50.0524368
50.0523834
50.0523529
50.0522499
50.0519829
50.051609
50.0509758
50.0508499
50.0508118
50.0507812
50.0507469
50.0505638
50.0505371
50.0507545
50.0504303
50.0506554
50.4696312
50.0670166
50.0534592
50.0531273
50.0506516
54.8276749
55.1720047
52.2182236
50.5574684
50.051445
80.0510178
80.0506134
80.0506592
81.1068649
80.0921173
10.0185051
70.0800781
80.0543289
80.0542374
80.0512466
80.051178
105.835274
97.8354874
376.325562
269.169495
165.671387
80.0669708
80.0625839
80.0586472
86.3466339
92.9373169
87.7403641
82.2169418
80.0615005
121.921631
119.342735
95.3469543
89.8165207
86.3361053
81.9116669
64.4797058
65.3791199
64.9450912
62.4633064
57.6302109
72.8028717
96.6504059
352.594208
339.281616
400.970673
1395.54285
1778.92151
994.148743
269.324036
106.045036
107.339211
104.155952
103.288147
100.97509
100.079185
100.077095
100.075058
100.072838
100.069794
100.067146
100.104942
100.281693
111.723732
113.67923
105.058197
100.378372
60.0631561
60.0592155
61.0179138
62.6824112
64.3943024
104.49794
119.956894
97.4070892
71.5422516
61.9614143
77.4965973
71.5189285
63.5989532
236.96756
292.676666
362.646362
431.002686
407.781799
550.083313
451.45401
228.637756
101.463249
72.3499146
235.399994
679.249451
567.230957
200.362793
67.1300583
271.735443
190.052292
100.232719
113.82637
138.610458
128.863937
107.253319
100.086403
103.079697
103.522163
101.359451
101.159866
101.052467
100.365028
100.149277
100.105354
100.08123
100.073914
129.78157
150.238052
141.082489
117.445251
103.174553
100.188629
120.462311
130.09758
116.562691
103.608963
112.655144
456.920837
606.971497
370.421082
156.707947
103.732559
100.38884
100.091827
102.086716
102.982208
100.84465
100.086632
100.085213
100.084023
100.082573
107.682541
108.039925
102.139069
100.079117
100.077538
103.381996
104.166756
113.247841
183.374573
271.279297
247.316315
255.149872
292.501129
216.789627
145.09996
165.888138
268.719238
266.972565
170.23848
229.34433
222.936966
76.5522614
40.6335564
41.093853
40.9185333
40.4585381
40.1123276
40.1087227
40.1046753
40.1011887
40.0979271
98.4919968
377.489471
1061.34265
885.545227
718.06189
1019.3847
744.360657
706.187805
435.961853
298.195099
100.110031
100.106926
100.104111
506.072388
516.268433
283.486664
420.486664
386.942902
148.983093
130.850662
115.593582
104.046921
103.163445
102.117134
157.598602
155.837112
165.417465
149.52742
112.910187
100.097321
161.847961
304.958618
326.350311
205.410675
117.362648
100.108559
100.106873
100.104424
107.985703
133.929337
126.794128
105.957214
186.916779
306.968903
248.656921
240.259064
254.970642
182.291397
182.094543
164.871979
118.94928
100.828293
100.436485
100.122635
100.120903
111.354599
105.795631
101.913063
166.335709
202.390472
344.897675
292.439636
155.949158
100.906738
100.243668
100.127617
100.126198
100.125084
100.12368
100.122276
100.121025
100.403114
100.11805
100.116844
139.656235
175.478195
143.759445
110.496574
104.846443
102.572968
100.991081
50.11549
50.1116371
50.1078339
50.1040039
50.1005173
50.0972786
50.0947342
159.865768
514.116821
483.002502
189.927872
109.865311
132.248077
1223.45557
1529.00854
1030.90393
1295.68457
1245.01208
779.331421
130.674896
100.099762
100.096901
100.094513
100.092453
100.090378
100.088585
100.087135
100.085594
100.083954
100.082634
105.154007
342.582306
804.146729
783.019653
368.701965
588.762939
485.459259
324.687714
100.556389
100.134071
100.113861
100.08815
100.086578
100.085167
100.083908
100.082466
100.08075
100.079437
100.078026
100.076714
100.075607
100.0746
100.077606
100.076828
100.072517
100.073021
100.072632
100.074234
100.072868
100.072273
100.071335
100.067543
100.069244
100.067574
100.065285
100.067528
108.878494
104.049683
101.428757
103.414139
101.529831
106.142876
113.016846
122.368431
125.333092
130.897888
63.6966743
53.5511932
50.0716324
50.0706406
53.9516258
52.0119743
50.8548279
50.0689125
50.06847
50.2778015
50.0698929
59.0441742
54.5185738
61.617691
117.359161
113.37455
117.157822
147.630646
130.675491
109.47628
129.263779
143.337463
166.714005
138.653778
111.608597
100.082008
102.677437
103.382675
101.362411
100.36322
100.075188
101.002113
100.172546
100.102806
100.070099
59.6775589
55.9918289
52.2871895
51.2611847
139.145248
195.163635
411.862
605.560913
524.244202
300.523499
119.367035
80.441925
80.0956268
80.0919189
80.0883636
80.0855026
80.08284
80.5415268
80.0783768
80.0763321
80.0748291
80.0729599
80.0676346
80.0658569
80.066452
80.0655746
80.0619736
80.0610962
80.0605011
80.0600281
80.0594406
80.0630264
257.671783
452.215424
394.067688
222.101105
664.89502
721.042725
452.292786
259.81366
163.846832
107.519745
100.427704
100.728195
100.268555
100.084732
100.082085
101.566689
102.639709
100.891113
100.104851
100.071487
100.068527
100.067299
100.066467
100.064438
100.062798
100.061615
100.059509
100.059433
100.058128
100.057648
103.561661
212.409515
240.06601
211.424622
162.593567
116.490761
194.773651
617.857056
820.480164
458.030243
151.372482
65.8693008
60.7178192
60.0828056
60.4364815
60.6475449
60.2702827
68.0931015
140.098007
179.845032
145.202423
87.5872192
64.2930679
60.0746613
60.0727654
60.0701752
60.0683556
60.0670586
60.9667969
60.4289856
60.1735229
60.0618782
60.1477013
60.076992
60.0628242
60.0595589
60.0585709
60.1370888
60.5603218
116.248405
151.805252
139.985397
110.495804
100.110443
214.704575
216.910904
134.692596
100.072197
107.951996
107.652878
103.332443
121.031639
119.956459
105.812439
543.249878
568.473938
1063.47974
1185.55884
1076.27087
673.969482
544.431885
1364.57678
855.401489
440.657288
268.672241
222.893356
100.645729
105.291992
104.925323
121.108536
513.662415
928.24115
828.133545
1332.42676
1315.39868
1153.16028
751.948181
452.30481
183.448456
142.838547
112.770317
106.529907
121.387085
117.044182
113.900391
110.087601
102.715759
100.113441
100.111588
100.110001
100.108406
100.107231
124.608574
220.472321
205.006485
128.707565
118.717644
271.94812
759.299438
719.515503
317.740051
352.377289
339.547729
327.983887
195.761261
162.498169
173.904999
205.839615
227.042633
233.237885
205.571167
172.020111
117.341293
118.228889
109.188675
101.794754
100.112747
100.109535
100.10524
100.102173
100.099266
100.096756
100.093987
100.091148
100.088791
100.086906
100.084862
100.083359
100.081741
44.9241295
44.957901
102.505074
100.458183
100.145233
100.073914
100.107262
100.083298
100.069824
100.068481
100.067276
101.656303
103.88372
102.554985
100.289734
100.061684
100.451302
100.187309
100.061562
100.062065
102.185265
104.351135
102.466599
159.72551
161.539108
123.989861
276.344299
431.730255
712.221252
660.529297
325.297607
128.931213
100.098289
100.096848
100.095284
100.093727
100.092155
100.090454
100.08876
100.086792
100.085289
100.083969
197.796326
483.206238
670.483398
493.778137
224.169571
115.353119
100.107513
100.17878
100.105583
100.103905
100.102768
136.543533
255.425537
417.904053
398.544617
235.982651
126.701927
101.933441
100.124634
100.122002
100.121758
103.236908
101.803795
194.192444
781.939941
719.723083
285.085327
309.751007
580.43573
230.875168
100.114685
100.099739
100.096962
100.09404
100.091736
100.089233
100.571404
100.085892
100.083847
100.082306
100.081078
100.079597
100.078026
100.076599
100.076691
99.7358322
74.1118774
105.634872
80.0067291
58.6599922
100.077393
100.076935
209.100388
234.688858
160.71373
110.512283
100.083679
125.37455
114.553413
104.609123
100.080803
100.07972
100.078629
100.077202
100.075615
100.074905
100.073517
100.072243
100.071274
100.070091
110.267761
104.830254
101.630196
100.067612
100.067253
100.071068
100.070633
100.065453
100.066551
100.069336
100.067444
100.067932
100.118523
50.0611992
50.060955
50.0606346
50.0604553
50.0603142
50.0600929
53.9643478
51.8237801
50.7567978
50.0592384
50.0590782
50.0589256
50.0589409
50.0586472
50.0584908
50.0583305
50.0581665
50.0579262
50.0578308
50.0578079
50.0572319
50.0569801
50.0567398
50.0565224
50.0563164
50.0561066
50.0558929
50.0556755
100.054146
56.9050064
56.2041016
52.5663643
50.5378265
50.0569267
50.0561905
50.0534782
316.228333
294.202942
127.316818
50.0677681
50.0660324
50.0642319
50.0623512
50.0608521
50.0595016
50.0590515
50.0590897
137.130508
125.859459
74.6357346
50.067791
50.0653076
50.0635834
67.0510483
61.7526207
54.23666
52.3117142
51.2209053
50.5789566
80.0611801
80.0625
80.0615005
81.6421127
80.4795151
80.2174225
80.121254
95.9155197
175.449646
443.209778
945.148376
1084.88525
730.764832
318.430603
133.035736
87.5410995
101.979187
100.083923
100.08036
100.076813
126.25177
120.74633
107.248741
100.068848
100.065659
101.279015
100.110191
100.058884
100.058052
100.057465
100.055916
100.05574
100.055313
181.172913
183.126526
125.322739
100.105331
100.064445
100.061905
100.061653
100.05925
100.057953
100.057037
104.910538
210.795685
260.153381
183.708954
264.764832
492.084686
491.549286
402.081299
359.66684
270.457214
161.393539
109.077576
100.098495
172.527832
1251.49561
1810.27173
1270.24426
542.088684
1153.29517
1363.05298
522.924927
122.669952
100.097786
100.092567
100.087944
100.083839
100.080719
100.077713
167.450867
155.765747
116.938522
100.072891
100.134758
100.079102
119.744751
112.938988
104.01091
100.066254
100.064873
100.063759
158.237625
146.500656
74.1077652
63.5216293
488.637329
451.141357
182.602325
102.828423
212.014008
490.866119
520.442444
489.237305
511.484314
349.213654
370.357635
255.080841
100.092628
100.090599
100.088669
100.086472
100.084373
100.082619
100.080956
101.27668
101.379242
100.492882
130.282471
129.03511
108.326149
100.076294
100.07444
100.074814
100.073433
100.072517
100.071754
100.070976
100.0709
100.069611
100.069298
101.581062
102.309685
100.651489
100.067528
100.066917
117.044876
117.311317
105.66201
106.031166
105.785828
101.461563
120.452232
299.234436
380.500671
249.012192
128.133484
100.086533
100.085678
102.696678
148.865463
161.225906
127.358978
112.407661
109.074059
102.413155
100.087837
162.581299
166.632294
331.910858
319.905884
168.147369
41.1184273
40.0992966
40.0951271
40.0913849
40.0879478
40.084549
40.0809937
40.0781937
40.0751991
97.3460464
97.7369919
59.0888481
41.2932625
54.0955009
380.758484
432.502319
196.903351
58.0309639
40.5685234
40.0807877
40.1530304
40.4623985
40.2835846
40.729023
40.8235092
46.7055321
100.06736
40.0662041
40.064827
40.0637932
100.062744
100.061806
100.060616
101.210495
103.135277
102.274612
100.262352
100.055328
121.012062
162.142136
157.222672
122.228096
102.496368
100.064865
100.06292
100.061066
100.059662
100.058563
100.057533
100.057312
100.057037
105.949348
109.946709
105.419899
100.52552
100.05722
100.326897
103.460518
103.691353
100.420883
100.05687
100.057671
100.056961
146.942001
279.893188
239.685745
138.672409
100.074379
100.073372
100.072426
100.068825
103.164612
101.705246
100.693893
100.064034
100.06282
100.061569
101.014862
100.396439
100.237915
100.06459
100.064232
100.063103
100.056824
10.0263863
105.39109
108.345779
102.628304
100.056801
100.057945
100.057625
50.0605736
50.0611801
50.0615387
50.9648094
60.6271095
65.2733231
98.7715607
118.438187
228.596344
176.927795
86.6834259
50.0755005
50.0742416
50.0729942
50.0716629
50.0703812
50.068409
50.0695686
50.0688515
50.0647812
50.0652122
50.0649681
50.0617065
50.0610847
50.0604019
50.0610542
50.0604744
50.0589371
50.0584335
55.976017
52.1606407
50.7467461
72.7496185
278.84256
385.698242
234.270294
88.7535019
50.0782394
50.0762329
50.0750771
50.0738258
50.0720367
50.0705414
50.0689964
50.0684662
50.0678558
50.0652809
50.0643272
50.0633316
50.0624542
50.0616302
50.0610237
50.0604744
50.06493
50.0654411
50.0641251
50.0583954
50.9540405
50.3039665
50.1978607
50.0595894
50.0569305
50.0600739
50.0597801
50.0550461
50.0586586
50.0584717
50.0546875
50.0545006
50.0544739
50.0542793
50.0544777
50.0541382
50.0539551
50.0538216
50.053791
50.0535698
50.0535126
50.0534668
50.0532608
10.0221548
40.084198
50.052948
50.0528984
50.0528259
50.0527344
50.0526772
50.0524635
50.0524025
50.0523415
50.0518761
50.0518341
50.0517921
50.0517426
50.0516663
50.0515671
50.0514412
50.0512505
50.0509415
50.0505409
50.0504837
50.0504379
50.050396
50.050354
50.0503044
50.0502663
50.0502319
50.0500374
50.0499802
50.0501862
50.0498314
50.0500107
79.8290405
73.695755
58.4282265
50.7150383
50.0562439
50.0528908
50.1006508
50.0554581
50.0521965
128.757568
119.062096
93.4565277
80.0599899
10.0245209
70.0863113
80.1895523
10.0264111
70.0817642
80.0502396
80.0497284
80.0495682
10.0184307
70.0803299
10.0182171
70.0801163
80.048912
80.0491638
80.0495071
80.4935989
80.065979
80.0516815
80.0490646
10.8454065
102.118774
111.572746
93.2397232
81.7577209
449.080048
431.517792
160.464645
100.065781
100.063446
103.559517
104.683884
101.358246
100.056808
100.057213
100.109062
100.070518
50.0536118
50.0539436
56.1526871
332.233032
549.005676
429.634094
245.264359
123.93763
100.080231
100.077789
113.2164
290.986664
328.332428
197.659866
112.709808
100.089828
109.897568
111.365685
103.368683
100.072655
100.07
60.0660248
85.0558319
133.651733
409.936859
593.233276
390.027527
263.34729
495.982727
696.151245
450.526978
155.02533
63.3920822
60.0897293
75.1847305
119.628479
116.178909
128.322372
99.5797424
71.1295776
276.65094
345.171387
192.035461
81.399971
60.1717873
126.323593
218.684357
345.570709
574.702026
538.993896
258.171143
131.636887
127.282806
127.208939
113.85675
135.193024
131.068893
108.777847
100.225761
100.124115
104.019234
110.030655
117.485703
263.82605
277.752258
464.733582
433.495483
280.778503
319.23822
462.226044
342.909637
159.446198
100.123039
100.120384
100.117485
182.496857
209.539688
359.549469
470.502136
398.072845
232.19545
268.831635
483.087128
379.007751
292.434113
266.429413
253.18367
118.563904
100.83065
100.616241
100.24559
100.131088
130.670242
255.121323
275.956207
515.356384
458.575256
255.555405
325.607635
370.453674
188.996704
215.226105
167.942657
126.214882
111.06842
140.727737
144.967911
117.991104
104.094002
103.286186
101.617958
120.120255
119.993668
185.955139
214.36203
170.537643
123.3069
104.467834
100.22348
246.870972
267.281738
188.929916
131.166092
108.809807
103.097054
104.891464
103.083122
100.978271
100.928627
101.250168
123.988724
123.549713
108.305969
103.891724
170.93895
109.256798
61.203598
100.112381
104.924973
190.533447
137.08757
75.5629959
110.855934
108.477272
110.068085
106.670387
164.777618
228.250702
198.353699
159.379242
176.195831
447.804657
509.477203
339.370087
233.156662
166.672348
114.319328
100.201042
100.435181
102.322487
102.61628
100.3787
100.333817
100.190598
100.122856
100.120712
100.733696
128.292679
128.532776
117.26767
163.234283
154.537567
159.234161
