0.0
0.0
0.0
0.0
0.0
0.0
0.0
0.0
0.0
0.0
0.0
0.0
0.0
0.0
0.0
0.0
0.0
0.0
0.0
0.0
0.0
0.0
0.0
0.0
0.0
0.0
0.0
0.0
0.0
0.0
0.0
0.0
0.0
0.0
0.0
0.0
0.0
0.0
0.0
0.0
0.0
0.0
0.0
0.0
0.000253713224
0.00490855752
0.00655964436
0.00655964436
0.00655964436
0.00655964436
0.00655964436
0.00655964436
0.00655964436
0.00655964436
0.00655964436
0.00655964436
0.00655964436
0.00655964436
0.00655964436
0.00655964436
0.0
0.0
0.0
0.0
0.0
0.0
0.0
0.0
0.0
0.0
0.0
0.0
0.0
0.0
0.0
0.0
0.0
0.0
0.0
0.0
0.0
0.0
0.0
0.0
0.0
0.0
0.0
0.0
0.0
0.0
0.0
0.00655964436
0.00655964436
0.34657526
52.3068275
86.8473358
106.793304
70.6606369
24.408638
10.0032835
4.0909729
0.00655955635
0.00655964436
0.00655964436
0.00655964436
0.00655964436
0.00655964436
0.00655964436
0.00655964436
5.24478197
16.3920994
11.1902304
3.40869594
0.00655964483
0.00655964436
0.00655964436
0.00655964436
0.00655964436
0.00655964436
2.45718122
1.7613008
0.778624892
0.369674206
0.112835847
0.00655964436
18.1719189
13.0481567
10.0032835
1.17737997
0.00655964436
0.0176892057
0.010095289
0.00655964436
0.00655964436
0.00655964436
0.00655964436
0.00655964436
0.372554451
0.810982347
0.235473827
0.150133878
0.52365768
0.157407552
0.380249113
0.814159691
1.21086574
1.41007662
3.43699956
3.58645487
14.2787161
12.2889748
6.40728474
0.0
0.0
45.6773911
54.3912582
30.7357235
31.3241673
13.5869951
9.93297386
26.9396057
57.6546059
47.7067871
31.2513771
13.4303732
10.166007
1.89730358
0.0
0.0
0.0
48.1817436
168.176788
179.987946
35330.4414
204.6633
152.837402
150.05513
117.624359
101.468666
99.9320221
99.9326019
99.9338226
100.075478
100.24025
100.959816
105.845657
110.698761
120.480698
163.409409
147.779755
113.040504
99.9349594
99.9350128
99.9352112
99.935257
99.9352951
99.9358292
99.9529266
100.021912
108.154716
107.130577
101.94548
100.381874
181.719757
230.211365
216.605804
182.888763
160.188934
141.601624
122.225021
107.068214
101.420547
100.389618
100.035797
100.767845
101.266289
100.28965
99.9487762
99.9488831
99.9491882
114.145096
163.590256
203.458435
175.427856
273.664612
271.367188
217.125076
192.224274
160.455032
120.894463
112.233749
110.24218
103.854546
100.504463
100.220764
100.139702
123.674911
123.621613
106.676483
101.510925
102.253662
100.595695
100.031601
100.012688
100.108467
40.1077652
42.9429359
42.4491196
51.0559578
52.4308281
47.7019882
63.3404694
138.345001
278.597382
272.534729
140.888153
56.7845116
165.297943
204.985748
129.44838
64.5931778
58.8688354
54.9015732
44.8571014
40.1750488
40.1768951
40.1779022
40.1784058
43.3318253
182.750092
209.922638
111.060623
56.713871
47.4863625
42.523098
100.199905
100.201508
100.202423
100.203056
100.203094
100.818626
143.208557
140.893692
111.537201
124.68222
130.704102
122.997444
110.882568
102.090668
203.527588
201.922455
130.74202
102.859711
101.384705
100.309441
100.216202
194.834579
262.668823
158.786972
136.431824
246.548538
226.481888
148.943848
107.437859
100.820381
100.324707
100.296806
100.279312
100.277657
100.272926
102.872559
116.042084
236.525177
274.103088
181.333603
115.162025
100.289391
100.267242
100.255585
100.23951
100.233223
220.538452
199.865479
133.173904
292.951599
312.532013
184.075668
110.930099
100.180939
100.192436
100.187447
115.702499
187.357361
162.647949
117.505707
100.167358
50.215538
50.1808357
53.8497696
85.8858185
188.547806
186.761719
99.952774
255.388672
199.41951
94.0600891
50.0988922
50.1349182
114.666199
152.410233
184.079559
131.146698
257.914551
390.564209
408.611694
364.250793
228.098236
98.6397552
55.1070023
50.1248474
50.127224
50.1664886
50.2064285
50.1750336
50.1413307
50.1741104
102.69326
180.917267
204.062119
146.590408
189.388107
170.590225
124.292435
102.414131
127.528999
113.337456
108.288109
101.376869
100.742455
101.016548
100.258286
100.242126
100.235229
100.236023
100.235588
100.235268
100.233788
100.231895
50.2305641
50.2291374
50.2285423
50.6373711
50.2346306
50.2271843
50.2273788
50.2262955
50.2242241
50.182415
50.2078018
50.1932755
50.2003937
50.2252274
50.7007027
51.2335701
50.3844223
50.3060036
50.2223282
53.9468155
51.811058
53.9494858
51.6300392
50.6303749
51.7340012
51.815609
50.6149712
50.3486519
50.2099113
50.2081261
50.2067795
50.2050056
50.2037582
50.2018089
50.1998634
53.2151413
51.5473175
50.7253456
50.1236496
50.0812912
50.0793877
50.0777626
50.0759811
50.0739174
50.0719681
50.0700226
50.0682793
51.5256577
50.8918419
51.0595856
50.109478
50.0766296
50.0571098
57.9359055
77.0889664
66.0305252
54.9864693
50.0680275
104.455223
156.374664
112.017578
65.9370117
50.0376511
51.6416092
51.7320518
53.7211952
51.399971
51.4922943
50.1633835
80.1358185
80.4878235
80.1256409
80.1241455
80.122818
80.1214294
80.120163
80.1190491
80.1179428
80.1168442
80.115654
80.1145096
80.1134186
80.1125412
80.1115417
80.1102982
80.1092606
88.0347214
145.313751
163.269409
122.815796
138.296539
387.899109
358.276459
304.919342
205.231995
119.048744
81.3280029
80.130394
80.1328812
100.275085
100.673744
100.296745
100.134148
100.133545
100.415337
101.127174
100.497612
100.151756
100.128433
50.1266594
50.1246414
50.1756783
51.6659622
208.315811
410.47406
473.112213
549.865967
735.612061
530.242004
300.83667
177.955933
123.469147
116.678108
212.469269
265.371643
201.476593
128.673477
103.185059
101.834183
100.726967
60.2840042
60.2987404
123.75457
111.175117
75.6543961
60.2911263
161.615616
306.06134
222.859528
101.883453
60.3817596
60.284481
60.3001671
60.2994308
60.2982063
60.2962227
99.8838501
265.256592
477.974365
389.975128
204.058868
105.046799
102.792175
351.628784
409.718445
231.32634
150.394791
99.6712646
72.0597992
60.3671532
70.3673325
70.3673019
70.3671188
70.3667679
70.3661499
70.365303
70.3643112
70.3628082
70.3608932
70.3588181
70.356102
70.3534546
70.3658752
70.347084
70.3435822
70.3400955
70.3520355
76.0764465
74.8118134
71.4782181
70.3207626
70.3164749
174.087875
196.898193
130.835388
81.3858948
73.7647095
92.8496399
110.207176
93.1776657
76.2075806
101.310928
100.631172
100.378677
100.313995
50.2729797
50.2698784
50.2664719
50.2629509
50.3857613
50.9026527
51.1279182
50.4627686
109.49749
95.4506607
63.6698608
50.7967949
103.36113
193.050629
201.921066
115.63932
109.828369
100.222885
100.221375
104.960129
104.745468
51.3849182
50.2135239
51.3837242
52.0462341
52.5487289
69.0964737
52.9617538
92.8191528
91.6956177
368.780792
309.395538
312.769531
307.603455
238.845734
164.72345
93.2440567
58.8548584
381.71344
646.015625
393.800354
120.773979
40.4339218
40.4388428
40.4415131
40.4429283
40.4438019
40.4441299
40.4439468
48.2310715
129.384689
322.719025
310.751373
381.876221
391.247009
255.844009
140.693954
537.264526
604.202698
348.635773
152.983978
183.143585
423.858246
392.95575
199.057892
162.616074
151.611526
113.04097
100.456047
100.456047
100.456047
100.456047
100.456047
100.456047
100.456047
100.456047
100.456047
100.456047
100.456047
124.063911
147.322617
128.189117
105.466682
100.456047
100.456047
100.456047
103.358978
107.880249
102.665298
101.161072
102.886078
102.198853
100.995804
100.494598
100.416412
100.406662
117.469009
109.255508
103.05999
100.910881
100.409492
356.774872
350.778625
175.824844
112.291878
105.885544
102.106689
100.315979
100.310501
100.299713
105.613304
103.082153
101.283836
100.238503
100.199646
100.183479
100.173218
114.634323
56.5996017
52.2017441
50.2564468
50.2500954
50.2118835
50.1741104
50.1658249
50.1596565
50.1538048
51.4191208
125.518768
110.858856
68.3093109
50.1758919
50.160202
50.1535378
50.1124496
50.1065369
50.1013947
50.0963783
50.0917206
50.0875015
50.0833626
50.0793495
50.0759544
50.0728836
50.0698738
50.0675659
50.0654984
87.6416626
125.582535
108.678192
100.334915
100.106087
100.102417
100.125977
129.774261
119.046143
105.997055
100.113853
100.089325
100.085655
100.082703
100.07988
100.077888
100.076385
100.075592
100.075584
100.075928
100.08403
100.079613
100.074303
100.073219
100.073738
50.0754814
51.0894127
50.2402344
50.1665115
50.0841026
50.08741
50.091671
50.0948296
50.1026917
50.111496
50.1221199
50.1062813
50.1346779
50.1363068
50.1361237
50.1352844
50.1347656
50.1337814
50.1329422
50.1324234
50.1317139
50.1307945
50.1302338
50.129509
50.1286926
50.1279297
50.1271629
50.1264877
50.1253548
50.2162399
74.8958282
68.0413284
55.7314301
50.1216469
50.1206512
50.0027542
100.002014
100.001579
100.001137
50.0005608
50.00037
50.0000725
49.999527
49.9992485
49.9990196
49.9984283
49.9965172
49.993206
49.9924088
49.9917183
49.9910698
49.9905891
49.9902115
49.9896431
49.9890823
49.9888268
49.9895744
50.3450928
49.995636
50.0132904
49.9870987
49.9874382
53.1840858
53.0887527
51.2149963
50.2600403
50.0985756
80.0973129
80.0959473
80.0945053
80.7890091
80.1086273
80.0907669
80.0893555
80.0881042
80.0867386
80.0852966
80.0840454
93.6006393
89.9110031
160.565292
148.862808
101.512604
80.0772858
80.0760422
80.0749512
83.6281967
86.6110764
83.7285995
81.0774765
80.0712433
97.3657455
95.4987259
86.0036697
84.64534
10.5419521
73.2835464
56.5052414
56.4669228
56.4603767
55.0228157
53.1815987
59.4701881
67.8977356
139.4758
130.304703
170.046524
636.484497
912.628906
546.909973
204.867081
106.014679
107.182945
104.068176
103.137085
101.04879
100.24157
100.23983
100.236992
100.233429
100.229095
100.224449
100.25531
100.414536
110.132149
111.44693
104.228767
100.354095
60.1238861
60.1026154
60.852253
62.060997
63.1743164
85.1634064
93.5524445
80.6303864
66.3890839
61.1692085
70.6256409
66.8790054
62.1504478
132.453964
160.599197
196.612442
233.86792
237.887375
323.499084
271.722809
166.17923
92.4224319
70.0690689
162.736649
403.581787
330.437714
135.316925
66.8758926
63.6521988
61.5672264
70.3177338
82.6589813
101.240913
91.341217
75.3572311
70.1794586
72.7359238
73.0480347
71.2121201
71.0773697
70.9756622
70.3922424
70.2349396
70.179512
70.1571884
70.1485291
92.9545517
103.73288
95.7903976
80.3653259
71.9694901
70.2285767
85.1004562
89.2736206
80.0880432
72.2457657
79.3012924
236.386017
270.945374
124.914909
100.786751
52.7721252
50.3276558
50.1107063
51.9407082
52.5640335
50.7419243
50.106987
50.1050262
50.1027145
50.1004677
57.3321419
56.3085251
51.6796532
50.0916328
50.1068764
52.9203186
53.0767136
60.7811852
102.02742
144.886108
127.456543
143.3284
165.146927
114.577347
81.5039978
101.266724
164.441971
155.109772
94.3147964
144.741058
124.314934
61.8173599
40.6589661
41.099968
40.9207344
40.5110779
40.2095108
40.208725
40.207943
40.2066536
40.2055206
84.2067108
221.379074
598.955872
480.029358
254.211914
277.589722
200.128159
82.2861176
40.3370056
40.34655
40.3522644
40.3555145
40.3577957
289.096832
251.462936
116.753975
55.7293129
46.9087296
68.1535416
66.7976532
113.17749
104.547256
103.172287
102.709908
151.471329
140.217468
155.537567
135.54071
109.291405
100.396156
153.576904
243.522537
251.610809
169.626343
112.336372
100.401978
100.403648
100.404778
110.449661
134.954636
123.254074
105.201332
172.124176
252.285126
193.621857
205.518356
226.84256
166.740662
180.015961
155.901627
116.544067
101.158279
100.713219
100.424164
100.416481
114.802399
106.422066
102.069183
162.654648
191.010132
286.978851
228.27681
135.079208
101.066551
100.439934
100.331566
100.332191
100.328529
100.310745
100.299667
100.294731
100.77285
100.310448
100.290718
143.951492
172.698563
136.983688
108.146255
106.5028
102.896759
101.073349
50.204361
50.1906891
50.1813774
50.1723137
50.1634979
50.1550598
50.1798058
132.657578
330.747375
287.643555
126.107956
57.6679497
84.2292023
843.193787
977.241333
468.299561
118.612511
50.2158737
50.6957054
50.2174606
50.1748466
50.128437
50.126236
50.1277351
50.1297569
50.1323128
50.1352425
50.1384888
50.1419449
50.1458931
108.165085
267.636536
555.128906
533.360657
279.173279
129.919647
100.268456
100.248428
101.2192
100.366653
100.31797
100.27372
100.276314
100.279564
100.282684
100.284187
100.285561
100.286758
100.287704
100.287392
100.286743
100.284859
100.289368
100.286888
100.277458
100.275604
100.273125
100.273338
100.269814
50.267498
50.2717972
50.2252197
50.2305679
50.2577019
50.2621422
50.2492828
61.0858841
54.1156158
51.566803
54.0416565
51.3273354
56.1410522
60.6992569
65.4729767
65.9310303
68.1573792
57.2373734
52.1103935
50.2485161
50.2469864
53.9021873
51.3674736
50.7207069
50.2402153
50.2385712
50.5155525
50.2352905
57.0382881
52.6413002
57.7184105
110.413666
107.950714
110.315025
124.938118
115.227654
104.695908
117.623947
123.381073
135.061691
67.7788544
55.4043732
50.1017265
52.7440414
52.8292084
50.8673706
50.2678337
50.0903893
51.1556702
50.1736832
50.1069412
50.10326
57.7240372
53.3336029
51.3187599
51.3391075
94.6038589
117.582794
204.933502
285.738647
270.848389
147.656769
101.892128
80.4392242
80.1727142
80.1734772
80.1734238
80.1729965
80.1726227
80.9531403
80.1707993
80.1697235
80.1685104
80.1669083
80.1650543
80.16259
80.1597137
80.1568298
80.154274
80.1509628
80.1477203
80.1449509
80.142067
80.1395721
161.273346
236.951172
216.896606
152.185547
369.503052
387.570679
299.346558
188.760986
143.615891
105.951111
100.500832
100.771492
100.366005
100.200302
100.200157
101.634201
102.409142
100.914299
100.222412
100.192757
100.190605
100.188103
100.185738
100.183685
100.181305
100.178185
100.175285
100.172005
100.168396
100.164047
103.411919
156.370911
165.399338
156.314499
131.633072
108.514656
147.161713
320.3591
422.185547
255.815323
111.971054
64.8636856
60.6594887
60.1063347
60.4323196
60.6258621
60.2916107
67.0575562
111.545509
135.016006
113.404938
77.5350494
62.962368
60.0830994
60.0811005
60.0788765
60.0762672
60.0736008
60.8246002
60.378643
60.1621284
60.0769043
60.1388283
60.0819664
60.0694695
60.0502663
60.0474892
60.1194649
60.4622803
4357.729
130.251404
119.656845
105.07695
100.054558
153.823975
143.361084
113.036362
100.028229
105.182846
104.280144
101.922523
112.88208
110.026443
102.984573
279.862427
257.346588
582.793274
647.988037
697.55719
449.834717
212.863525
305.439209
229.750168
174.701584
163.43573
102.63636
100.755875
105.253967
104.600166
120.748627
353.374298
584.932861
531.994385
678.454773
601.682007
392.161255
230.518829
100.378647
145.128387
138.032028
111.394333
107.797852
123.123032
115.990051
114.760193
109.797188
102.782272
100.359261
100.358437
100.374901
100.355927
100.354759
125.738708
193.721313
166.839981
117.594421
119.259193
224.421494
528.677002
477.044861
241.3358
116.966705
100.448746
152.714111
193.850067
155.684982
172.138062
200.138382
215.384811
176.47171
126.021973
103.630646
116.139709
121.194885
110.302734
102.23085
100.452827
100.452682
100.452507
100.452362
100.452118
40.4517746
100.451363
40.4508972
40.450428
40.4498215
40.4492149
40.448452
100.447678
46.3292961
45.8892708
103.060333
100.84655
100.515678
100.442307
100.477119
100.451614
100.439011
100.437889
100.436676
101.998352
103.864281
102.520767
100.61853
100.430138
100.780899
100.538971
100.425964
100.424545
102.220634
103.765259
102.165764
140.153839
138.861877
116.663033
186.765686
263.656677
412.985229
406.863129
233.624466
120.636307
100.435074
100.43042
100.426369
100.429527
100.439705
100.404167
100.415733
100.405312
100.394814
100.402763
174.658691
343.828735
462.488068
370.826904
194.521881
114.276939
100.356995
100.462166
100.342613
100.311691
100.308159
143.369202
241.979874
366.516541
357.130737
226.944336
127.725746
102.425728
100.212547
100.173615
100.190231
55.2584381
52.8251877
146.927872
596.624573
491.932648
181.794556
52.4855309
53.3050041
50.2472878
50.2132072
66.9642792
50.1400909
50.1362572
50.1330376
50.130455
51.1101112
50.1809349
50.1349945
50.1240005
50.1232376
50.1226959
50.1224213
50.1221619
50.1601372
50.1971436
78.3264923
99.7171173
74.8328018
107.41423
50.1794357
100.188316
174.235977
191.756668
139.037842
106.98938
100.193886
123.40432
111.210213
103.64566
100.168686
100.168922
100.169754
100.170265
100.18708
100.17807
100.171249
100.170631
100.169952
100.169662
110.618217
103.510681
101.271973
100.165756
100.163795
100.164803
100.166893
100.160271
100.152161
100.154335
100.165031
100.150772
100.232567
50.1513863
50.1605301
50.1684151
50.1723824
50.1750374
50.1738052
54.4760666
51.3177376
50.6128426
50.1696663
50.1681366
50.1670074
50.1659355
50.1645012
50.1632996
50.16222
50.1607208
50.1594505
50.1582832
50.1569519
50.1554451
50.1540222
50.1525764
50.1510925
50.1493683
50.1476517
50.146347
50.144825
100.032082
106.061974
104.539825
101.610558
100.321487
100.048492
100.023338
100.022491
190.101746
173.461441
122.94236
100.021858
100.021263
100.020874
100.020279
100.019638
100.01947
50.0412331
50.018837
90.3504639
79.3943405
59.5379295
50.0170441
50.0166359
50.0165482
60.7838287
55.7231522
52.0191803
51.9465752
50.5706635
50.26408
80.1172638
80.1165771
80.1160202
81.5672607
80.348732
80.2033615
80.1793442
89.4051437
118.572357
202.267822
396.425598
494.191895
399.966675
219.630447
118.758438
86.6915436
82.0497131
80.1629105
80.1652603
80.165947
103.604927
96.1664581
85.7181778
80.1626511
80.1608505
81.5623093
80.1932678
80.1541977
80.1519394
80.1500397
100.147964
100.145653
100.142731
144.856003
141.572769
112.848518
100.158417
100.131798
100.128906
100.125839
100.123154
100.120323
100.117668
103.51165
149.845901
169.221161
136.921356
171.923462
264.992035
276.181396
257.043884
249.110657
205.185974
141.260208
106.766563
100.135223
147.65509
722.186829
1094.17517
841.25061
398.744049
127.806595
65.9656219
60.6870918
60.3046265
60.2909546
60.290123
60.2884293
60.2860756
60.2991371
60.2962189
113.153198
98.5194168
71.8520737
60.2649879
60.3281059
60.2642822
77.264267
69.4693909
63.0673904
60.235981
60.2302208
60.2245483
101.032745
87.053566
68.3729706
62.5663147
255.472687
217.167923
110.468163
62.1388741
149.940094
302.750702
307.692749
322.604858
208.285202
105.474815
70.2287903
70.2351837
70.2536697
70.2392273
70.2387466
70.2370758
70.2347336
70.2320404
70.2287369
71.3782349
71.4561005
70.6002884
98.0533447
91.9102402
76.4974899
70.2031937
70.2146835
70.1945419
70.190239
70.1856689
70.1816254
70.1936417
70.172966
70.1683578
70.1640091
101.370956
101.904114
100.599182
100.147987
100.144203
114.979927
111.289413
103.72258
104.303658
103.423264
50.9154587
64.9277573
148.744385
175.184906
112.544083
112.597832
100.104912
100.102081
102.25827
86.762207
87.4665756
65.8938828
109.532364
56.1939964
51.6486664
50.0837898
94.6949768
86.5154343
180.981796
196.8535
129.893448
40.9074402
40.1726837
40.1718979
40.1704292
40.1687698
40.1667938
40.1649017
40.1632843
40.1614494
81.8335266
73.4525833
50.9261017
40.9886627
51.5816574
204.865036
216.079803
114.086121
51.1685677
40.5276947
40.1573563
40.2264328
40.4954185
40.3408661
40.754467
40.8005371
40.4465904
40.1564407
40.1552658
40.1541138
40.1530418
40.1520271
40.1507759
40.1496849
41.1396484
42.5551834
41.7897072
40.2957764
40.1428719
55.895031
77.440361
71.6055069
52.0100784
41.424572
40.1362
40.1348648
40.1336784
40.1324844
40.1312141
40.1303215
40.1291847
40.1279564
44.5667686
46.510006
43.222496
40.3798981
40.1229019
40.3269463
42.4825821
42.3884888
40.3323555
40.1078415
5051.30371
100.113434
126.158173
177.969864
154.392181
114.232918
100.057182
100.053162
100.052574
100.039391
102.540161
101.164551
100.42556
100.001755
99.993309
99.9835129
100.799477
100.221886
100.091164
99.9643021
99.9590683
99.9452591
99.9050446
99.8923645
110.3508
105.098885
101.405579
99.821373
99.8378143
99.8274155
49.843071
49.8815613
49.8749695
50.5927849
56.71138
58.8229141
73.8322525
82.5395432
123.538147
97.1019363
62.9894638
49.7486725
49.7434616
49.7391739
49.7346573
49.7297058
49.7266464
49.765686
49.7657089
49.7228165
49.7570343
49.7558212
49.715538
49.7128563
49.7504616
49.7876549
49.7518349
49.7158623
49.7171555
54.16362
51.2082787
50.2384491
62.5583191
125.1185
162.489349
109.73378
63.1393356
49.8842773
49.8603935
49.8620186
49.8673668
49.8469543
49.8498802
49.8571358
49.8843613
49.8923836
49.8825111
49.8893204
49.8991127
49.9093933
49.9202805
49.9317322
49.9447517
49.9668236
49.9871407
49.9876823
49.9900436
50.8841743
50.1851349
50.1077881
50.0253792
50.032814
50.0318871
50.056385
50.0620613
50.0523224
50.0840759
50.087471
50.0902214
50.0909386
50.0907822
50.0906258
50.0904694
50.0901566
50.0900002
50.0898438
50.0895348
50.0893784
50.0890656
50.0887527
50.0885963
50.0882835
50.0879707
50.0876579
50.0873451
50.0870323
50.0867195
50.0864067
50.0860939
50.0857811
49.9721985
49.9724579
49.9725685
49.9728012
49.9727974
49.9728546
49.9727936
49.972332
49.9714928
49.9702148
49.9702492
49.9705009
49.9705963
49.9706879
49.9709435
49.9709206
49.9709816
49.9712067
49.9712448
49.971344
49.9717751
49.9727211
68.908783
65.0810852
55.035759
50.2947731
49.9756584
49.9979782
50.027626
49.975193
49.9752655
29.3177547
84.4322052
84.8601608
80.0806198
80.0799942
80.0793686
80.1669235
80.0781174
80.0773392
80.0767136
80.076088
80.0753021
80.0746765
80.0738983
80.0732727
80.0724869
80.0717087
80.0709839
80.0701523
80.3648758
80.0721741
10.0426836
70.0927734
80.592308
94.264122
93.9557114
85.5836029
80.6605225
172.338989
168.116745
77.4266129
50.0615425
50.0607605
52.0219841
52.513916
50.7609634
50.0584145
50.0577888
50.0862999
50.0656776
50.0556221
50.0548401
53.3516579
131.629883
203.99353
185.695923
110.807487
61.4897499
50.0538292
50.0537262
58.3604736
128.789795
147.793304
95.5257797
57.0502853
50.0606995
56.5168266
57.6301994
52.2803497
50.0536766
50.0534172
59.9659958
73.9006653
94.7028656
191.223114
270.770905
201.985535
167.790344
287.687195
396.320251
273.997406
115.851997
62.9583664
60.0512199
73.1027145
102.52034
100.219254
107.574379
87.1012115
67.6005325
173.588806
214.974518
135.556885
73.7279205
60.1459045
105.77417
159.754822
224.284348
344.291687
331.743652
180.447495
21.8956699
123.15139
122.271973
111.796707
127.796211
123.191795
106.658958
100.277924
100.19146
103.616585
108.493301
113.852364
191.300323
193.83934
295.199036
270.169708
212.40567
247.620026
327.907196
242.84407
134.878708
100.233559
100.256775
100.24498
162.763428
176.311035
264.53067
324.8078
295.160645
190.057251
120.25251
228.055634
259.187469
177.158539
115.539261
101.859505
101.828674
101.02774
100.776443
100.420288
100.315994
132.614517
217.369659
214.772781
381.978088
289.839966
153.549911
103.627174
104.612236
174.92421
196.454956
153.097961
124.385262
110.479012
143.827637
138.941864
115.029091
104.357574
103.430214
101.927643
123.24498
117.759789
178.677795
189.675613
155.77037
118.633934
103.871437
100.501518
212.668762
210.857452
108.169632
125.972992
107.588814
103.908432
105.705849
103.336105
41.2228661
41.3762817
101.623154
64.7818146
60.397377
47.1657143
104.434311
96.777832
87.265831
114.231834
40.4140968
105.762253
167.657288
105.053696
64.0933609
110.97773
107.991203
110.043701
105.874321
150.413879
190.469543
168.109894
146.716354
161.286667
318.374817
352.619202
270.717041
217.262085
158.382065
112.574196
100.494576
100.909752
103.714066
103.778625
100.748055
100.74749
100.528008
100.425781
100.425865
101.377319
131.667374
128.557327
118.690689
157.86763
144.235977
153.800064
