0.0
0.0
0.0
0.0
0.0
0.0
0.0
0.0
0.0
0.0
0.0
0.0
0.0
0.0
0.0
0.0
0.0
0.0
0.0
0.0
0.0
0.0
0.0
0.0
0.0
0.0
0.0
0.0
0.0
0.0
0.0
0.0
0.0
0.0
0.0
0.0
0.0
0.0
0.0
0.0
0.0
0.0
0.0
0.0
0.0
0.00162890437
0.00327999145
0.00327999145
0.00327999145
0.00327999145
0.00327999145
0.00327999145
0.00327999145
0.00327999145
0.00327999145
0.00327999145
0.00327999145
0.00327999145
0.00327999145
0.00327999145
0.0
0.0
0.0
0.0
0.0
0.0
0.0
0.0
0.0
0.0
0.0
0.0
0.0
0.0
0.0
0.0
0.0
0.0
0.0
0.0
0.0
0.0
0.0
0.0
0.0
0.0
0.0
0.0
0.0
0.0
0.0
0.00327999145
0.00327999145
0.343295664
52.3035431
86.8440552
106.790009
70.6573563
24.4053612
10.0017195
4.08597708
0.00327981496
0.00327999145
0.00327999145
0.00327999145
0.00327999145
0.00327999145
0.00327999145
0.00327999145
5.24150276
16.3888206
11.1869507
3.40541625
0.00327999215
0.00327999145
0.00327999145
0.00327999145
0.00327999145
0.00327999145
2.45390153
1.75802124
0.775345206
0.36639452
0.109556198
0.00327999145
18.168642
13.0465937
10.0017195
1.17066765
0.00327990297
0.0144095533
0.0068156356
0.00327999145
0.00327999145
0.00327999145
0.00327999145
0.00327999145
0.369274855
0.80770272
0.232194155
0.146854207
0.520377994
0.154127881
0.376969457
0.810880065
1.20758593
1.40679717
3.43371987
3.58317494
14.2754364
12.2874107
6.40228939
0.0
0.0
45.6741104
54.3879776
30.7324429
31.3226032
13.5854311
9.93140984
26.9311771
57.653038
47.7017899
31.2480946
13.4288101
10.164443
1.89059138
0.0
0.0
0.0
48.178463
168.173492
179.984528
34933.6367
204.656403
152.832321
150.049316
117.618134
101.461494
99.9241104
99.9247284
99.9253464
100.066719
100.231247
100.950615
105.836143
110.68924
120.471313
163.40004
147.770081
113.030533
99.9249344
99.9250031
99.9250565
99.924942
99.9249802
99.9253616
99.9423141
100.011124
108.144096
107.119804
101.9347
100.370926
181.710388
230.201385
216.595032
182.87706
160.176514
141.588562
122.210831
107.053337
101.405029
100.373413
100.018875
100.750809
101.248856
100.271873
99.930809
99.9305801
99.931015
114.126701
163.571716
203.439987
175.408966
273.645264
271.345795
217.101059
192.197052
160.423798
120.859131
112.195107
110.200699
103.810776
100.458839
100.174202
100.092148
123.627472
123.573387
106.627243
101.461235
102.203926
100.545395
99.9812088
99.9622421
100.057854
40.0575333
42.8934326
42.4004974
51.008522
52.3844261
47.6555977
63.2967453
138.312637
278.583832
272.517975
140.849411
56.7316856
165.249207
204.936981
129.387253
64.5227051
58.8091507
54.823494
44.7769241
40.0932541
40.0941658
40.0946922
40.0949249
43.2515182
182.812714
209.882889
110.980499
56.6345749
47.3962288
42.4310684
100.106262
100.107262
100.107796
100.108162
100.108246
100.723839
143.162735
140.803375
111.444237
124.615303
130.61911
122.913795
110.788803
101.995819
203.557053
201.83847
130.649338
102.761551
101.2855
100.209251
100.115356
194.85144
260.970581
158.694794
135.717224
246.53302
226.400391
148.822464
107.310936
100.68766
100.188477
100.158012
100.138641
100.135902
100.129982
102.73864
115.934479
236.646606
274.112335
181.202591
115.014252
100.135315
100.110916
100.097214
100.079201
100.071671
220.712006
199.746429
133.022263
293.300629
312.56665
183.960358
110.762794
99.9987335
100.007698
100.000961
115.562286
187.417862
162.590454
117.338211
99.9749146
50.0227127
49.9880486
53.6708679
85.8004456
188.740341
186.879669
99.8405457
255.747314
199.471283
93.9164047
49.9057159
49.9409294
114.640549
152.435028
184.163025
131.075897
258.180511
390.790527
408.839417
364.511963
228.250565
98.5545044
54.9114456
49.9135323
49.9160423
49.9554214
49.9956589
49.9649315
49.9316559
49.965107
102.489044
180.908081
204.139008
146.525314
189.388336
170.580948
124.162888
102.225426
127.385452
113.181946
108.121277
101.195541
100.56282
100.840683
100.084412
100.072029
100.069031
100.073822
100.077827
100.081581
100.084099
100.086357
50.0887833
50.0912933
50.0945244
50.5086403
50.1081924
50.1043358
50.1081238
50.110405
50.1118584
50.0728302
50.0998917
50.0861053
50.0938225
50.1191597
50.5964966
51.1318855
50.2801208
50.2022095
50.1189346
53.8551598
51.7123718
53.8590927
51.5323067
50.5303497
51.6397743
51.7216034
50.516613
50.2507782
50.1123123
50.1115341
50.1106339
50.1096802
50.1091461
50.1081696
50.1072006
53.1340256
51.4598083
50.6368713
50.0341187
49.992897
49.9920311
49.9911957
49.9903412
49.9894447
49.9885178
49.987484
49.9866982
51.451561
50.8148575
50.9850731
50.0319786
49.9999123
49.9817772
57.8869972
77.0852432
65.9779129
54.9220619
49.997818
104.529785
156.510956
112.013039
65.8875732
49.9721756
51.5837898
51.6747627
53.6714516
51.3383904
51.4359512
50.1029968
80.0761566
80.4311981
80.0674057
80.0667038
80.0658646
80.0651627
80.0645447
80.0640182
80.0634537
80.0628281
80.0622025
80.061676
80.0611115
80.060585
80.0600204
80.059494
80.0587692
88.0039673
145.375671
163.312134
122.805931
138.300018
388.230713
358.40799
305.136627
205.231354
119.00573
81.2696152
80.0697556
80.0711441
100.212479
100.610931
100.23407
100.071892
100.071365
100.353516
101.066147
100.436867
100.091141
50.0684357
50.0675354
50.0666161
50.1184502
51.6121063
208.458588
410.699219
473.32135
550.14386
735.901489
530.194885
300.771851
177.81813
123.325508
116.535469
212.406647
265.421814
201.479614
128.560318
103.021645
101.668427
100.55706
60.1122665
60.1275482
123.626297
111.0653
75.5049362
60.1239014
161.527054
306.124207
222.894577
101.768303
60.2113647
60.1132812
60.1288147
60.1285706
60.1276703
60.1268272
99.7542267
265.285217
478.204712
390.02124
203.957748
104.877373
102.630318
351.725586
410.072845
231.422867
150.334061
99.5575256
71.8812485
60.1565781
70.1566315
70.1567307
70.1565857
70.1563568
70.1559982
70.1556015
70.1550674
70.1541519
70.1531372
70.1519699
70.1507416
70.1494064
70.1631012
70.1457443
70.1440125
70.1420975
70.155899
75.8975677
74.6267242
71.2887421
70.131691
70.1294785
174.154739
196.960907
130.751358
81.222084
73.5920105
92.7262802
110.122864
93.0366364
76.041687
101.139259
100.459808
100.208138
100.144569
50.104763
50.1031532
50.1013069
50.099575
50.2241631
50.7435379
50.9700737
50.3050003
109.498825
95.3560486
63.5337715
100.645737
103.217064
193.257507
201.994675
115.560699
109.690491
100.076096
100.07531
104.822289
104.6036
51.2415543
50.0705872
51.2420578
51.9061127
52.4103966
68.9968262
52.8288193
92.7806549
91.6056671
369.168274
309.41864
313.091156
307.771606
238.876648
164.67688
93.0977859
58.7114449
382.380798
646.718628
394.454346
120.834373
40.2310638
40.2336922
40.2350502
40.2358055
40.2363281
40.2364616
40.2364616
48.0470352
129.465912
323.476746
311.56601
382.760559
392.225769
256.471863
140.904037
538.525513
606.273865
349.605652
153.012466
183.111694
424.483582
393.774536
199.213867
162.528793
151.550751
112.874771
100.242081
100.242081
100.242081
100.242081
100.242081
100.242081
100.242081
100.242081
100.242081
100.242081
100.242081
123.903381
147.235596
128.068146
105.273376
100.242081
100.242081
100.242081
103.151184
107.684753
102.459969
100.950531
102.678452
101.99131
100.784767
100.281021
100.202454
100.192696
117.317596
109.082222
102.859787
100.698479
100.195625
357.552795
351.703278
175.97554
112.122421
105.696037
101.901436
100.10202
100.096535
100.085739
105.419197
102.881561
101.07518
100.024536
99.9856796
99.9695053
99.9592514
114.485634
56.418808
51.9986801
50.0424767
50.036129
49.9979134
49.9601479
49.951973
49.9458427
49.9402161
51.2113113
125.655441
110.983902
68.2035141
49.9654083
49.9508972
49.945652
49.9061012
49.9019852
49.8990822
49.8961296
49.8937607
49.8918991
49.8903809
49.8889046
49.887661
49.8871536
49.886982
49.8871422
49.887989
87.6127014
125.529938
108.550522
100.170967
99.9455109
99.9459534
99.9736557
129.741501
118.988136
105.884834
99.9781189
99.9578934
99.9585114
99.9599228
99.9616089
99.9636536
99.9665985
99.9700012
99.9742279
99.9786072
99.9904633
99.9892578
99.9877167
99.9897842
99.9929504
49.9970551
51.0202789
50.1663742
50.0945511
50.0138283
50.0188522
50.024292
50.0284843
50.037159
50.0462799
50.0570221
50.041851
50.0707245
50.0725861
50.0727577
50.0723686
50.0719757
50.0714722
50.0711594
50.0708427
50.0704994
50.0702209
50.0699081
50.069561
50.0692902
50.0688171
50.0683861
50.0679741
50.0675659
50.1595078
74.8988266
68.014122
55.6844215
50.0656357
50.0651093
49.9474258
99.947052
99.9468765
49.9468079
49.9466362
49.9465981
49.9462967
49.9462891
49.9462547
49.9461899
49.9460335
49.9444199
49.9413147
49.94067
49.9406242
49.9403877
49.9402542
49.9399948
49.9398956
49.9398003
49.9397392
49.9409103
50.2977219
49.9476051
49.9654121
49.9398079
49.9402542
53.1436691
53.0462303
51.1689911
50.2143517
50.0533485
80.0527267
80.0519791
80.0513153
80.7485962
80.0666962
80.0491638
80.0485001
80.0478745
80.0471344
80.0463181
80.0456924
93.5799561
89.873909
160.601395
148.826538
101.476791
80.0420609
80.0413208
80.0408096
83.5986633
86.5826111
83.6956406
81.0446701
80.0387421
97.3484116
95.4697876
85.9722595
84.6184692
10.5225639
73.2410583
56.4791565
56.4366188
56.4330444
54.9929733
53.1523819
59.4461365
67.874939
139.492554
130.276276
170.073898
636.691528
912.642456
546.850464
204.781403
105.913742
107.075989
103.95768
103.02491
100.936188
100.128922
100.127831
100.126625
100.124817
100.122467
100.119843
100.152931
100.314377
110.034363
111.35141
104.135559
100.262779
60.0350952
60.0159149
60.7677116
61.9792137
63.0949097
85.0913391
93.4844055
80.5617905
66.3187637
61.0994034
70.562149
66.8159027
62.0869408
132.425018
160.558365
196.599426
233.860657
237.880341
323.512512
271.706116
166.128052
92.3475494
69.9858093
162.656693
403.892975
330.399292
135.222931
66.7643509
63.5317421
61.4444046
70.1940155
82.5664291
101.174957
91.2197723
75.23452
70.0572586
72.6148911
72.9281082
71.093277
70.9599991
70.8597183
70.2774734
70.1217499
70.0678101
70.0470047
70.0402527
92.9307556
103.680374
95.7134094
80.2666931
71.8701019
70.1302032
85.0553436
89.2000656
79.9978485
72.1538467
79.2372284
236.882706
295.564819
124.899933
100.714317
52.6818695
50.2360039
50.0187225
51.8496475
52.4735031
50.6506844
50.0159035
50.0149384
50.0133247
50.0120964
57.2685623
56.2268715
51.5954018
50.006649
17.9677219
12.8150997
43.0247955
60.7390213
102.132927
95.0444031
127.462967
143.498337
165.29834
114.512253
81.4836731
101.323151
164.654968
155.139038
94.2369003
144.963287
124.235977
61.7277908
40.5641708
41.0036125
40.8239632
40.4140053
40.1120605
40.1116257
40.1111565
40.1104355
40.1099281
84.2134094
221.590546
599.636841
480.057129
254.330078
277.846344
200.047729
82.1381302
40.1797409
40.184967
40.1878128
40.1895638
40.190731
289.570221
251.418549
116.628014
55.580864
46.7329102
68.0557632
66.6779633
113.016975
104.378967
102.991959
102.535332
151.4375
140.155807
155.512573
135.471512
109.127731
100.210861
153.551468
243.761871
251.880402
169.644165
112.17804
100.213875
100.214714
100.215485
110.30146
134.88768
123.144287
105.02301
172.150055
249.617188
164.482117
196.406921
227.106384
166.759537
180.121887
155.890793
116.39106
100.961571
100.514671
100.224922
100.21669
114.659195
106.239639
101.871582
162.705582
191.145462
287.475525
228.501617
134.978317
100.863388
100.235031
100.125908
100.125908
100.121735
100.10347
100.092262
100.087074
100.566582
100.10257
100.08284
143.934235
172.814331
136.94989
107.978493
106.322639
102.70285
100.870178
49.9965401
49.9832001
49.9743843
49.9658585
49.9576149
49.9497757
49.9755096
132.81601
331.656464
288.303772
126.155525
57.4872017
84.1638336
845.484924
979.331299
469.325317
118.695
50.0019073
50.4822083
50.0034828
49.9608765
49.9144592
49.9122696
49.9137726
49.9157867
49.9183426
49.9213715
49.9247856
49.9286079
49.9328003
107.973526
267.895172
556.259216
534.485779
279.582916
129.812515
100.057678
100.038208
101.010658
100.158592
100.11129
100.068802
100.073463
100.079857
100.08567
100.09063
100.09565
100.101166
100.105659
100.110008
100.113174
100.115562
100.124191
100.125786
100.1203
100.122612
100.123985
100.12822
50.1289253
50.1306381
50.1389656
50.0959282
50.1033478
50.1314735
50.136734
50.124382
60.9874611
54.0008774
51.4471855
53.9300461
51.2085648
56.0358925
60.6048813
65.3898163
65.8506393
68.0817795
57.1367798
51.9986725
50.1329193
50.1321144
53.7990608
51.2559662
50.6091156
50.1285019
50.1276436
50.4064178
50.1256523
56.949173
52.5381775
57.6322174
110.332504
107.862663
110.235741
124.894302
115.163483
104.605476
117.569618
123.338943
135.045212
117.715523
55.3176537
50.0055962
52.6585922
52.7430992
50.7750549
50.1759605
49.9994926
51.0702553
50.0851593
50.0196114
50.0169525
57.6643372
53.2536316
51.2375488
51.2636108
94.6577759
117.659294
205.22171
286.12265
271.133423
147.672195
101.833473
80.3604431
80.092659
80.0932312
80.0932617
80.0928726
80.0925293
80.8758621
80.091774
80.0910873
80.0904236
80.0896606
80.0886459
80.0873566
80.0856705
80.0843277
80.0825882
80.0810699
80.0795593
80.0778885
80.0764008
80.075119
161.386505
237.120483
216.986481
152.20108
369.888672
387.766754
299.465393
188.73526
143.545761
105.865517
100.410728
100.67968
100.2733
100.107262
100.107162
101.542366
102.31736
100.82283
100.131752
100.103111
100.10202
100.100914
100.099495
100.098343
100.097031
100.095474
100.094063
100.092163
100.090225
100.08812
103.34005
156.346634
165.357254
156.278351
131.577454
108.451485
147.135803
320.455505
422.314636
255.877411
111.933861
64.790123
60.5806198
60.0258255
60.3510742
60.5446091
60.2106514
66.9848862
111.544556
135.019989
113.377205
77.4717255
62.887619
60.0060463
60.0050316
60.0037498
60.0024567
60.0011597
60.7547684
60.3101997
60.0945625
60.0102272
60.0730209
60.0175858
60.0066261
59.9884148
59.986927
60.0602875
60.4046135
4871.16699
130.233154
119.595161
105.021217
100.000557
153.888092
143.299026
112.982986
99.9763336
105.139481
104.227684
101.87233
112.85759
109.974251
102.935066
280.21756
257.299835
583.540955
648.248413
697.904053
449.787781
212.770416
307.689972
229.621796
174.446304
163.226318
102.490013
100.60733
105.104774
104.449821
120.609055
353.384705
584.833984
531.854126
677.828979
601.455078
391.865265
230.192245
100.167732
144.997498
137.958374
111.222618
107.603241
122.975113
115.843513
114.58889
109.626862
102.582703
100.148193
100.147659
100.164619
100.146072
100.145317
125.59935
193.804413
166.908279
117.455017
119.105904
224.592514
529.666931
478.053467
241.606567
116.817993
100.238312
152.608871
193.855377
155.610275
172.081253
200.168289
215.437729
176.446259
125.869049
103.425285
115.960632
121.028183
110.113174
102.023048
100.240517
100.240417
100.240364
100.240273
100.240097
40.2400551
100.239952
40.2396774
40.2393646
40.2391739
40.2388954
40.2384491
100.238113
46.138546
45.6993942
102.861343
100.640182
100.308456
100.235481
100.270737
100.245651
100.233643
100.233147
100.232552
101.801727
103.6754
102.325867
100.41732
100.229111
100.582199
100.340263
100.227089
100.226357
102.03244
103.582756
101.976166
140.096252
138.784012
116.520355
186.831177
263.897034
413.548279
407.350922
233.769089
120.485947
100.231903
100.225571
100.220161
100.222481
100.232132
100.195999
100.207062
100.196381
100.185745
100.193497
174.786316
344.721893
463.918701
371.888367
194.736893
114.118538
100.143028
100.248512
100.128647
100.097725
100.094193
143.370911
242.514084
367.7453
358.372253
227.477768
127.680466
102.225609
99.9985733
99.9596405
99.9762573
55.0659065
52.6241684
147.132263
598.741333
494.00589
182.296631
52.281498
53.1002617
50.0334587
49.9992943
49.9631615
49.9261131
49.922287
49.9190636
49.9164848
50.8984871
49.9669685
49.9211197
49.9102859
49.9098167
49.9097061
49.9098969
49.9104347
49.9493484
49.9879303
78.204277
99.6730042
74.7315216
107.242142
99.9794693
99.9906998
174.231232
191.861877
138.992722
106.830338
100.01342
123.285927
111.070366
103.487656
100.003319
100.007568
100.012131
100.01683
100.037651
100.032433
100.029564
100.032684
100.036697
100.040161
110.523308
103.395042
101.156631
100.05217
100.054031
100.058655
100.064598
100.06147
100.056824
100.061974
100.0756
100.064438
100.14859
50.0682449
50.077877
50.0861435
50.0904999
50.0937691
50.0931244
54.4117508
51.239193
50.534008
50.0906944
50.0900764
50.0893707
50.0888214
50.0881996
50.0873566
50.0869293
50.0861053
50.0853882
50.0848045
50.0841751
50.0832939
50.0826073
50.0817299
50.0808945
50.0802727
50.0792694
50.0785713
50.0776711
99.9653091
106.016663
104.484756
101.546516
100.257217
99.9842682
99.95961
99.959404
190.281616
173.520035
122.920509
99.9606934
99.9605255
99.9603729
99.9601746
99.9598846
99.9602737
49.9824104
49.9602242
90.4068832
79.3709488
59.491848
49.9599075
49.9597435
49.9601631
60.7636147
55.6718826
51.9648933
51.9016228
50.5159035
50.2096481
80.0630264
80.0626144
80.0622482
81.5227356
80.2963028
80.150856
80.1272888
89.3869781
118.631439
202.501022
396.935211
494.634888
400.187012
219.639038
118.71524
86.6217804
81.9779968
80.0869827
80.0881805
80.088501
103.562744
96.0910873
85.6424255
80.0870132
80.0857773
81.4923859
80.1203308
80.0824585
80.0810928
80.080246
100.079193
100.077797
100.076271
144.857895
141.519516
112.78878
100.095871
100.070435
100.069183
100.067566
100.065956
100.064217
100.063156
103.457932
149.795563
169.175186
136.876389
171.871872
264.942932
276.137207
256.988739
249.081207
205.156998
141.205978
106.706154
100.072197
147.64209
722.645264
1094.48926
841.315186
398.888916
127.786034
65.8147659
60.5155487
60.1309891
60.116375
60.1156311
60.1147232
60.1136398
60.1283646
60.1265526
113.034882
98.4141235
71.7071075
60.1026611
60.1678505
60.1060677
77.1248932
69.3157806
62.9164391
60.0874901
60.0844879
60.0818634
100.943634
86.9337769
68.2433395
62.4332275
255.602875
217.187073
110.385376
62.0132828
149.918762
302.899353
307.77655
322.697998
208.206818
105.348778
70.0837021
70.0871887
70.1042404
70.0888443
70.0885468
70.0878448
70.0865555
70.084816
70.0834427
71.2344666
71.3136826
70.4593506
97.9354095
91.7737045
76.3618469
70.0691528
70.0827179
70.0643921
70.0621414
70.0595093
70.0572968
70.0711975
70.0524063
70.0497971
70.0476151
101.256821
101.791756
100.487885
100.038322
100.036575
114.895355
111.186195
103.619865
54.2056465
53.323185
50.8165894
96.072403
148.793991
175.189545
112.460625
112.507408
100.014069
100.01255
102.171295
86.7356644
87.4085236
65.8161926
109.459846
56.1135139
51.5665321
100.001312
94.6996536
86.4598083
181.140137
146.839478
129.836212
40.8280907
40.0928345
40.092186
40.0913696
40.0906448
40.0896873
40.0886688
40.087677
40.0866203
81.8327026
73.4185333
50.8669395
40.9183846
51.5305099
205.076691
216.272186
114.118118
51.1116409
40.4558907
40.0842323
40.1534348
40.4225807
40.2677193
40.6814346
40.7282906
40.3740234
40.0839882
40.0832672
40.0827408
40.0821342
40.0816841
40.0809059
40.0803986
41.0710678
42.4886169
41.7249146
40.2294083
40.0767441
55.8599892
77.45401
71.609314
51.9716034
41.3639679
40.0730972
40.0725899
40.071888
40.071106
40.0704613
40.0699539
40.0694885
40.0688629
44.5138168
46.4591713
43.1701126
40.3231964
40.0660896
40.2708778
42.427433
42.3371544
40.2782707
40.0534477
4918.35742
100.059853
126.157883
178.05751
154.42572
114.203392
100.005554
100.0009
100.000481
99.987381
102.491104
101.113159
100.373985
99.9499817
99.941597
99.9319763
100.749168
100.170517
100.039749
99.9133606
99.908577
99.8947296
99.855011
99.8422928
110.308105
105.055046
101.357903
99.7722168
99.7888718
99.7785797
49.7946243
49.8337708
49.8275948
50.5467377
56.6696243
58.7831993
73.8045883
82.5310974
123.566299
97.1329956
62.965271
49.7039223
49.6989288
49.6945038
49.690136
49.6855049
49.6826096
49.7222404
49.722332
49.679863
49.7141609
49.713131
49.6729736
49.6707268
49.708416
49.7455673
49.7097855
49.6740494
49.6755753
54.1245613
51.1679459
50.1973763
62.5259132
125.13002
162.559692
109.768265
63.1116905
49.8416519
49.8177719
49.8193893
49.8247452
49.8043289
49.807251
49.8145142
49.8417702
49.8497543
49.8398895
49.8467407
49.8565254
49.8667984
49.8776779
49.8892479
49.9022751
49.9243469
49.9446602
49.9451981
49.9475555
50.8524704
50.142643
50.0652962
49.9828835
49.9904747
49.9895439
50.0141983
50.0198708
50.0101357
50.042038
50.0454369
50.0483437
50.0490608
50.0490608
50.0489044
50.0489044
50.048748
50.0485916
50.0485916
50.0484352
50.0482788
50.0481224
50.047966
50.0478096
50.0478096
50.0476532
50.0474968
50.0473404
50.047184
50.0470276
50.0467148
50.0465584
50.046402
49.9329758
49.933239
49.9333458
49.9335823
49.9337311
49.9337883
49.9335747
49.9332695
49.9324303
49.9313087
49.9313469
49.9315948
49.9318466
49.931942
49.9321938
49.9324493
49.9325485
49.9327736
49.9329681
49.9329453
49.9333382
49.934288
68.9205475
65.0487518
54.9974899
50.2571259
49.9376945
49.9598541
49.9898186
49.9372253
49.937458
29.3376122
84.3830109
84.8228149
80.0435867
80.0432739
80.0429611
80.1314545
80.0423355
80.0419235
80.0414047
80.0410919
80.0406418
80.0401535
80.0398407
80.0393753
80.0390625
80.0385895
80.0382767
80.0379639
80.3348846
80.0404663
80.0368729
80.0365601
80.5641937
94.2560196
93.9305649
85.5539169
80.6313095
172.385773
168.087753
127.397873
100.033127
100.032654
101.995285
102.486259
50.7336273
50.0312538
50.0309258
50.059742
50.0395584
50.0298309
50.0295181
53.3285408
131.647888
204.000763
185.687683
110.782944
61.4653664
50.0293617
50.0292053
58.3435364
128.831757
147.792709
95.5043182
57.0263824
50.0359459
56.5000381
57.6070213
52.2562408
50.0293617
50.0290489
59.9418297
73.8947296
94.7155457
191.329269
270.865417
202.004242
167.821747
287.766296
396.379517
273.992065
115.809273
62.9001579
59.9883003
73.0393982
102.460167
100.158295
107.513962
87.0382843
67.5350876
173.54184
214.937225
135.50322
73.659584
60.0734253
105.707657
159.698578
224.237595
344.256104
331.700989
180.370682
91.793808
93.0679703
92.1602936
81.6841812
97.7082748
93.0759506
76.5414276
70.1599197
70.0737991
73.500206
78.3808365
83.7464447
161.318451
163.752747
265.327148
240.091461
182.365738
217.639313
297.969055
212.718399
104.738312
70.0852051
70.104866
70.091011
132.739685
146.211685
234.703293
294.936005
265.188995
159.913239
90.0851746
178.20076
209.173615
126.995483
65.3578644
51.6765747
51.6421013
50.8404198
50.5877075
50.2311554
50.1268044
82.5249786
167.474762
164.723511
332.518616
239.716873
153.357803
103.438141
104.4245
174.882843
196.460251
153.009811
124.238129
110.303345
143.726089
138.829788
114.86161
104.166222
53.2362862
51.7303925
95.5932465
67.6038742
118.682663
129.710587
95.7227097
58.4897308
43.6821327
40.3016243
152.737823
150.949631
108.146454
65.8526917
47.4117928
43.721035
45.525547
43.1492043
41.0280724
41.1819153
41.4304047
64.6523438
60.2718506
46.9932137
44.2534142
96.740921
87.2246628
54.0802383
40.22052
45.5879822
107.658371
105.076256
63.9821815
50.8237915
107.831772
83.1569901
67.9278336
109.903
144.075714
119.703064
117.379257
158.219376
307.113739
325.0
249.171722
217.380188
158.340912
112.407486
100.298264
100.71402
103.526787
103.593033
100.550781
100.549767
84.6564484
61.2527428
53.8385544
52.4344139
82.0845871
78.7133789
68.7409973
117.241997
106.751099
108.958466
