0.0
0.0
0.0
0.0
0.0
0.0
0.0
0.0
0.0
0.0
0.0
0.0
0.0
0.0
0.0
0.0
0.0
0.0
0.0
0.0
0.0
0.0
0.0
0.0
0.0
0.0
0.0
0.0
0.0
0.0
0.0
0.0
0.0
0.0
0.0
0.0
0.0
0.0
0.0
0.0
0.0
0.0
0.0
0.0
0.0
0.0
0.0
0.0
0.0
0.0
0.0
0.0
0.0
0.0
0.0
0.0
0.0
0.0
0.0
0.0
0.0
0.0
0.0
0.0
0.0
0.0
0.0
0.0
0.0
0.0
0.0
0.0
0.0
0.0
0.0
0.0
0.0
0.0
0.0
0.0
0.0
0.0
0.0
0.0
0.0
0.0
0.0
0.0
0.0
0.0
0.0
0.0
0.0
0.0764750317
62.9876404
160.828964
238.990143
169.875397
56.9795876
9.99957275
8.07741737
0.00640758127
0.00662714336
0.00679114973
0.00683617312
0.00698067155
0.00714359432
0.00716843968
0.00735800015
9.10032177
30.7835178
13.727663
10.0008469
4.07630396
0.00803572498
0.00804119371
0.00804656651
0.00850435439
0.00861223415
4.90742159
3.55320835
1.57371211
0.725877643
0.224000648
0.00971285999
41.1445122
30.8375683
12.7355318
10.0016546
0.434395164
0.0371327251
0.0174692273
0.00911275204
0.00910591707
0.00909771211
0.00908850692
0.00927563105
0.811879873
1.70981622
0.502625346
0.322378069
1.08614814
0.331021011
0.781584561
1.65695679
2.41312361
2.84860444
6.71653509
7.23525143
30.4181747
21.4210739
10.016861
237786.953
100.144104
228.12616
280.565582
185.571869
165.155945
141.120773
112.433609
149.886978
245.93779
229.66217
168.450165
123.719894
106.272758
100.455177
100.039963
60.0396538
60.0392342
158.758636
481.799438
489.908081
227.054718
122.249573
182.082764
183.446259
129.149826
102.423355
100.05835
60.0569
60.0557022
60.2280159
100.474876
101.527954
108.693932
116.783119
133.646912
218.497299
200.109406
127.598656
100.056244
100.055763
100.055099
100.054337
100.053848
100.053047
100.05143
100.158699
112.910339
112.535393
103.572006
100.766281
270.586182
385.511658
314.288391
228.249878
204.694
169.066467
136.263748
111.431427
102.222191
100.684425
70.1929321
101.206711
102.036987
100.58638
100.066742
100.065659
100.064751
120.64962
211.522614
296.484528
247.904099
424.569336
427.873932
293.687714
232.534958
185.882416
129.06662
115.501961
112.998642
104.989014
100.701607
100.356453
100.229645
131.517761
132.315369
109.297653
102.093979
103.120483
100.881012
100.085991
100.085037
100.084763
40.0829468
43.7648392
43.3229713
55.4021187
58.4617691
51.8588409
77.3754349
223.824493
511.483276
484.863525
219.151901
65.6030884
232.962646
290.429016
168.815018
72.2471161
62.8927689
58.2750397
45.895504
40.0925713
40.09095
40.0890732
40.0873184
43.8105927
282.082794
324.838928
154.327133
61.6873779
49.0473442
42.949749
100.089256
100.087769
100.08622
100.084915
100.08329
100.819862
158.89389
157.767151
115.984138
134.504745
144.301392
132.771927
115.504433
102.819786
270.016205
272.2659
151.347717
103.320663
101.514259
100.199898
100.08342
244.851929
392.301178
289.107941
227.845001
300.118408
273.680603
165.980515
109.139359
100.701073
100.153603
100.105324
100.104507
100.103546
100.102684
102.511108
117.14476
297.491425
356.571198
221.90744
121.35421
100.150528
100.13353
100.110764
100.110062
100.109467
256.55896
247.921448
147.75972
359.455261
405.681152
221.05719
113.904411
100.127991
100.127518
100.126846
113.547653
192.668884
177.145569
122.6912
100.129707
50.1284027
50.1260605
52.9662323
84.631485
219.560608
231.83577
121.319099
305.975525
278.941406
119.455444
50.1236801
50.1213264
112.881401
166.349182
208.699951
155.71196
295.608093
482.817139
502.923767
420.562134
256.735474
104.985962
104.925179
214.145889
100.136696
100.134087
100.131325
100.128563
100.125931
100.123398
101.552742
178.947815
218.843872
157.763062
211.286362
193.323105
131.595444
102.689804
130.472855
115.74382
108.61972
101.448532
100.700439
100.692093
100.106644
100.101089
100.094528
100.092964
100.091309
100.089958
100.088402
100.087029
100.085312
100.084122
100.083031
100.335686
100.081192
100.080063
100.079369
100.078308
100.077385
100.074303
50.0738869
50.0727997
50.0726738
50.0713654
50.3882828
50.7570381
50.2621651
50.1664848
50.0687065
53.1325531
51.7233849
53.4529877
51.6285706
50.6166115
51.3247223
51.5517044
50.6389465
50.2601395
50.0628624
50.0622063
50.0643082
50.0638542
50.0624657
50.0622482
50.0599518
52.9079094
51.6883583
50.9050026
100.117401
100.05648
100.056129
100.055862
50.0556107
50.0553818
50.0552254
50.0547905
50.0544968
51.4406548
50.9176521
51.0558128
50.1303062
50.0807076
50.0532951
58.3074722
85.2862701
72.5688477
57.4627533
50.0560608
145.793701
272.618073
204.433167
91.4463043
50.0684052
51.7294006
52.0068359
54.5804977
52.616806
51.961853
50.1258926
80.0760803
80.3576736
80.062912
80.0589828
80.057724
80.0565491
80.0556946
80.0543594
80.0535278
80.052742
80.0521774
80.0529327
80.0559692
80.0546875
80.0505753
80.0540009
80.0538254
91.8801193
223.438187
283.084167
191.755493
207.180115
804.012573
778.871704
494.059021
279.594574
141.413345
81.6161728
80.0779572
80.0754318
100.245667
100.745682
100.266861
100.068214
100.066177
100.42318
101.351715
100.518806
100.087616
100.060226
100.058556
100.057922
100.120621
101.963577
422.713989
839.578613
876.207031
886.132935
1027.62524
722.469421
357.161499
195.09935
467.063934
328.693665
243.621521
319.319763
242.037537
241.683701
193.384689
154.140305
100.567924
100.096397
100.094025
177.096725
168.146164
120.62278
100.087456
239.312134
468.047791
369.803711
169.691803
227.514786
143.78569
100.087494
100.085114
100.082664
100.080406
143.307587
399.189148
739.688599
620.094788
679.760498
577.026978
631.142578
635.549927
590.841553
587.819946
606.976501
583.524353
318.113464
110.749153
100.098915
100.096947
100.095016
100.093224
100.091415
100.089806
100.087822
100.086449
100.08493
100.083229
100.081764
100.080238
100.079269
100.07798
100.076813
100.075729
100.074875
105.449249
104.958046
101.321411
100.071114
100.070328
226.932877
287.713531
204.233871
120.511948
104.560959
126.755783
152.80072
135.821381
109.297676
101.577538
100.556732
100.216499
100.105812
100.074448
100.073784
100.073174
100.072472
100.210251
100.887383
101.244003
100.364479
172.470825
174.273438
122.190651
100.959763
104.161743
318.014709
374.994812
220.863235
116.240295
100.084656
100.084053
105.249161
105.906166
101.593163
100.08123
101.538239
102.43161
102.951797
119.803726
57.6196518
105.081718
116.802513
585.209961
576.673523
441.666321
397.351379
292.976074
185.957001
106.016479
60.4949532
490.573059
890.12207
622.527832
640.314331
963.009033
559.497498
172.500702
100.111732
100.109657
100.107536
100.105698
105.634315
184.700897
436.561096
445.334198
488.697876
641.205505
621.914673
610.684326
962.53772
810.124695
656.134399
633.335449
655.339172
580.436279
362.62735
331.921661
345.511322
328.978638
142.064148
100.149765
100.148613
100.1474
100.145897
100.14447
100.143143
100.141518
100.140099
100.138824
100.13765
100.136345
116.442345
135.054443
121.99704
104.167458
100.131424
100.130661
100.129471
102.215355
105.7043
101.831284
100.683632
102.018417
101.518646
100.568314
100.178101
100.120682
100.119766
113.979553
107.379845
102.376389
100.576248
100.137558
425.509003
417.217896
196.123154
109.942398
104.646202
101.598717
100.123009
100.122383
100.121956
104.185616
102.254524
100.899208
100.119308
100.117165
100.116524
100.1157
111.587837
55.1129608
51.6611328
50.1097145
50.1073647
50.1047935
50.1021996
50.0995064
50.0971413
50.0948486
51.0886459
133.22023
117.308144
70.3060608
50.0873108
50.0857925
50.0839691
50.0819626
50.0805588
50.0790138
50.077301
50.0759735
50.07481
50.0736389
50.072258
50.0713692
50.070385
50.0695305
50.0681648
50.0673752
95.4009705
83.2291489
61.2912865
50.3986397
50.0652084
50.0646706
50.0642357
92.1406326
80.0749741
59.3590202
50.0637245
50.0632286
50.0627899
50.0626755
50.0621605
50.0617332
50.0611
50.0604553
50.0601006
50.0596962
50.0590668
50.0591011
50.058403
50.0578766
50.0576057
50.057209
50.955452
50.2979469
50.1911278
50.0556068
50.0552025
50.0548439
50.0517349
50.0515366
50.0510712
50.0508347
50.0515327
50.0515022
50.0503693
50.0500832
50.0497856
50.0497894
50.0493927
50.0491219
50.0487823
50.0484924
50.0481262
50.047924
50.0476837
50.047493
50.0473061
50.0469513
50.0467529
50.0466461
50.1396446
81.9402313
74.08181
57.8519936
50.0484505
50.0482635
50.0446434
50.0445938
50.0445976
50.0445976
50.044445
50.0444489
50.0444565
50.0444603
50.0443115
50.0443153
50.0443039
50.0439453
50.0435524
50.0434761
50.0433006
50.0432892
50.0431137
50.0430984
50.0429268
50.0431519
50.0426712
50.0428085
50.4711647
50.0562286
50.0452995
50.0450211
50.04245
54.0350189
54.0316849
51.6055412
50.4050026
50.0426636
10.0194836
90.0643234
100.041496
101.011604
100.070198
100.039764
100.03894
100.042671
100.042259
100.039505
100.039024
117.409569
111.302536
284.706909
253.572006
149.669952
100.051346
100.050735
100.048927
106.768684
113.279747
107.949356
102.232109
100.047539
137.912094
136.050415
114.159348
110.086685
106.568993
102.365692
114.50631
115.195206
114.88961
112.066566
107.542107
122.171417
144.144272
353.338135
340.513824
393.757172
1357.7572
1728.32373
937.224365
256.098969
119.232376
983.783142
223.684891
103.445038
101.013176
100.07222
100.069954
100.06813
100.065926
100.063927
100.062157
100.102257
100.293289
111.856544
113.701813
105.000122
100.348549
100.053024
100.050858
100.980469
62.5393791
64.0478745
96.1708832
111.366493
93.3633499
70.8312607
101.94104
77.5658264
71.5518494
63.6030846
206.345062
256.0448
319.996124
419.287354
403.88031
526.274536
442.865509
357.167236
352.084198
125.748878
247.528717
649.419861
554.526489
616.732788
479.025177
488.301849
172.824142
100.238792
114.078232
137.491745
127.354904
106.799316
100.076973
103.284767
103.733269
101.423271
101.210533
101.095947
100.370544
100.14608
100.098557
100.07357
100.065887
127.988655
146.545181
138.097641
116.339493
103.028328
100.184418
120.448181
129.698456
116.263458
103.554253
112.940598
400.364014
529.557251
334.347351
151.823441
103.940628
100.393654
100.077255
102.244354
103.208061
100.893867
100.073601
100.072456
100.071625
100.070816
108.004456
108.289795
102.194443
100.067917
100.066917
103.416985
104.194229
112.714462
171.257477
250.958206
234.255798
243.028931
277.51062
208.276321
144.069855
164.221054
253.840424
253.179321
166.430405
215.326782
208.406708
72.3315201
40.6523285
41.1587067
40.9533157
40.4588013
40.0907135
40.0883904
40.0860252
40.084198
40.0822067
91.5269623
322.092346
966.011414
827.172485
358.31192
702.030212
501.432587
637.572449
383.019348
259.495148
100.103264
100.101395
100.099815
445.363525
454.964111
219.669983
353.889618
295.081726
125.940437
130.424713
115.444374
104.15435
103.278809
102.201859
153.040009
151.437546
162.169952
147.334244
112.439644
100.097221
157.216904
280.890137
303.064911
197.46756
116.806351
100.105637
100.10482
100.103882
108.236542
133.116196
125.865555
105.811913
177.602325
284.660889
233.347336
227.068146
243.70787
178.572769
178.048889
161.090363
118.254219
100.884018
100.457336
100.117233
100.116188
111.792877
106.024277
101.971497
159.714111
196.330658
311.914978
264.734314
147.797287
100.964134
100.248741
100.123596
100.123024
100.122513
100.121628
100.120949
100.120171
100.430275
100.118568
100.117928
137.153442
171.23085
141.009552
109.792709
105.176064
102.75399
101.051834
50.1160202
50.1134186
50.1108856
50.108078
50.1056862
50.1028709
50.1005363
139.116165
450.603912
425.655151
174.495621
59.9926262
81.6916046
1116.23096
1374.15039
625.418701
780.068542
1450.92261
706.576294
113.963547
100.108559
100.105644
100.103371
100.101128
100.098854
100.096764
100.094452
100.092659
50.0904045
50.0888519
105.503479
287.79422
709.555664
708.312805
343.449738
208.213272
649.571533
271.406982
100.60141
100.139816
100.117325
100.08902
100.08712
100.085732
100.083954
100.082588
100.081215
100.080208
100.078964
100.077843
100.076927
100.075806
100.074997
100.074089
100.073387
100.072533
100.071953
100.07135
100.07074
100.069992
100.06955
100.06575
50.0670166
50.0654602
50.0630875
50.0651283
58.939949
54.0493889
51.4151077
53.1857491
51.3234062
55.5400314
61.0172653
67.8327332
69.8050919
74.3866272
61.1676979
53.1128159
50.0596504
50.0590019
53.9635239
52.0025597
50.8683319
50.0588989
50.0588264
50.2843285
50.0606194
58.5660248
54.3033562
60.7049294
115.58815
112.247902
115.908562
142.308472
126.273834
107.839455
128.522064
140.699905
162.552994
134.877853
110.314484
100.065285
102.858116
103.567757
101.441025
100.367363
100.0625
51.0556831
50.1681175
50.095108
50.0600319
59.9661293
56.1879768
52.3420105
51.2950592
124.907379
177.781799
358.410828
512.129272
458.895264
227.915253
115.633827
80.4433289
80.085907
80.0836792
80.081543
80.0794373
80.077652
80.5845566
80.0745239
80.0728073
80.0713806
80.0698166
80.0677795
80.0660324
80.0647659
80.0634995
80.0613403
80.0593567
80.0577621
80.0563278
80.0557251
80.0577545
210.549713
378.636017
350.851959
212.426773
610.469055
660.288452
417.271271
246.797165
159.70871
107.613403
100.448776
100.780838
100.279984
100.080513
100.078629
101.697159
102.836182
100.948471
100.104507
100.070091
100.068436
100.066963
100.065773
100.064728
100.063095
100.062218
100.06028
100.059502
100.058273
100.056595
103.794792
183.622681
209.975113
200.182648
159.985962
115.705307
184.667877
559.293457
732.154602
409.107086
141.446304
66.1298141
60.7434044
60.0757141
60.4642792
60.6928673
60.2835236
68.4178696
130.205002
169.791321
140.721939
87.0355682
64.3346481
60.0649872
60.0635223
60.0621376
60.0605392
60.0594215
61.0460014
60.4559059
60.1780472
60.0559464
60.1460304
60.0680275
60.0550194
60.0537834
60.0529289
60.1357956
60.6008263
116.008461
145.185257
133.140152
108.561676
100.093834
197.084503
194.765137
127.952827
100.056534
108.44252
108.14373
103.526817
120.737808
119.638176
105.753014
451.445221
474.867584
960.494446
1094.87756
979.189087
619.604553
259.64444
557.00946
759.618713
389.492126
233.144318
189.182373
100.684715
105.584686
105.218292
120.817871
452.282715
821.08374
732.017273
1119.12378
1110.64294
1009.66315
659.277771
393.401428
163.726166
140.945251
112.288712
106.955368
121.814255
117.115211
114.193756
110.377098
102.793625
100.115967
100.114548
100.113472
100.111916
100.110481
123.995094
206.459991
190.692719
124.446396
119.212532
248.253082
689.043457
667.223267
302.245819
217.228851
247.043777
330.726654
190.756134
159.380615
169.872894
200.942856
219.288727
215.192566
195.680923
167.582123
117.805252
118.579239
109.297195
101.800507
100.117744
100.115669
100.113609
100.111649
100.109558
100.107552
100.1054
100.103432
100.101578
100.099693
100.097794
100.096077
100.094467
45.1932907
45.1934471
102.591949
100.462669
100.153908
100.086128
100.118011
100.093781
100.081596
100.080269
100.078667
101.613052
103.648956
102.355209
100.281151
100.071938
100.458839
100.195175
100.070404
100.070122
102.128609
104.048401
102.219521
150.079529
151.054443
121.546936
243.979614
377.972504
636.812622
600.914551
303.465942
127.083076
100.096153
100.095718
100.094963
100.094147
100.093056
100.092445
100.0914
100.090454
100.089531
100.088875
183.166138
427.337189
585.661987
443.741882
213.061295
115.233429
100.111504
100.190552
100.110535
100.109879
100.109474
135.003128
236.613342
372.807495
363.021667
225.631638
126.08477
102.004601
100.127029
100.125229
100.125717
53.4533081
51.9020805
131.10527
674.187256
612.977112
219.20816
51.7756119
102.002548
170.516388
100.12838
100.112701
100.109932
100.107727
100.105278
100.102692
100.625023
100.098419
50.095974
50.093811
50.0916023
50.0899467
50.0878525
50.086319
50.085125
50.083683
72.8649902
97.4725494
75.1491699
57.2899208
50.0786896
100.077728
189.890198
217.34639
153.81546
109.916176
100.079475
125.141861
114.493744
104.565796
100.076523
100.075737
100.074951
100.074318
100.073318
100.072899
100.072006
100.071526
100.070885
100.070396
110.387894
104.864594
101.637505
100.06813
100.067734
100.067627
100.067375
100.065819
50.066288
50.0662766
50.0657272
50.0653343
50.1208038
50.0590096
50.0585785
50.0583153
50.0580902
50.0577927
50.0574722
53.9602585
51.7111435
50.7051468
50.0560303
50.0557289
50.0553169
50.0551224
50.0545998
50.0543251
50.0540085
50.0535698
50.0532875
50.0533257
50.0531006
50.0525856
50.0522575
50.0520287
50.0518608
50.0517082
50.0512962
50.0510902
50.0509338
50.0493431
56.2933769
55.2899704
52.113739
50.4266586
50.0520706
50.0514297
50.0485344
222.533981
197.832596
97.6664658
50.0607719
50.0602989
50.0594559
50.0585861
50.0576744
50.0565071
50.0559959
50.0564232
124.76059
115.515579
71.1538391
50.060627
50.0599136
50.0589218
67.3822174
62.0455322
54.3255501
52.4208946
51.2713966
50.600132
80.0562363
80.0568008
80.056572
81.7335358
80.5013962
80.2234192
80.1188965
95.5239487
160.053711
384.102509
848.190796
983.280823
661.477844
295.115845
130.150925
87.9426346
102.089867
100.082474
100.080002
100.077393
125.583282
120.32299
107.092072
100.068359
100.066048
101.357361
100.110649
100.0606
80.059288
80.0580215
100.05426
100.053017
100.052231
165.837402
167.21431
120.557388
100.09507
100.054001
100.052246
100.052635
100.051079
100.050011
100.048744
105.256668
191.860077
238.966049
176.645966
243.349823
434.638428
441.560577
369.701904
334.663269
257.71817
159.007339
109.120285
100.080925
165.440506
1193.85376
1714.02063
1176.75037
494.52887
284.367462
1258.78174
469.621033
109.2005
100.094269
100.090965
100.087936
100.084938
100.082634
100.079948
158.400818
148.943024
114.855965
100.071579
100.138939
100.077255
119.784126
112.949722
104.002335
100.06073
100.059258
100.057526
151.466965
100.988884
72.4536819
103.745293
430.71759
387.882111
163.634201
102.985092
197.943176
434.858093
466.61261
438.250061
301.752197
278.868042
190.513092
129.936569
100.084541
100.082672
100.081131
100.079643
100.078331
100.076653
100.075195
101.39135
101.494576
100.521675
128.52446
127.468689
107.940056
100.068756
100.067596
100.067245
100.066727
100.065979
100.065483
100.064209
100.064491
100.063293
100.06266
101.642807
102.35775
100.653152
100.059441
100.05909
116.299614
115.877693
105.160469
105.567177
105.180634
101.292168
118.470917
258.202545
331.190033
229.419067
126.316589
100.070587
100.070267
102.914879
146.160706
158.225342
126.607925
112.86866
109.48407
102.506256
100.07119
156.934891
160.916321
296.069183
284.935608
157.987396
41.1886864
40.0819206
40.0796661
40.0777969
40.0755844
40.0734787
40.0716476
40.0699654
40.0685234
90.577919
91.041275
57.0658264
41.3747711
54.2828598
325.819061
375.385101
179.004028
57.741272
40.586132
40.0726013
40.153389
40.4902763
40.2966805
40.7845421
40.8699989
40.4301643
40.0634842
40.0621986
40.0605583
40.0591888
100.058235
100.057175
100.055946
101.264122
103.152512
102.270828
100.260941
100.05201
119.964027
154.90712
151.418625
120.612762
102.41288
100.052429
100.051521
100.050835
100.050301
100.049576
100.048805
100.048363
100.048256
47.6310272
49.868885
45.1931229
40.4906387
40.0470734
40.3370361
43.4975739
43.7504883
40.417881
40.0451393
100.045944
100.045319
141.601135
251.429947
215.179962
131.221069
100.056389
100.056549
10.0299006
90.0801849
103.382545
101.825447
100.729256
10.0262461
90.0753098
100.049904
101.056992
100.406158
100.23658
100.0513
100.050827
100.050735
100.045967
10.0231714
105.401123
108.404465
102.612534
100.044197
100.04528
100.044846
50.0485077
50.0485878
50.0485764
50.999855
60.5028687
64.612175
92.9146729
112.584137
204.659332
156.329895
80.2779541
50.0552597
50.0548363
50.0544777
50.0538712
50.0535393
50.0527802
50.0529861
50.052494
50.051178
50.0514946
50.0510178
50.0491028
50.048172
50.0475998
50.0483208
50.0478516
50.0463181
50.0457344
56.3011665
52.3097496
50.7836685
70.6537018
219.352936
313.728394
203.019409
84.1999054
50.0592499
50.058815
50.057724
50.0569649
50.055954
50.0550461
50.0546112
50.0545006
50.0538826
50.0532417
50.0526886
50.0524597
50.0520782
50.0510597
50.0504112
50.0496292
50.0506821
50.0504494
50.0502281
50.0472336
51.0131454
50.3136902
50.1989632
50.0477638
50.0451889
50.0462494
50.0459328
50.0417099
50.0449142
50.0447693
50.0411797
50.0409698
50.0408554
50.0403481
50.0405426
50.0400696
50.040062
50.0397606
10.0169373
40.0624962
50.039341
50.0393181
50.039135
50.0390053
50.0387611
50.0387306
50.0386925
50.0384789
50.0383987
50.0381889
50.0381317
50.0380669
50.037838
50.0363884
50.0363426
50.036293
50.036232
50.0361481
50.0360374
50.0358963
50.0356903
50.0353661
50.0349541
50.0348549
50.0347633
50.0346756
50.0345917
50.0345078
50.0344315
50.0343628
50.0342979
50.0342255
50.0342522
50.0338707
50.0340385
72.7029419
67.9594269
56.1852303
50.4955215
50.0405006
50.0369759
50.086441
50.0399284
50.0366745
111.491203
102.549377
87.7822952
80.0380783
80.037117
80.0371246
80.186554
80.0423508
80.0362244
80.035881
80.0357285
80.0355911
80.0354691
80.035347
80.0350876
80.0350342
80.0350037
80.035202
80.0351105
80.5131454
10.0270872
70.0600967
80.0348129
80.8603287
102.118774
100.963028
88.5284119
81.0725403
342.587952
314.52655
125.924644
100.050858
100.050354
103.856186
105.04409
101.453316
100.046867
50.0456085
50.1019592
50.0607262
50.0422668
50.0415649
56.4238815
272.970001
459.260864
377.670715
232.364471
122.804489
100.063614
100.062523
113.695869
258.746094
294.613739
187.582306
112.737305
100.074913
110.38826
111.873428
103.509926
100.059181
100.057854
60.0552063
83.9203796
126.056831
357.028442
508.072571
344.529999
240.021042
439.19928
607.064941
398.612
143.782532
63.5641975
60.0833092
75.556839
115.70256
113.72982
125.702408
98.1686554
70.6727905
240.074463
305.795898
178.814819
80.6285095
60.1686478
120.790619
204.653229
309.346313
504.699005
478.035278
237.195267
99.3206635
97.2974243
97.2394943
114.207344
134.637894
130.250412
78.5519791
70.2274933
70.1171417
74.2876205
80.4218597
87.537262
207.579208
220.754028
379.473328
356.157043
263.020874
296.016663
412.447296
307.793793
150.680695
100.111435
100.110085
100.108437
173.28566
200.155533
322.393799
417.003967
364.163361
222.118683
126.424545
241.868378
302.817352
204.367828
120.321297
101.797707
101.853371
100.880524
100.647713
100.245659
100.122002
129.53714
234.757538
255.586304
460.099731
408.267609
189.312408
103.191101
104.561935
175.414703
212.099365
165.969208
127.623795
111.522324
143.66713
144.322769
117.840492
104.326988
103.503448
101.712456
121.916237
119.908386
123.376221
208.119522
108.645798
123.416626
104.535851
100.215378
224.537598
244.83313
122.584412
131.129929
108.771454
103.302711
105.137741
103.193123
100.997543
40.9761391
101.313873
63.1369934
62.7487755
48.0457687
104.092468
103.846802
102.195221
119.014954
100.107979
105.243683
120.875153
127.468155
132.814209
111.301727
108.841217
110.292046
106.707184
159.286636
218.982788
193.426086
158.509613
173.898071
399.444183
455.183167
316.702454
227.678375
164.342178
113.943878
100.194382
100.452911
102.39357
102.738281
100.386475
100.342232
100.190163
100.118614
100.117645
100.772034
127.221252
127.431999
117.175484
158.768402
150.307358
156.591339
