0.0
0.0
0.0
0.0
0.0
0.0
0.0
0.0
0.0
0.0
0.0
0.0
0.0
0.0
0.0
0.0
0.0
0.0
0.0
0.0
0.0
0.0
0.0
0.0
0.0
0.0
0.0
0.0
0.0
0.0
0.0
0.0
0.0
0.0
0.0
0.0
0.0
0.0
0.0
0.0
0.0
0.0
0.0
0.0
0.0
0.00162890437
0.00327999145
0.00327999145
0.00327999145
0.00327999145
0.00327999145
0.00327999145
0.00327999145
0.00327999145
0.00327999145
0.00327999145
0.00327999145
0.00327999145
0.00327999145
0.00327999145
0.0
0.0
0.0
0.0
0.0
0.0
0.0
0.0
0.0
0.0
0.0
0.0
0.0
0.0
0.0
0.0
0.0
0.0
0.0
0.0
0.0
0.0
0.0
0.0
0.0
0.0
0.0
0.0
0.0
0.0
0.0
0.00327999145
0.00327999145
0.343295664
52.3035431
86.8440552
106.790009
70.6573563
24.4053612
10.0017195
4.08597708
0.00327981496
0.00327999145
0.00327999145
0.00327999145
0.00327999145
0.00327999145
0.00327999145
0.00327999145
5.24150276
16.3888206
11.1869507
3.40541625
0.00327999215
0.00327999145
0.00327999145
0.00327999145
0.00327999145
0.00327999145
2.45390153
1.75802124
0.775345206
0.36639452
0.109556198
0.00327999145
18.168642
13.0465937
10.0017195
1.17066765
0.00327990297
0.0144095533
0.0068156356
0.00327999145
0.00327999145
0.00327999145
0.00327999145
0.00327999145
0.369274855
0.80770272
0.232194155
0.146854207
0.520377994
0.154127881
0.376969457
0.810880065
1.20758593
1.40679717
3.43371987
3.58317494
14.2754364
12.2874107
6.40228939
0.0
0.0
45.6741104
54.3879776
30.7324429
31.3226032
13.5854311
9.93140984
26.9311771
57.653038
47.7017899
31.2480946
13.4288101
10.164443
1.89059138
0.0
0.0
0.0
48.178463
168.173492
179.984528
35462.4688
154.656403
152.832321
150.049316
117.618134
101.461494
99.9241104
99.9247284
99.9253464
100.066719
100.231247
100.950615
105.836143
110.68924
120.471313
163.40004
147.770081
113.030533
99.9249344
99.9250031
99.9250565
99.924942
99.9249802
99.9253616
99.9423141
100.011124
108.144096
107.119804
101.9347
100.370926
181.710388
230.201385
216.595032
182.87706
160.176514
141.588562
122.210831
77.0533295
71.4050293
70.3734131
70.0188751
100.750809
101.248856
100.271873
99.930809
99.9305801
99.931015
114.126701
163.571716
203.439987
175.408966
273.645264
271.345795
217.101059
192.197052
160.423798
120.859131
112.195107
110.200699
103.810776
100.458839
100.174202
100.092148
123.627472
123.573387
56.6272469
51.4612427
52.2039223
50.5453987
49.9812088
49.9622421
50.0578461
40.0575333
42.8934326
42.4004974
51.008522
52.3844261
47.6555977
63.2967453
138.312637
278.583832
272.517975
140.849411
56.7316856
165.249207
204.936981
129.387253
64.5227051
58.8091507
54.823494
44.7769241
40.0932541
40.0941658
40.0946922
40.0949249
43.2515182
182.812714
209.882889
110.980499
56.6345749
47.3962288
42.4310684
40.1062546
40.1072693
40.1077919
40.1081619
40.1082573
40.7238464
83.162735
80.8033829
51.4442253
64.615303
70.6191177
62.9137955
50.7887993
41.9958153
143.557053
141.83847
70.6493225
42.7615547
41.2854996
40.2092514
40.1153526
134.85144
227.23143
158.694794
131.747482
186.53302
166.400391
88.8224564
47.310936
40.6876602
40.1884766
7642.60254
100.138641
100.135902
100.129982
102.73864
115.934479
236.646606
274.112335
181.202591
115.014252
100.135315
100.110916
100.097214
100.079201
100.071671
220.712006
199.746429
133.022263
293.300629
312.56665
183.960358
110.762794
99.9987335
100.007698
100.000961
115.562286
187.417862
162.590454
117.338211
99.9749146
50.0227127
49.9880486
53.6708679
85.8004456
188.740341
186.879669
99.8405457
255.747314
199.471283
93.9164047
49.9057159
49.9409294
114.640549
152.435028
184.163025
131.075897
258.180511
440.790527
458.839417
414.511963
562.45343
619.186035
452.868591
262.336853
99.9160385
99.9554291
99.9956589
99.9649353
99.9316635
99.9651031
102.489044
180.908081
204.139008
146.525314
189.388336
170.580948
124.162888
102.225426
127.385452
113.181946
108.121277
101.195541
100.56282
100.840683
100.084412
100.072029
100.069031
100.073822
100.077827
100.081581
100.084099
100.086357
100.088799
100.091293
100.094528
100.508644
100.108185
100.104332
100.108131
100.110413
100.111855
100.072845
50.0998917
50.0861053
50.0938225
50.1191597
50.5964966
51.1318855
50.2801208
50.2022095
50.1189346
53.8551598
51.7123718
53.8590927
51.5323067
50.5303497
51.6397743
51.7216034
50.516613
50.2507782
50.1123123
50.1115341
50.1106339
50.1096802
50.1091461
50.1081696
50.1072006
53.1340256
51.4598083
50.6368713
100.034119
99.992897
99.9920349
49.9911957
49.9903412
49.9894447
49.9885178
49.987484
49.9866982
51.451561
50.8148575
50.9850731
50.0319786
49.9999123
49.9817772
57.8869972
77.0852432
65.9779129
54.9220619
49.997818
104.529785
156.510956
112.013039
65.8875732
49.9721756
51.5837898
51.6747627
53.6714516
51.3383904
51.4359512
50.1029968
80.0761566
80.4311981
80.0674057
80.0667038
80.0658646
80.0651627
80.0645447
80.0640182
80.0634537
80.0628281
80.0622025
80.061676
80.0611115
80.060585
80.0600204
80.059494
80.0587692
88.0039673
145.375671
163.312134
122.805931
138.300018
388.230713
358.40799
305.136627
205.231354
119.00573
81.2696152
80.0697556
80.0711441
100.212479
100.610931
100.23407
100.071892
100.071365
100.353516
101.066147
100.436867
100.091141
100.068428
100.067543
100.066612
100.118446
101.612114
258.458588
460.699219
523.32135
600.14386
735.901489
530.194885
300.771851
177.81813
123.325508
116.535469
212.406647
265.421814
201.479614
128.560318
103.021645
101.668427
100.55706
60.1122665
60.1275482
123.626297
111.0653
75.5049362
60.1239014
161.527054
306.124207
222.894577
101.768303
60.2113647
60.1132812
60.1288147
60.1285706
60.1276703
60.1268272
99.7542267
265.285217
478.204712
390.02124
203.957748
104.877373
102.630318
351.725586
410.072845
231.422867
150.334061
99.5575256
71.8812485
60.1565781
100.156631
100.156723
100.156586
100.156357
100.155998
100.155609
100.15506
100.154152
100.15313
100.15197
100.150742
100.149406
100.163101
100.145737
100.144012
100.142097
100.155907
105.897568
104.626724
101.288742
100.131691
100.129478
204.154739
226.960907
160.751358
111.222084
103.59201
122.72628
140.122864
123.036636
106.041695
101.139259
100.459808
100.208138
100.144569
100.104752
100.103149
100.101311
100.099579
100.224159
100.743538
100.97007
100.305
159.498825
145.356049
113.533775
100.645737
103.217064
243.257507
251.99469
165.560684
109.690491
100.076096
100.07531
104.822289
104.6036
101.241554
100.070587
101.242058
101.906113
102.4104
118.996834
52.8288193
92.7806549
91.6056671
369.168274
309.41864
313.091156
307.771606
238.876648
164.67688
93.0977859
58.7114449
382.380798
646.718628
394.454346
120.834373
40.2310638
40.2336922
40.2350502
40.2358055
40.2363281
40.2364616
40.2364616
48.0470352
129.465912
323.476746
311.56601
382.760559
392.225769
256.471863
200.904022
771.039978
794.680237
648.521301
619.295715
700.577698
646.260925
417.499939
367.607971
419.625854
387.947601
168.544617
100.242081
100.242081
100.242081
100.242081
100.242081
100.242081
100.242081
100.242081
100.242081
100.242081
100.242081
123.903381
147.235596
128.068146
105.273376
100.242081
100.242081
100.242081
103.151184
107.684753
102.459969
100.950531
102.678452
101.99131
100.784767
100.281021
100.202454
100.192696
117.317596
109.082222
102.859787
100.698479
100.195625
357.552795
351.703278
175.97554
112.122421
105.696037
101.901436
100.10202
100.096535
100.085739
105.419197
102.881561
101.07518
100.024536
99.9856796
99.9695053
99.9592514
114.485634
56.418808
51.9986801
50.0424767
50.036129
49.9979134
49.9601479
49.951973
49.9458427
49.9402161
51.2113113
125.655441
110.983902
68.2035141
49.9654083
49.9508972
49.945652
49.9061012
49.9019852
49.8990822
49.8961296
49.8937607
49.8918991
49.8903809
49.8889046
49.887661
49.8871536
49.886982
49.8871422
49.887989
87.6127014
75.5299377
58.550518
50.1709747
49.9455109
49.9459572
49.9736443
79.7414856
68.9881287
55.8848305
49.9781151
49.9578934
49.9585152
49.9599152
49.9616127
49.9636574
49.9665985
49.9700012
49.9742241
49.9785995
49.9904671
49.9892578
49.9877205
49.9897881
49.9929543
49.9970551
51.0202789
50.1663742
50.0945511
50.0138283
50.0188522
50.024292
50.0284843
50.037159
50.0462799
50.0570221
50.041851
50.0707245
50.0725861
50.0727577
50.0723686
50.0719757
50.0714722
50.0711594
50.0708427
50.0704994
50.0702209
50.0699081
50.069561
50.0692902
50.0688171
50.0683861
50.0679741
50.0675659
50.1595078
74.8988266
68.014122
55.6844215
50.0656357
50.0651093
49.9474258
49.947052
49.9468727
49.9468079
49.9466362
49.9465981
49.9462967
49.9462891
49.9462547
49.9461899
49.9460335
49.9444199
49.9413147
49.94067
49.9406242
49.9403877
49.9402542
49.9399948
49.9398956
49.9398003
49.9397392
49.9409103
50.2977219
49.9476051
49.9654121
49.9398079
49.9402542
53.1436691
53.0462303
51.1689911
50.2143517
50.0533485
1792.49487
100.051971
100.051308
100.748589
100.066696
100.049164
100.0485
100.047867
100.047134
100.046326
100.045692
113.579956
109.873909
180.601395
168.826538
121.476791
100.042061
100.041321
100.040817
103.598663
106.582611
103.695633
101.04467
100.038742
117.348412
115.469788
105.97226
104.618469
102.756477
101.007149
106.479149
106.436615
106.433044
104.992973
103.152374
109.446136
117.874931
189.492554
180.276291
220.073898
686.691528
962.642456
596.850403
204.781403
105.913742
107.075989
103.95768
103.02491
100.936188
100.128922
100.127831
100.126625
100.124817
100.122467
100.119843
100.152931
100.314377
110.034363
111.35141
104.135559
100.262779
60.0350952
60.0159149
60.7677116
61.9792137
63.0949097
85.0913391
93.4844055
80.5617905
66.3187637
61.0994034
70.562149
66.8159027
62.0869408
132.425018
160.558365
196.599426
233.860657
237.880341
323.512512
271.706116
166.128052
92.3475494
69.9858093
162.656693
403.892975
330.399292
135.222931
66.7643509
63.5317421
61.4444046
100.194008
112.566429
131.174973
121.219772
105.23452
100.057259
102.614891
102.928116
101.093277
100.959999
100.859718
100.277481
100.121758
100.067802
100.047005
100.04026
122.930748
133.680374
125.713417
110.266693
101.870102
100.130203
115.055344
119.200058
109.997849
102.153839
109.237221
266.88269
325.564819
224.899963
130.714325
102.68187
100.236008
100.018723
101.84964
102.473495
100.650681
100.015907
100.014931
100.013336
100.012108
107.268562
106.226868
101.595398
100.006645
100.023094
102.844177
102.995728
110.739014
152.132935
195.044403
177.462952
193.498322
215.29834
164.512253
131.483673
151.323151
214.654984
205.139038
144.236908
194.963287
174.235977
61.7277908
40.5641708
41.0036125
40.8239632
40.4140053
40.1120605
40.1116257
40.1111565
40.1104355
40.1099281
84.2134094
221.590546
599.636841
480.057129
254.330078
277.846344
200.047729
82.1381302
40.1797409
40.184967
40.1878128
40.1895638
40.190731
289.570221
251.418549
116.628014
55.580864
46.7329102
68.0557632
66.6779633
113.016975
104.378967
102.991959
102.535332
151.4375
140.155807
155.512573
135.471512
109.127731
100.210861
153.551468
243.761871
251.880402
169.644165
112.17804
100.213875
100.214714
100.215485
110.30146
134.88768
123.144287
105.02301
172.150055
252.564545
199.410889
213.559875
227.106384
166.759537
180.121887
155.890793
116.39106
100.961571
100.514671
100.224922
100.21669
114.659195
106.239639
101.871582
162.705582
191.145462
287.475525
228.501617
134.978317
100.863388
100.235031
100.125908
100.125908
100.121735
100.10347
100.092262
100.087074
100.566582
100.10257
100.08284
143.934235
172.814331
136.94989
107.978493
106.322639
102.70285
100.870178
49.9965401
49.9832001
49.9743843
49.9658585
49.9576149
49.9497757
49.9755096
132.81601
331.656464
288.303772
126.155525
57.4872017
84.1638336
845.484924
979.331299
469.325317
118.695
50.0019073
50.4822083
100.003487
99.9608841
49.9144592
49.9122696
49.9137726
49.9157867
49.9183426
49.9213715
49.9247856
49.9286079
49.9328003
107.973526
267.895172
556.259216
534.485779
279.582916
129.812515
100.057678
100.038208
101.010658
100.158592
100.11129
100.068802
100.073463
100.079857
100.08567
100.09063
100.09565
100.101166
100.105659
100.110008
100.113174
100.115562
100.124191
100.125786
100.1203
100.122612
100.123985
100.12822
100.128929
100.130638
100.138954
100.095932
50.1033478
50.1314735
50.136734
50.124382
60.9874611
54.0008774
51.4471855
53.9300461
51.2085648
56.0358925
60.6048813
65.3898163
65.8506393
68.0817795
57.1367798
51.9986725
50.1329193
50.1321144
53.7990608
51.2559662
50.6091156
50.1285019
50.1276436
50.4064178
50.1256523
56.949173
52.5381775
57.6322174
110.332504
107.862663
110.235741
124.894302
115.163483
104.605476
117.569618
123.338943
135.045212
117.715523
105.31765
100.005585
102.658585
102.743095
50.7750549
50.1759605
49.9994926
51.0702553
50.0851593
50.0196114
50.0169525
57.6643372
53.2536316
51.2375488
51.2636108
94.6577759
117.659294
205.22171
286.12265
271.133423
147.672195
101.833473
80.3604431
80.092659
80.0932312
80.0932617
80.0928726
80.0925293
80.8758621
80.091774
80.0910873
80.0904236
80.0896606
80.0886459
80.0873566
80.0856705
80.0843277
80.0825882
80.0810699
80.0795593
80.0778885
80.0764008
80.075119
161.386505
237.120483
216.986481
152.20108
369.888672
387.766754
299.465393
188.73526
143.545761
105.865517
100.410728
100.67968
100.2733
100.107262
100.107162
101.542366
102.31736
100.82283
100.131752
100.103111
100.10202
100.100914
100.099495
100.098343
100.097031
100.095474
100.094063
100.092163
100.090225
100.08812
103.34005
156.346634
165.357254
156.278351
131.577454
108.451485
147.135803
320.455505
422.314636
255.877411
111.933861
64.790123
60.5806198
60.0258255
60.3510742
60.5446091
60.2106514
66.9848862
111.544556
135.019989
113.377205
77.4717255
62.887619
60.0060463
60.0050316
60.0037498
60.0024567
60.0011597
60.7547684
60.3101997
60.0945625
60.0102272
60.0730209
60.0175858
60.0066261
59.9884148
59.986927
60.0602875
60.4046135
82.2124863
100.233162
89.5951614
75.0212173
70.0005569
123.8881
113.299019
82.9829941
69.9763336
75.1394806
74.2276764
71.8723297
82.8575897
79.9742508
72.9350662
250.21756
227.299835
553.540955
618.248413
667.904053
419.787781
182.770416
230.209503
199.62178
111.035545
74.1262054
72.4900131
70.6073303
75.1047668
74.4498215
90.6090393
353.384705
584.833984
531.854126
534.37561
344.915039
162.939499
100.148849
100.167732
144.997498
137.958374
111.222618
107.603241
122.975113
115.843513
114.58889
109.626862
102.582703
100.148193
100.147659
100.164619
100.146072
100.145317
125.59935
193.804413
166.908279
117.455017
119.105904
224.592514
529.666931
478.053467
241.606567
56.817997
40.238327
92.6088715
133.855377
95.6102753
112.081253
140.168289
155.437729
116.446266
65.8690414
43.4253006
55.9606247
61.0281754
50.1131706
42.0230522
40.2405243
40.2404251
40.2403679
40.2402687
40.2401123
40.2400551
40.2399559
40.2396774
40.2393646
40.2391739
40.2388954
40.2384491
40.238121
46.138546
45.6993942
102.861343
100.640182
100.308456
100.235481
100.270737
100.245651
100.233643
100.233147
100.232552
101.801727
103.6754
102.325867
100.41732
100.229111
100.582199
100.340263
100.227089
100.226357
102.03244
103.582756
101.976166
140.096252
138.784012
116.520355
186.831177
263.897034
413.548279
407.350922
233.769089
120.485947
100.231903
100.225571
100.220161
100.222481
100.232132
100.195999
100.207062
100.196381
100.185745
100.193497
174.786316
344.721893
463.918701
371.888367
194.736893
114.118538
100.143028
100.248512
100.128647
100.097725
100.094193
143.370911
242.514084
367.7453
358.372253
227.477768
127.680466
102.225609
99.9985733
99.9596405
99.9762573
55.0659065
52.6241684
147.132263
598.741333
494.00589
182.296631
52.281498
53.1002617
50.0334587
49.9992943
49.9631615
49.9261131
49.922287
49.9190636
49.9164848
50.8984871
49.9669685
49.9211197
49.9102859
49.9098167
49.9097061
49.9098969
49.9104347
49.9493484
49.9879303
78.204277
99.6730042
74.7315216
57.2421417
49.9794579
99.9906998
174.231232
191.861877
138.992722
106.830338
100.01342
123.285927
111.070366
53.4876556
50.003315
50.007576
50.0121307
50.0168381
50.0376472
50.0324402
50.0295601
50.0326996
50.0366974
50.0401611
60.5233192
53.3950462
51.15662
50.0521812
50.054039
50.0586586
50.0646019
50.0614624
50.0568314
50.0619774
50.0756149
50.0644302
50.1485748
50.0682449
50.077877
50.0861435
50.0904999
50.0937691
50.0931244
54.4117508
51.239193
50.534008
50.0906944
50.0900764
50.0893707
50.0888214
50.0881996
50.0873566
50.0869293
50.0861053
50.0853882
50.0848045
50.0841751
50.0832939
50.0826073
50.0817299
50.0808945
50.0802727
50.0792694
50.0785713
50.0776711
49.9653015
56.0166626
54.4847488
51.5465088
50.2572136
49.9842796
49.9595985
49.959404
140.281616
123.520035
72.9205093
49.9606857
49.9605255
49.9603653
49.9601746
49.9598846
49.9602776
49.9824104
49.9602242
90.4068832
79.3709488
59.491848
49.9599075
49.9597435
49.9601631
60.7636147
55.6718826
51.9648933
51.9016228
50.5159035
50.2096481
80.0630264
80.0626144
80.0622482
81.5227356
80.2963028
80.150856
80.1272888
89.3869781
118.631439
202.501022
396.935211
494.634888
400.187012
219.639038
118.71524
86.6217804
81.9779968
80.0869827
80.0881805
80.088501
103.562744
96.0910873
85.6424255
80.0870132
80.0857773
81.4923859
80.1203308
80.0824585
80.0810928
80.080246
100.079193
100.077797
100.076271
144.857895
141.519516
112.78878
100.095871
100.070435
100.069183
100.067566
100.065956
100.064217
100.063156
103.457932
149.795563
169.175186
136.876389
171.871872
264.942932
276.137207
256.988739
249.081207
205.156998
141.205978
106.706154
100.072197
147.64209
722.645264
1094.48926
841.315186
398.888916
127.786034
65.8147659
60.5155487
60.1309891
60.116375
60.1156311
60.1147232
60.1136398
60.1283646
60.1265526
113.034882
98.4141235
71.7071075
60.1026611
60.1678505
60.1060677
77.1248932
69.3157806
62.9164391
60.0874901
60.0844879
60.0818634
100.943634
86.9337769
68.2433395
62.4332275
255.602875
217.187073
110.385376
62.0132828
149.918762
302.899353
307.77655
322.697998
208.206818
105.348778
70.0837021
70.0871887
70.1042404
70.0888443
70.0885468
70.0878448
70.0865555
70.084816
70.0834427
71.2344666
71.3136826
70.4593506
97.9354095
91.7737045
76.3618469
70.0691528
70.0827179
70.0643921
70.0621414
70.0595093
70.0572968
70.0711975
70.0524063
70.0497971
70.0476151
101.256821
101.791756
100.487885
100.038322
100.036575
114.895355
111.186195
103.619865
104.205635
103.323189
100.816582
64.8539505
148.793991
175.189545
112.460625
62.5074081
50.0140686
50.0125542
52.1712875
86.7356644
87.4085236
65.8161926
59.4598427
56.1135139
51.5665321
50.0013084
94.6996536
86.4598083
181.140137
146.839478
79.8362274
40.8280907
40.0928345
40.092186
40.0913696
40.0906448
40.0896873
40.0886688
40.087677
40.0866203
81.8327026
73.4185333
50.8669395
40.9183846
51.5305099
205.076691
216.272186
114.118118
51.1116409
40.4558907
40.0842323
40.1534348
40.4225807
40.2677193
40.6814346
40.7282906
40.3740234
40.0839882
40.0832672
40.0827408
40.0821342
40.0816841
40.0809059
40.0803986
41.0710678
42.4886169
41.7249146
40.2294083
40.0767441
55.8599892
77.45401
71.609314
51.9716034
41.3639679
40.0730972
40.0725899
40.071888
40.071106
40.0704613
40.0699539
40.0694885
40.0688629
44.5138168
46.4591713
43.1701126
40.3231964
40.0660896
40.2708778
42.427433
42.3371544
40.2782707
40.0534477
22747.8262
100.059853
126.157883
178.05751
154.42572
114.203392
100.005554
100.0009
100.000481
99.987381
102.491104
101.113159
100.373985
99.9499817
99.941597
99.9319763
100.749168
100.170517
100.039749
99.9133606
99.908577
99.8947296
99.855011
99.8422928
110.308105
105.055046
101.357903
99.7722168
99.7888718
99.7785797
49.7946243
49.8337708
49.8275948
50.5467377
56.6696243
58.7831993
73.8045883
82.5310974
123.566299
97.1329956
62.965271
49.7039223
49.6989288
49.6945038
49.690136
49.6855049
49.6826096
49.7222404
49.722332
49.679863
49.7141609
49.713131
49.6729736
49.6707268
49.708416
49.7455673
49.7097855
49.6740494
49.6755753
54.1245613
51.1679459
50.1973763
62.5259132
125.13002
162.559692
109.768265
63.1116905
49.8416519
49.8177719
49.8193893
49.8247452
49.8043289
49.807251
49.8145142
49.8417702
49.8497543
49.8398895
49.8467407
49.8565254
49.8667984
49.8776779
49.8892479
49.9022751
49.9243469
49.9446602
49.9451981
49.9475555
50.8524704
50.142643
50.0652962
49.9828835
49.9904747
49.9895439
50.0141983
50.0198708
50.0101357
50.042038
50.0454369
50.0483437
50.0490608
50.0490608
50.0489044
50.0489044
50.048748
50.0485916
50.0485916
50.0484352
50.0482788
50.0481224
50.047966
50.0478096
50.0478096
50.0476532
50.0474968
50.0473404
50.047184
50.0470276
50.0467148
50.0465584
50.046402
49.9329758
49.933239
49.9333458
49.9335823
49.9337311
49.9337883
49.9335747
49.9332695
49.9324303
49.9313087
49.9313469
49.9315948
49.9318466
49.931942
49.9321938
49.9324493
49.9325485
49.9327736
49.9329681
49.9329453
49.9333382
49.934288
68.9205475
65.0487518
54.9974899
50.2571259
49.9376945
49.9598541
49.9898186
49.9372253
49.937458
29.3376122
104.383003
104.822823
100.043587
100.043274
100.042961
100.131454
100.042336
100.041924
100.041405
80.0410919
80.0406418
80.0401535
80.0398407
80.0393753
80.0390625
80.0385895
80.0382767
80.0379639
80.3348846
80.0404663
80.0368729
80.0365601
80.5641937
94.2560196
93.9305649
85.5539169
80.6313095
172.385773
168.087753
127.397873
100.033127
100.032654
101.995285
102.486259
100.733627
100.031265
100.030937
100.059746
100.039551
100.029839
100.029526
103.328552
181.647888
254.000763
235.687683
160.782944
111.465363
100.029358
100.029205
108.343536
178.831741
197.792709
145.504318
107.026382
100.035934
106.500038
107.60701
102.256241
100.029373
100.02906
59.9418297
73.8947296
94.7155457
191.329269
270.865417
202.004242
167.821747
287.766296
396.379517
273.992065
115.809273
62.9001579
59.9883003
73.0393982
102.460167
100.158295
107.513962
87.0382843
67.5350876
173.54184
214.937225
135.50322
73.659584
60.0734253
105.707657
159.698578
224.237595
344.256104
331.700989
180.370682
91.793808
93.0679703
92.1602936
81.6841812
97.7082748
93.0759506
76.5414276
70.1599197
70.0737991
73.500206
78.3808365
83.7464447
161.318451
163.752747
265.327148
240.091461
182.365738
217.639313
297.969055
212.718399
104.738312
70.0852051
70.104866
70.091011
132.739685
146.211685
234.703293
294.936005
265.188995
159.913239
90.0851746
228.200745
259.173615
176.995499
115.357864
101.676582
101.642105
100.840416
100.587708
100.231148
100.126801
132.524979
217.474762
214.723511
382.518616
289.716888
153.357803
103.438141
104.4245
174.882843
196.460251
153.009811
124.238129
110.303345
143.726089
138.829788
114.86161
104.166222
103.236282
101.730392
123.103226
117.603874
118.682663
129.710587
95.7227097
58.4897308
43.6821327
40.3016243
152.737823
150.949631
108.146454
65.8526917
47.4117928
43.721035
45.525547
43.1492043
41.0280724
41.1819153
41.4304047
64.6523438
60.2718506
46.9932137
44.2534142
96.740921
87.2246628
54.0802383
40.22052
45.5879822
107.658371
105.076256
63.9821815
50.8237915
107.831772
109.8908
105.707306
150.371384
190.553711
168.129669
146.668335
161.277222
318.763611
353.118713
270.973572
217.380188
158.340912
112.407486
100.298264
100.71402
103.526787
103.593033
100.550781
100.549767
100.329315
100.22673
100.226791
101.181625
73.7189713
68.4504395
58.553997
97.8810272
84.1808929
93.7901611
