0.0
0.0
0.0
0.0
0.0
0.0
0.0
0.0
0.0
0.0
0.0
0.0
0.0
0.0
0.0
0.0
0.0
0.0
0.0
0.0
0.0
0.0
0.0
0.0
0.0
0.0
0.0
0.0
0.0
0.0
0.0
0.0
0.0
0.0
0.0
0.0
0.0
0.0
0.0
0.0
0.0
0.0
0.0
0.0
0.0
0.00162890437
0.00327999145
0.00327999145
0.00327999145
0.00327999145
0.00327999145
0.00327999145
0.00327999145
0.00327999145
0.00327999145
0.00327999145
0.00327999145
0.00327999145
0.00327999145
0.00327999145
0.0
0.0
0.0
0.0
0.0
0.0
0.0
0.0
0.0
0.0
0.0
0.0
0.0
0.0
0.0
0.0
0.0
0.0
0.0
0.0
0.0
0.0
0.0
0.0
0.0
0.0
0.0
0.0
0.0
0.0
0.0
0.00327999145
0.00327999145
0.343295664
52.3035431
86.8440552
106.790009
70.6573563
24.4053612
10.0017195
4.08597708
0.00327981496
0.00327999145
0.00327999145
0.00327999145
0.00327999145
0.00327999145
0.00327999145
0.00327999145
5.24150276
16.3888206
11.1869507
3.40541625
0.00327999215
0.00327999145
0.00327999145
0.00327999145
0.00327999145
0.00327999145
2.45390153
1.75802124
0.775345206
0.36639452
0.109556198
0.00327999145
18.168642
13.0465937
10.0017195
1.17066765
0.00327990297
0.0144095533
0.0068156356
0.00327999145
0.00327999145
0.00327999145
0.00327999145
0.00327999145
0.369274855
0.80770272
0.232194155
0.146854207
0.520377994
0.154127881
0.376969457
0.810880065
1.20758593
1.40679717
3.43371987
3.58317494
14.2754364
12.2874107
6.40228939
0.0
0.0
45.6741104
54.3879776
30.7324429
31.3226032
13.5854311
9.93140984
26.9311771
57.653038
47.7017899
31.2480946
13.4288101
10.164443
1.89059138
0.0
0.0
0.0
48.178463
168.173492
179.984528
35462.4688
154.656403
152.832321
150.049316
117.617973
101.461334
99.9241104
99.9245911
99.9253311
100.066719
100.231247
100.950615
105.835983
110.68898
120.471008
163.399734
147.769882
113.030388
99.9247742
99.9248505
99.924881
99.924942
99.9249802
99.9253616
99.9421616
100.011124
108.143944
107.119644
101.9347
100.370926
181.710236
230.201385
216.595032
182.876907
160.176239
141.588135
122.210457
107.053024
101.404694
100.373085
100.018738
100.750481
101.24868
100.271599
99.9306183
99.9304276
99.9307327
114.126656
163.571564
203.439697
175.408524
273.644958
271.345581
217.100769
192.19635
160.423218
120.858574
112.194267
110.199875
103.810234
100.458382
100.173607
100.091537
123.627151
123.572586
106.626244
101.460297
102.203156
100.544449
99.9800568
99.9610214
100.056877
40.0565987
42.8922386
42.3992271
51.0074921
52.3836288
47.6548157
63.2959595
138.311859
278.583588
272.518005
140.848679
56.7304916
165.248489
204.935974
129.386154
64.5212173
58.8079033
54.822422
44.7755127
40.0919456
40.0928993
40.0935593
40.0938301
43.2504807
182.813904
209.882141
110.979218
56.633606
47.3949013
42.4296837
100.104965
100.106003
100.106331
100.106598
100.106911
100.722588
143.161987
140.802078
111.442757
124.614304
130.617752
122.91227
110.787338
101.994652
203.5578
201.837433
130.647705
102.759903
101.284012
100.20768
100.113708
178.945892
227.231979
158.69342
131.747147
246.532532
226.398834
148.820694
107.309036
100.685455
100.186142
100.15583
100.136299
100.13356
100.127655
102.736328
115.932961
236.648911
274.112671
181.200516
115.011909
100.132973
100.108322
100.094917
100.077026
100.069122
220.715057
199.744507
133.020111
293.306061
312.567261
183.958862
110.760513
99.9961395
100.00502
99.9981766
115.560196
187.419113
162.590012
117.336006
99.9720154
50.0196228
49.9850769
53.6680374
85.7993011
188.743393
186.881821
99.8388138
255.753296
199.472183
93.9142075
49.9026337
49.9379234
114.640182
152.435425
184.16452
131.074875
258.184937
390.79425
408.843262
364.516357
228.25296
98.5531693
54.9085236
49.910408
49.9129219
49.9522972
49.9925346
49.9618111
49.9285316
49.9619827
102.486076
180.908569
204.140503
146.524445
189.388702
170.580933
124.161118
102.222214
127.383354
113.179863
108.118668
101.192673
100.560265
100.837799
100.081711
100.069466
100.066711
100.071457
100.075493
100.078979
100.081833
50.0840492
50.0864449
50.089344
50.0925293
50.5065765
50.1060448
50.1025467
50.1062737
50.1088905
50.1103363
50.07127
50.0980949
50.0842667
50.0920334
50.1173592
50.5952682
51.1301231
50.2782631
50.2004204
50.1171188
53.8534203
51.7106133
53.8573112
51.5307503
50.5286865
51.6378365
51.7198181
50.5148773
50.2490616
50.1106911
50.1097336
50.1090317
50.108139
50.1074142
50.1064568
50.1054802
53.1323433
51.4578171
50.6351318
50.0327339
49.991394
49.9905853
49.9897919
49.9889374
49.9880447
49.9871101
49.9860573
49.9851952
51.450119
50.8137016
50.9840088
50.0305901
49.9983864
49.9801025
57.8860016
77.0848083
65.9768219
54.9210281
49.9963531
104.530807
156.512939
112.012772
65.8863831
49.9707565
51.5825119
51.6732597
53.6703262
51.3372574
51.4344635
50.1017075
80.0750122
80.4298706
80.0661011
80.0653534
80.0645752
80.0640182
80.0631943
80.0623932
80.0617294
80.0612106
80.0606384
80.0600128
80.059494
80.0589218
80.0583954
80.0578308
80.0571518
88.0027161
145.375824
163.312057
122.804848
138.299164
388.235229
358.409912
305.140137
205.231537
119.005066
81.2684479
80.0685349
80.069725
100.211548
100.610077
100.232979
100.070557
100.070236
100.352539
101.065559
100.435783
100.090279
100.06749
100.066628
100.065659
100.117767
51.6109734
208.460938
410.703156
473.324799
550.14856
735.905945
530.194092
300.771088
177.816132
123.32357
116.533363
212.406036
265.42276
201.479843
128.558563
103.018921
101.665787
100.554253
60.1098099
60.1248703
123.62413
111.06382
75.5028839
60.1216621
161.525757
306.125488
222.895523
101.766808
60.2085228
60.1104317
60.1261444
60.1257973
60.1252174
60.1242294
99.7524567
265.285828
478.208679
390.022278
203.956314
104.87468
102.627823
351.727081
410.078857
231.424728
150.333267
99.5561447
71.878685
60.1534576
70.1535187
70.1536026
70.1534576
70.1532288
70.1528778
70.1524811
70.151825
70.1509933
70.1500092
70.1487198
70.1474762
70.1459885
70.1599197
70.1426163
70.1408844
70.1388779
70.1525803
75.8949738
74.6238327
71.2857513
70.1286087
70.1263504
174.155945
196.962067
130.750183
81.2194748
73.5890274
92.7244186
110.121849
93.0341797
76.0391922
101.136833
100.457069
53.2953911
50.1418991
50.1022644
50.1004333
50.0983772
50.0966072
50.2212944
50.7407303
50.9674644
50.3025246
109.49897
95.3545227
63.5315514
100.643166
103.214493
193.261078
201.996124
115.559937
109.688232
100.073639
100.0728
104.819878
104.600914
51.2390327
50.0680466
51.2395821
51.9037476
52.4080162
68.9956055
52.8268623
92.7804031
91.6047974
369.174561
309.418976
313.096222
307.774384
238.877319
164.67598
93.0953827
58.7090607
382.392029
646.730225
394.466675
120.836128
40.2279778
40.2305679
40.231926
40.2326813
40.2332039
40.2333374
40.2333374
48.0443039
129.467438
323.489197
311.579163
382.774933
392.24231
256.482727
140.907776
538.546265
606.307617
349.621765
153.013123
183.111572
424.493835
393.788086
199.216751
162.527802
151.550125
112.872444
100.238953
100.238953
100.238953
100.238953
100.238953
100.238953
100.238953
100.238953
100.238953
100.238953
100.238953
123.900887
147.234604
128.066483
105.270576
100.238953
100.238953
100.238953
103.14817
107.681976
102.45697
100.947456
102.675598
101.988319
100.7817
100.277901
100.199326
100.189568
117.315552
109.079712
102.856857
100.695511
100.192505
357.566071
351.718506
175.978378
112.120056
105.693344
101.898476
100.0989
100.093407
100.082603
105.416481
102.878716
101.072151
100.021408
99.9825592
99.9663925
99.956131
114.483604
56.416153
51.9957085
50.0393562
50.0330048
49.9947891
49.9570236
49.9488487
49.9427185
49.9370842
51.2083435
125.657753
110.986115
68.2021027
49.9621468
49.9474983
49.9423714
49.9028015
49.8988304
49.8957024
49.892952
49.8905411
49.8887177
49.8872566
49.8857803
49.8848724
49.8841591
49.8839951
49.8841324
49.8851814
87.6125336
125.529381
108.548637
100.168221
99.9431
99.9436111
99.9711685
129.741348
118.987244
105.883026
99.9758759
99.9556122
99.9561615
99.9580154
99.9596939
99.9617996
99.9649658
99.9686813
99.972641
99.9770126
99.9888916
99.9878616
99.9861908
99.9881973
99.991539
99.9960403
51.0194855
50.1651878
50.0929527
50.0125122
50.0173531
50.0230713
50.02742
50.0358315
50.0450935
50.0558395
50.0406914
50.069294
50.0713768
50.0716438
50.0711937
50.0708275
50.0703964
50.0700264
50.0696182
50.0692825
50.0689545
50.0684052
50.0679169
50.0675697
50.0671959
50.0669441
50.0663567
50.0658493
50.1577263
74.8981781
68.0128174
55.6828003
50.0636597
50.0634537
49.9457474
99.9453354
99.945282
99.9450226
49.9449806
49.944912
49.9446983
49.9446106
49.9444389
49.9444313
49.9442902
49.9426689
49.9397545
49.9391098
49.9389458
49.9386711
49.9384346
49.9381218
49.9380188
49.9379234
49.9378624
49.9390411
50.2959671
49.9458847
49.9636955
49.9379692
49.9385033
53.1419601
53.0445061
51.1672707
50.2127876
50.0516281
80.0510025
80.0503845
80.0496368
80.7468719
80.0649719
80.0477219
80.0468216
80.0461578
80.0455322
80.0449066
80.0441666
93.5785522
89.8721848
160.600769
148.824921
101.475235
80.0403824
80.0398788
80.0392914
83.597374
86.5810852
83.6940384
81.0431061
80.0371857
97.3473206
95.4685364
85.9707413
84.6169128
10.5216265
73.2387238
106.477592
106.435059
106.431641
104.991417
103.150833
109.444572
67.8735275
139.49176
130.274872
170.073273
636.694702
912.642578
546.849548
204.780014
105.912041
107.074173
103.955902
103.023087
100.934143
100.127167
100.126236
100.124908
100.122986
100.12075
100.118263
100.151253
100.312782
110.032776
111.349716
104.134117
100.261391
60.033535
60.0143929
60.7665482
61.9777908
63.0938263
85.0903625
93.4834442
80.5605164
66.3175735
61.0980644
70.5607376
66.8145523
62.0861092
132.4245
160.558411
196.599457
233.860626
237.880188
323.512451
271.706207
166.127289
92.3465424
69.9846115
162.655457
403.898468
330.398743
135.221527
66.7623596
63.5301094
61.442234
70.1917877
82.564888
101.173553
91.217804
75.2326508
70.0551453
72.6126022
72.9262238
71.0914383
70.958046
70.8576355
70.2756119
70.1195984
70.065979
70.0454025
70.0385666
92.930603
103.679634
95.7121048
80.2651138
71.8684235
70.128479
85.0547104
89.198761
79.9964218
72.1524429
79.2362823
236.892181
295.570496
194.899902
100.713249
10.0060167
42.9085312
50.0170631
51.848362
52.4722519
50.6496506
50.0146103
50.0135307
50.0120583
50.0107117
57.2678795
56.2255211
51.5941124
50.005291
50.021431
52.8431625
52.9945717
60.7384109
102.134453
145.047852
127.464012
143.501831
165.301514
114.512115
81.4833908
101.324478
164.658936
155.140762
94.2359161
144.967163
124.235504
61.7266273
40.5627289
41.002327
40.8224754
40.412426
40.1106148
40.1100845
40.1097336
40.1090469
40.1082878
84.2134933
221.594009
599.648743
480.059052
254.332581
277.850891
200.046448
82.1356888
40.1773605
40.182251
40.1851387
40.1870079
40.188015
289.578003
251.417786
116.625923
55.5786743
46.7303123
68.0544281
66.6760025
113.014603
104.376343
102.989281
102.532677
151.437286
140.155273
155.512817
135.47081
109.125252
100.207985
153.551544
240.889679
216.973526
145.001755
112.175659
100.211037
100.212021
100.212364
82.4671402
92.0373764
75.5148239
56.9697838
131.214783
212.865631
152.787109
192.68895
227.110733
166.759857
180.123779
155.890717
116.388641
100.958603
100.511719
100.221924
100.213623
114.657242
106.236862
101.868622
162.706573
191.147797
287.483917
228.50563
134.976852
100.86026
100.232025
100.122833
100.122787
100.118622
100.100456
100.089172
100.083954
100.563728
100.09948
100.079727
143.933975
172.816574
136.949585
107.976006
106.320068
102.699921
100.867096
49.9934158
49.9800758
49.9711609
49.9625816
49.9544334
49.9467697
49.9724426
132.818604
331.671997
288.314697
126.156487
57.4844742
84.1631165
845.522461
979.365662
469.342926
118.696838
49.9987831
50.4790878
50.0003624
49.9577522
49.9113388
49.9091454
49.9106483
49.9126625
49.9152222
49.9182472
49.9216537
49.9253807
49.929615
107.970665
267.899445
556.279358
534.506836
279.591095
129.811249
100.054588
100.035049
101.007568
100.155472
100.108162
100.065445
100.070366
100.076653
100.082527
100.087616
100.092674
100.098099
100.102898
100.107002
100.110283
100.112518
100.121407
100.123413
100.117676
100.120354
100.121643
100.125885
50.1266365
50.1283798
50.1366959
50.0939026
50.1014786
50.1297188
50.134758
50.1224709
60.9857826
53.9990883
51.4453735
53.9282341
51.2066154
56.0340996
60.6034813
65.3886185
65.8494873
68.0809402
57.1350937
51.9967766
50.1310005
50.1301994
53.797287
51.2544022
50.6074715
50.1265869
50.1257515
50.4046402
50.1239281
56.9479408
52.5362015
57.6304741
110.330879
107.861183
110.23452
124.893715
115.162544
104.604065
117.56855
123.337852
135.044876
117.714401
105.316101
100.003731
102.656876
52.7415161
50.7734604
50.1743774
49.9978142
51.0688286
50.0835152
50.0179749
50.0153732
57.6629715
53.2520142
51.2364006
51.2621231
94.6582184
117.660011
205.226257
286.128906
271.138184
147.672714
101.832695
80.3590927
80.091629
80.0916748
80.0916595
80.0916748
80.091423
80.874649
80.0904007
80.089798
80.08918
80.0884323
80.0873947
80.0860825
80.0846786
80.0830383
80.0815353
80.0799103
80.0783157
80.0766144
80.0751572
80.0736237
161.388824
237.1241
216.988342
152.201447
369.897034
387.770996
299.46817
188.735306
143.544449
105.864098
100.409431
100.678291
100.271782
100.105606
100.105797
101.540993
102.315834
100.821396
100.130455
100.10183
100.100548
100.099434
100.098129
100.096825
100.095818
100.094421
100.092567
100.090744
100.088776
100.086845
103.339058
156.347198
165.357056
156.278381
131.576889
108.450226
147.135773
320.45816
422.31781
255.879028
111.933411
64.7890854
60.5795784
60.0245819
60.3495941
60.5432663
60.2092819
66.9836349
111.54454
135.019928
113.377144
77.4708405
62.8865623
60.0047913
60.0036812
60.0024452
60.0012131
60.0000229
60.7536964
60.3089981
60.0933151
60.0093155
60.0723763
60.0167007
60.0055733
59.9871864
59.9858208
60.0591736
60.4032822
7993.9126
130.233154
119.594398
105.019981
99.9991455
153.889664
143.298798
112.98233
99.9752884
105.138664
104.226387
101.870911
112.856812
109.973183
102.933769
280.22406
257.301361
583.556458
648.257812
697.912842
449.788025
212.769089
280.765167
229.61969
174.441971
163.223297
102.487457
100.604988
105.102356
104.447548
120.606949
353.384949
584.83252
531.851746
677.820312
601.451172
391.860687
230.187668
100.164612
144.995728
137.957962
111.220276
107.600105
122.972885
115.841637
114.586655
109.624397
102.579666
100.144905
100.144379
100.161346
100.142807
100.142151
125.597466
193.806213
166.91008
117.453033
119.103569
224.59581
529.684265
478.072266
241.61232
116.81601
100.235199
152.607422
193.856033
155.609711
172.080933
200.169418
215.43924
176.446472
125.866959
103.422325
115.958168
121.026039
110.110489
102.02002
100.237396
100.237289
100.237236
100.237137
100.236984
40.2369308
100.236717
40.2365189
40.2362442
40.2360497
40.235775
40.2353287
100.234993
46.1357765
45.6964455
102.858315
100.637062
100.305336
100.232239
100.267563
100.242516
100.230515
100.229897
100.229408
101.798729
103.672577
102.322922
100.414215
100.226089
100.579247
100.337151
100.223976
100.223251
102.029282
103.579819
101.973053
140.094971
138.783157
116.518036
186.832367
263.901154
413.557434
407.359436
233.772308
120.483971
100.228836
100.222321
100.217003
100.219231
100.228966
100.192749
100.203888
100.193153
100.182587
100.190376
174.788635
344.737122
463.942932
371.906738
194.741104
114.116501
100.1399
100.245384
100.125519
100.094597
100.091064
143.371262
242.523376
367.766144
358.393738
227.487427
127.680305
102.222717
99.9954376
99.9565277
99.9731445
55.063076
52.621315
147.136032
598.776672
494.041565
182.305634
52.2786827
53.0972824
50.0303307
49.9961739
49.9600372
49.9229889
49.9191589
49.9159431
49.9133644
50.8953629
49.9638443
49.9179993
49.9070625
49.9065361
49.9063911
49.9065018
49.9071312
49.9459343
49.9845352
78.2019196
99.6724243
74.730011
107.239494
99.9762955
99.9874496
174.231323
191.863861
138.992325
106.827911
100.010529
123.284042
111.068123
103.484909
100.000557
100.004822
100.009651
100.01429
100.03521
100.030319
100.027313
100.030807
100.034515
100.0383
110.522003
103.393105
101.154739
100.050285
100.052277
100.057106
100.063026
100.060036
100.055428
100.060715
100.074348
100.063072
100.147072
50.0668221
50.0763092
50.0846024
50.0890541
50.0921249
50.0916328
54.4104004
51.2378464
50.5327568
50.0891762
50.0888062
50.0880966
50.0872002
50.0868759
50.0861053
50.085289
50.0846481
50.0841217
50.0834084
50.0826492
50.081852
50.0811691
50.0806007
50.0797005
50.0787659
50.078083
50.0770836
50.0762482
99.9640121
106.015869
104.483498
101.545288
100.255928
99.9831467
99.9585114
99.958168
190.28421
173.520462
122.919647
99.9589844
99.9588318
99.9586487
99.9584579
99.9583969
99.9587555
99.9808197
99.9586792
90.4073181
79.370018
59.490593
49.9583855
49.9581833
49.9587212
60.7625847
55.670166
51.9632912
51.9001007
50.514183
50.2080498
80.0613632
80.060997
80.0606842
81.5212097
80.294487
80.1490936
80.1255722
89.3858795
118.631439
202.504089
396.94281
494.641602
400.190186
219.639313
118.714516
86.6205597
81.9768753
80.0857697
80.0869141
80.0875092
103.562149
96.0898972
85.6411362
80.0856476
80.0845947
81.4913483
80.1190033
80.0813599
80.0802765
80.0789108
100.077972
100.076691
100.075294
144.858078
141.518311
112.787621
100.094925
100.069603
100.06794
100.066391
100.064972
100.063423
100.062157
103.456657
149.795181
169.174438
136.875412
171.871658
264.943176
276.136871
256.988312
249.081238
205.156555
141.205063
106.705109
100.071243
147.642059
722.654785
1094.495
841.316345
398.893951
127.786652
65.8121719
60.5127983
60.128376
60.1137238
60.1130714
60.112011
60.1108093
60.1255379
60.1239662
113.032829
98.4125214
71.7047348
60.1000023
60.1654739
60.103569
77.1226044
69.3132706
62.913681
60.0847969
60.0819473
60.0791092
100.942108
86.9320602
68.2414169
62.431179
255.605087
217.187271
110.383568
62.0111237
149.918518
302.901642
307.777649
322.699341
208.205688
105.346703
70.0812378
70.0846863
70.1016235
70.0867004
70.0860214
70.0849304
70.0839615
70.0823975
70.0806427
71.2320938
71.3115158
70.4568939
97.9336777
91.7713776
76.3594666
70.0668106
70.080513
70.0619659
70.0598831
70.0574417
70.0552673
70.0692825
70.0505371
70.0479279
70.0457382
101.254845
101.790222
100.486343
100.036781
100.034615
114.893898
111.184471
103.618011
54.2037888
53.3215675
50.8151245
64.8529587
148.794998
175.189499
162.459015
112.505905
100.012764
100.011223
102.170097
86.7351532
87.4077148
65.8148193
59.4586945
106.112267
51.5652618
50.0000572
94.6998291
86.4591064
181.143021
196.839142
79.8349228
40.8265114
40.0914307
40.0907631
40.0901184
40.0893364
40.0882378
40.0874443
40.0862274
40.0852928
81.8326721
73.4177475
50.8656616
40.9172974
51.529129
205.080261
216.27536
114.118805
51.1107712
40.4549179
40.0831757
40.1520653
40.4214287
40.2662697
40.68013
40.727005
40.3727722
40.0827408
40.0821724
40.0816269
40.0810966
40.0802803
40.0795555
40.0789719
41.0696411
42.4872475
41.7232132
40.2281036
40.075573
55.859127
77.4540024
71.6089478
51.9705734
41.3625832
40.0719299
40.0713806
40.0706558
40.0700722
40.0694046
40.0688629
40.0682564
40.0676498
44.5127029
46.4579048
43.169136
40.321907
40.065155
40.2696648
42.4263954
42.3361626
40.2769203
40.0522156
6066.78662
100.05867
126.157425
178.05928
154.426468
114.202599
100.004128
99.9994659
99.9992218
99.9861221
102.490013
101.111763
100.372589
99.9486084
99.9401932
99.9304276
100.747742
100.168846
100.038445
99.9121017
99.906929
99.8934021
99.8536301
99.8409119
110.307121
105.053802
101.356415
99.7709198
99.7874908
99.7771912
49.793335
49.8325272
49.8262024
50.5453568
56.6683617
58.7817574
73.803772
82.5307693
123.566948
97.1335068
62.9643555
49.7026405
49.6975632
49.6932182
49.6887703
49.6842232
49.6813545
49.7208405
49.7209702
49.6783371
49.7125816
49.7115707
49.6714134
49.6688995
49.7066612
49.7440033
49.7082291
49.6723747
49.6739845
54.1230049
51.1663857
50.1955452
62.524437
125.129646
162.560272
109.768105
63.1103859
49.8402138
49.8163681
49.8179893
49.8233452
49.8029175
49.805851
49.8129845
49.84021
49.8481941
49.8383331
49.8451843
49.854969
49.8652382
49.8761215
49.8876839
49.9007149
49.9227905
49.9431038
49.9436378
49.9458771
50.8509102
50.1409264
50.0635796
49.9811668
49.9887581
49.9878273
50.0124817
50.0179977
50.008419
50.0403252
50.0437202
50.046627
50.0473442
50.0473442
50.0471878
50.0471878
50.0470314
50.046875
50.0467186
50.0467186
50.0465622
50.0464058
50.0462494
50.046093
50.0459366
50.0459366
50.0457802
50.0456238
50.0454674
50.045311
50.0451546
50.0448418
50.0446854
49.931263
49.9315224
49.931633
49.9318657
49.9320145
49.9320717
49.9320145
49.9315529
49.9307175
49.9295921
49.9296303
49.9298782
49.93013
49.9302254
49.9304771
49.9307327
49.9308319
49.931057
49.9312515
49.9313469
49.931778
49.9328842
68.9199219
65.0473404
54.9960785
50.255722
49.9361343
49.9582977
49.9882584
49.9358215
49.9358978
29.3376102
84.3808212
84.8214111
80.0421829
80.0418701
80.0414047
80.1298981
80.0407791
80.0404663
80.0401535
80.0396805
80.0393677
80.0390549
80.0385895
80.0382767
80.0379639
80.0374908
80.037178
80.0368652
80.3336258
80.0393677
80.0357742
80.0354614
80.5630951
24.2321301
83.9527283
85.5528259
10.0204821
162.995667
168.086929
77.3970871
50.0323334
100.032021
51.9946556
52.4856453
50.7330017
50.0306168
50.030304
50.0591164
50.0389366
50.0293655
50.0290527
53.327919
131.648056
204.00061
185.687256
110.782036
61.4644699
50.0282707
50.0283699
58.3426018
128.832062
147.79213
95.50354
57.0257034
50.0355911
56.4997597
57.6062775
52.2555199
50.0285416
50.0280342
59.9406967
73.8941879
94.71521
191.330658
270.867065
202.004654
167.82251
287.768005
396.380981
273.992157
115.80838
62.8992424
59.9874611
73.0382233
102.458817
100.157013
107.512932
87.0373688
67.5337753
173.540985
214.93692
135.502335
73.6586838
60.072403
105.706589
159.697632
224.236649
344.255554
331.699707
180.369034
21.7921314
93.0667419
92.1582031
81.6821289
97.7069855
93.0740662
76.5397949
70.1577377
70.0718689
73.4986725
78.3794708
83.745018
161.319153
163.751663
265.330353
240.090027
182.365341
217.640259
297.97052
212.716644
104.73613
70.0827026
70.1023712
70.0885315
132.739502
146.210281
234.706635
294.938354
265.189606
159.911041
90.0824432
228.203842
259.173615
176.992981
115.35495
101.673729
101.639282
100.837486
100.58474
100.228279
100.123886
132.523697
217.476715
214.722809
382.528076
289.715057
153.354889
103.435326
104.421669
174.882492
196.460556
153.008453
124.235886
110.300667
143.724823
138.828293
114.859093
104.163284
103.233299
101.72757
123.101089
117.601761
118.683228
129.711472
95.7223282
58.4877663
43.67939
40.2986565
152.739334
150.951172
108.146301
65.8509827
47.4090462
43.7183685
45.5230484
43.1464691
41.0252571
41.1791267
41.4276924
64.65065
60.270153
46.9905663
44.2505035
96.7405624
87.2245102
54.078064
40.2175522
45.5850372
107.658432
105.076965
63.9804535
50.821743
107.829422
109.888466
105.704872
150.370911
190.555389
168.130035
146.66774
161.277405
318.770325
353.127136
270.978088
217.382507
158.340347
112.405106
100.295456
100.711105
103.523926
103.59024
100.547714
100.546753
100.326347
100.22377
100.223808
101.178535
131.581329
128.449142
118.552422
157.881485
144.180191
153.790466
