0.0
0.0
0.0
0.0
0.0
0.0
0.0
0.0
0.0
0.0
0.0
0.0
0.0
0.0
0.0
0.0
0.0
0.0
0.0
0.0
0.0
0.0
0.0
0.0
0.0
0.0
0.0
0.0
0.0
0.0
0.0
0.0
0.0
0.0
0.0
0.0
0.0
0.0
0.0
0.0
0.0
0.0
0.0
0.0
0.0
0.0
0.0
0.0
0.0
0.0
0.0
0.0
0.0
0.0
0.0
0.0
0.0
0.0
0.0
0.0
0.0
0.0
0.0
0.0
0.0
0.0
0.0
0.0
0.0
0.0
0.0
0.0
0.0
0.0
0.0
0.0
0.0
0.0
0.0
0.0
0.0
0.0
0.0
0.0
0.0
0.0
0.0
0.0
0.0
0.0
0.0
0.0
0.0
0.0764750317
62.9876404
160.828964
238.990143
169.875092
56.9794464
9.99953461
8.07729912
0.00625148648
0.00647113053
0.00663487986
0.00667982223
0.00668711402
0.00669372687
0.00669972459
0.00688928505
9.09985256
30.7830486
13.7273312
10.0008097
4.07587624
0.00797886308
0.00804119371
0.00804656651
0.00850435439
0.00861223415
4.90742159
3.55307126
1.57355618
0.725721657
0.223844633
0.00955684669
41.1443558
30.8370419
12.7354183
10.0015173
0.434238821
0.0371138752
0.0173508283
0.00895673875
0.0089499047
0.00894169975
0.00893249363
0.00911961868
0.811723828
1.70966029
0.502469361
0.322222054
1.0859921
0.330864996
0.781428516
1.65680075
2.41296768
2.84844851
6.71637917
7.23509502
30.4180183
21.4209175
10.016861
237793.25
100.143791
228.125671
280.565308
185.571518
165.155518
141.120331
112.432869
149.886566
245.937378
229.66153
168.449585
123.719528
106.272064
100.454102
100.03891
100.038918
100.038773
198.757812
521.798401
529.907532
267.054047
125.784653
196.221375
183.445602
129.149048
102.422676
100.05722
100.055885
100.054733
100.227379
100.474236
101.527122
108.69326
116.782089
133.645966
218.496277
200.108551
127.597473
100.054947
100.054794
100.054214
100.053566
100.05275
100.052277
100.050941
100.158127
112.909317
112.534454
103.570923
100.765701
270.585571
385.51062
344.287354
258.249176
204.692902
169.065491
136.26268
111.430428
102.221512
100.683395
100.191986
101.205696
102.035973
100.58548
100.065887
100.064796
100.064011
120.648529
211.521484
296.483276
247.902878
424.567993
427.87262
293.68634
232.533676
185.880936
129.064896
115.500778
112.997177
104.987556
100.700195
100.354897
100.228264
131.516357
132.314026
109.296555
102.092766
103.119064
100.879784
100.08474
100.083824
100.083481
40.0820503
43.7637062
43.3220787
55.4011993
58.4608536
51.8579254
77.3742218
223.823242
511.482147
484.862183
219.150497
65.6018295
292.961334
350.42804
228.81366
132.245605
122.891205
118.273438
105.894058
100.091461
100.089699
100.087921
100.086166
103.808937
342.081238
384.837708
154.32608
121.685753
109.046005
102.948524
100.087845
100.08638
100.084953
100.083557
100.081871
100.818466
158.892471
157.765961
115.983208
134.503555
144.30014
132.77066
115.503281
102.818825
270.014832
272.264465
151.346542
103.319427
101.513039
100.198608
100.082428
244.850861
392.299774
289.106506
227.843719
300.117126
273.679138
165.979034
109.137825
100.699867
100.152145
100.103783
100.102943
100.10199
100.101387
102.509705
117.143486
297.490173
356.569641
221.905624
121.352783
100.149185
100.131805
100.109291
100.108543
100.108009
256.557465
247.919907
147.758163
359.453552
405.679291
221.055328
113.902412
100.126083
100.125923
100.125008
113.545792
192.666992
177.143738
122.689026
100.128067
50.1267166
50.1243057
52.9645348
84.6297684
219.55899
231.833984
121.317619
355.973602
328.939362
169.453537
100.121681
100.119789
162.879684
216.347382
258.698181
205.710266
345.606323
532.815186
552.921875
590.9375
573.021301
349.953644
185.085953
100.137207
100.134567
100.132103
100.129387
100.12677
100.1241
100.121506
101.551338
178.94873
218.854874
157.761612
211.301651
193.321732
131.594025
102.688133
130.47171
115.742386
108.618645
101.44751
100.69902
100.690933
100.10537
100.099937
100.092964
100.091393
100.089874
100.088287
100.08696
100.085716
100.084465
100.083344
100.082092
100.334457
100.080025
100.079178
100.078026
100.077339
100.076653
100.073166
100.072945
100.071953
100.071671
100.070396
100.387444
100.756042
100.261292
100.165359
100.067596
103.131691
101.722763
103.452103
51.6275978
50.6155701
51.3238564
51.5509644
50.6380463
50.2593155
50.0618591
50.0613556
50.06353
50.0628357
50.0614815
50.0613098
50.0590324
52.9071846
51.6877289
50.9042778
100.116882
100.055977
100.055702
100.055275
100.055084
100.054916
100.054665
100.054436
100.054131
101.440224
100.917183
101.055496
100.13002
100.080124
100.052681
108.306839
135.285858
122.568535
107.462433
100.055786
145.793213
272.617493
204.432297
91.4451065
100.067322
101.728249
102.005547
104.579681
52.6158867
51.9607735
92.8610916
80.0752792
80.35672
80.0621109
80.0579453
80.0567703
80.0554962
80.0546036
80.0535736
80.0528107
80.0522003
80.0518646
80.0526199
80.0556564
80.0543747
80.0503998
80.0538483
80.0536652
91.8798065
223.437485
283.083496
191.754593
207.179321
804.011597
778.870483
494.058044
279.593323
141.412048
81.6147614
80.0767136
80.0742569
100.244621
100.744789
100.265945
100.066841
100.06543
100.422478
101.350906
100.518066
100.086441
100.059021
100.05777
100.057259
100.119759
101.962669
422.713135
839.577637
876.206177
886.131775
1027.62402
722.46814
357.159851
195.097778
128.668991
117.058716
238.356293
319.318542
238.362778
137.73616
103.509842
101.720444
100.566422
60.0948257
60.0925217
137.09523
128.144775
80.6218491
60.0865326
199.310974
428.046509
329.802643
129.690445
60.2132149
60.0885391
60.0862389
60.083683
60.0816765
60.079277
103.30645
359.188049
699.6875
580.093628
263.501831
112.468964
105.67128
439.192352
547.861938
298.677765
194.51712
273.390137
318.109192
110.744629
100.097328
100.095482
100.09375
100.092155
100.090042
100.088264
100.086884
100.085266
100.083565
100.081917
100.080551
100.079292
100.078171
100.076637
100.075378
100.074707
100.07373
105.448082
104.95694
101.320435
100.070297
100.069252
226.931686
287.712646
204.232925
120.510628
104.559944
126.754662
152.799683
135.820038
109.296494
101.576454
100.555801
100.215424
100.104706
100.073448
100.072693
100.072121
100.071655
100.209572
100.886719
101.243004
100.363167
172.469742
174.272476
122.189522
100.958603
104.160645
318.013855
374.993591
220.86203
116.238991
100.083267
100.082657
105.247879
105.905029
101.592041
100.08017
101.53714
102.430557
102.950516
119.802368
57.6187515
105.080933
116.801247
585.208679
576.671997
441.6651
397.349792
292.974335
185.955399
166.015259
120.493393
550.602234
950.151184
622.526184
783.664673
579.579163
559.551636
172.497131
100.109955
100.107903
100.105957
100.104103
105.632889
184.699371
436.560028
445.332703
488.701111
641.194153
621.895813
610.682068
962.537537
810.120239
656.130798
633.331299
655.335266
580.435181
362.622772
331.918121
345.505219
328.974243
142.059723
100.14753
100.146439
100.145187
100.143829
100.142433
100.1409
100.139473
100.138046
100.136894
100.135429
100.13446
116.440414
135.05246
121.994965
104.165672
100.129692
100.128738
100.127777
102.213562
105.702545
101.829468
100.681854
102.016701
101.516701
100.566513
100.176491
100.118782
100.117943
113.977867
107.378273
102.374817
100.574448
100.136032
425.507263
417.216156
196.121338
109.94101
104.644585
101.596893
100.121239
100.120575
100.120209
104.183723
102.252792
100.897629
100.117615
100.115692
100.114769
100.114067
111.586411
55.1113205
51.6597748
50.1082306
50.1056709
50.1031876
50.1005135
50.0981445
50.0956535
50.0935364
51.0874176
133.218872
117.306465
70.3047104
50.0862007
50.0844383
50.0829391
50.0809479
50.079155
50.0777283
50.0761681
50.0748787
50.0735168
50.0724297
50.0714188
50.0703163
50.0694847
50.0680618
50.0672379
50.0663605
95.3997345
133.227905
111.290176
100.397728
100.064194
100.063721
100.063332
142.139923
130.074463
109.358177
100.062798
100.062531
100.062141
100.061691
100.061081
100.060883
100.060455
100.060127
100.059624
100.059227
100.058601
100.058388
100.05748
100.057083
100.056656
100.056259
100.954689
100.297005
100.190079
100.054611
100.054413
100.05394
100.050774
50.0505943
50.0505447
50.0502663
50.0509109
50.050724
50.0497131
50.0494614
50.0494385
50.0494804
50.0490837
50.048912
50.0486259
50.048336
50.0479698
50.0477676
50.0475273
50.0471802
50.0469933
50.0467949
50.0465965
50.0464897
50.1394882
81.9400711
74.0816498
57.8518372
50.0482941
50.0481071
50.044487
100.044434
100.044441
100.044319
100.044128
100.044136
100.044144
100.043991
50.0439987
50.0440025
50.0439911
50.0436325
50.0432396
50.0430069
50.0429878
50.0429764
50.0428009
50.0427856
50.042614
50.0428391
50.0423584
50.0424957
50.4708519
50.0559158
50.0449867
50.0447083
50.042141
54.0347061
54.0313721
51.6052322
50.4046898
50.0423508
80.0417938
80.0413895
80.0411835
81.0112915
80.0698853
80.0394516
80.0386276
80.042511
80.042099
80.0391922
80.0386124
97.4091034
91.302063
264.706421
233.571136
129.669098
80.0504913
80.0496826
80.048378
86.7679596
93.2790451
87.9487686
82.231369
80.0469131
117.911484
116.049774
94.1589813
90.0861816
86.5684204
82.3650589
114.505836
115.194603
114.889053
112.065788
57.5414886
72.170845
94.1435547
303.337158
290.512878
343.756378
1307.75623
1728.32263
937.223328
256.097839
106.498322
107.848656
104.41568
103.443657
101.012032
100.070847
100.069077
100.066711
100.064842
100.063019
100.061287
100.101318
100.292343
111.85585
113.700798
104.999336
100.347839
60.0526581
60.0501518
60.9799347
62.5387726
64.0471344
96.1703186
111.365868
93.3630524
70.8307877
61.9402924
77.5649643
71.5511398
63.6024971
206.344543
256.043732
319.994873
379.286346
363.879089
486.273224
402.864349
214.365326
101.004013
72.3694916
207.527695
609.418701
514.525818
186.841568
67.5834198
63.972374
61.6258087
70.2375641
84.0770111
107.490715
97.3538589
76.7983932
70.0759811
73.2834473
73.732132
71.4222946
71.2095261
71.0948563
70.3698502
70.1449051
70.0974655
70.072464
70.0646667
97.9876709
116.544037
108.096367
86.3383713
73.0273743
70.1835403
90.4470825
99.6972809
86.2622452
73.5532684
82.9396591
370.362946
499.556458
304.346375
121.822456
103.939301
100.392082
100.07605
102.243271
103.206848
100.892807
100.072411
100.071632
100.070465
100.069763
108.003555
108.288864
102.193748
100.066994
100.065903
103.416382
104.193245
112.713531
171.256653
250.957672
234.254837
243.028198
277.509705
208.275299
144.068481
164.219971
253.83905
253.177948
166.429108
215.325409
208.405182
72.3300781
40.6509018
41.1573563
40.9519691
40.4573135
40.0894241
40.0872421
40.0849152
40.083004
40.0811119
91.525856
322.090881
966.010254
827.171265
358.310822
326.412354
263.060913
99.8128204
40.1048965
40.103508
40.1018448
40.1001663
40.0983086
385.362122
394.962738
159.668427
56.4255829
107.700417
125.939026
130.423141
115.442947
104.153076
103.277527
102.200607
153.038818
151.436035
162.168472
147.333115
112.437927
100.095718
157.215652
280.888763
303.063385
197.465958
116.804771
100.104095
100.103256
100.102501
108.235092
133.114822
125.863983
105.810402
177.600861
284.659332
233.346024
227.066406
243.7061
178.571045
178.047333
161.088776
118.252777
100.88224
100.455475
100.115341
100.114708
111.791229
106.022903
101.969902
159.712402
196.329178
311.913177
264.732605
147.795532
100.962318
100.246582
100.121925
100.121185
100.120674
100.119835
100.119148
100.118515
100.428467
100.116974
100.116081
137.151443
171.228943
141.008102
109.791
105.174599
102.75235
101.050217
50.1143456
50.1119957
50.1091881
50.106636
50.103981
50.1014481
50.0992126
139.114777
450.602539
425.653778
174.494064
59.9909515
81.6900635
1116.22925
1374.1488
625.417114
867.665222
404.625793
706.571655
113.958939
100.106987
100.104195
100.102036
100.099686
100.097488
100.095299
100.093002
100.091248
100.089012
100.087303
105.502129
287.79303
709.554077
708.311401
343.448425
422.405396
335.338745
271.42276
100.599838
100.138336
100.116058
100.087784
100.08596
100.084282
100.082756
100.081505
100.080093
100.078972
100.077728
100.076591
100.075668
100.074699
100.073906
100.073097
100.072197
100.071686
100.071136
100.070328
100.069801
100.069389
100.068588
100.064911
100.066261
100.064674
100.062164
100.064247
108.938942
104.048782
101.414268
103.18486
101.322441
105.539436
111.016556
117.832008
119.804153
124.385818
111.166679
103.111855
100.058876
100.058182
103.962746
102.001778
100.867691
50.0581169
50.0582848
50.2837372
50.0599937
58.5654984
54.3027687
60.7042084
115.587624
112.247581
115.907829
142.307831
126.272598
107.838791
128.521194
140.699356
162.552124
134.876984
110.313789
100.064659
102.857468
103.567177
101.440308
100.366783
100.06192
101.054825
100.167145
100.094193
100.059311
109.965332
106.186897
102.341072
101.294052
174.906448
227.781128
408.410187
562.128174
508.894226
277.91394
135.632507
100.441948
100.084869
100.082527
100.08078
100.078583
100.076599
100.583443
100.073174
100.071312
100.069817
100.068375
100.066856
100.065331
100.063965
100.062836
100.060532
100.05822
100.056831
100.055862
80.054863
80.0567093
210.548889
378.635376
350.850891
212.425827
630.467896
680.287476
437.270081
246.796188
159.707611
107.612114
100.447525
100.779945
100.278946
100.079384
100.077377
101.695938
102.835144
100.947449
100.103661
100.068764
100.067276
100.066261
100.064796
100.063568
100.062515
100.061317
100.059372
100.05854
100.057167
100.056122
103.793991
183.621719
209.974197
200.181976
159.984863
115.704292
184.666931
559.292358
732.153503
409.105743
141.445023
66.1287003
60.7421303
60.0745811
60.4629784
60.6918373
60.2822723
68.4170456
130.204208
169.790771
140.720749
87.0346756
64.3337479
60.0639343
60.0625114
60.0609665
60.0599022
60.0587158
61.0454521
60.4552994
60.1771698
60.0552788
60.1451302
60.0675087
60.0545349
60.0532265
60.0521812
60.1351128
60.6003189
116.007996
145.184937
133.139664
108.560722
100.092888
197.083694
194.763977
127.952095
100.055771
108.441612
108.142586
103.525803
120.736977
119.637489
75.7524109
451.444519
474.86676
960.493408
1094.87646
979.187805
619.602966
259.643158
282.4198
279.264221
156.414703
104.805183
102.851349
100.683014
105.582962
105.216843
120.816299
452.281494
821.08252
732.015625
876.328918
815.028503
570.436035
659.273804
393.3974
163.721512
140.943634
112.287056
106.953743
121.812454
117.113571
114.192101
110.375481
102.792053
100.114304
100.112686
100.111839
100.110252
100.108887
123.993408
206.458511
190.691208
124.444817
119.210876
248.251373
689.041687
667.260498
302.244263
217.204025
247.14209
330.725952
190.754562
159.379089
169.871292
200.947998
219.301758
215.179977
195.674469
167.577835
117.801811
118.577682
109.295326
101.798782
100.11599
100.114311
100.112129
100.110069
100.107994
100.106003
100.104057
100.10183
100.100128
100.098137
100.09639
100.094513
100.092949
45.1920013
45.192379
102.590775
100.461678
100.153015
100.08477
100.116974
100.093224
100.080879
100.079102
100.07756
101.611961
103.64798
102.353996
100.280304
100.071289
100.457954
100.194351
100.069641
100.06926
102.127655
104.047615
102.218575
150.078888
151.053543
121.546165
243.978912
377.971741
636.811584
600.913086
303.4646
127.081482
100.094742
100.094376
100.093575
100.092819
100.091858
100.091057
100.090141
100.089363
100.08831
100.087372
183.165237
427.335938
585.660767
443.740356
213.059479
115.231834
100.109772
100.188866
100.108971
100.10833
100.107864
135.001709
236.611908
372.805786
363.019775
225.629883
126.082787
102.0028
100.125084
100.123222
100.123917
53.4515877
51.9002457
131.103729
674.185486
612.975281
219.206451
208.433319
102.000847
100.143562
100.126755
100.111176
100.108513
100.106003
100.103737
100.101234
100.623619
100.096985
100.094452
100.092628
100.090385
100.088448
100.086761
100.085236
50.083931
50.0823555
72.8639221
97.4712219
75.1477585
57.2886581
100.077217
100.076546
189.888809
217.345016
153.814056
109.914749
100.077942
125.140549
114.492592
104.564468
100.075493
100.074692
100.073959
100.073151
100.072586
100.071732
100.071175
100.070694
100.070122
100.069511
110.386818
104.863647
101.636787
100.067162
100.066803
100.066933
100.066605
100.065002
100.065422
100.065315
100.065033
100.064873
100.120201
50.0581512
50.0577393
50.0576553
50.0572281
50.0567551
50.0563583
53.9592018
51.7101326
50.7043266
50.05513
50.0549126
50.0545502
50.0543442
50.0541077
50.0538406
50.0536575
50.0533943
50.0531311
50.053051
50.0529099
50.0522079
50.0517464
50.0515594
50.0513916
50.0511208
50.0509338
50.0507812
50.0504684
100.049026
106.293182
105.289658
102.113419
100.426498
100.051758
100.051117
100.04837
272.533569
247.831604
147.665878
100.059715
100.059349
100.058731
100.057556
100.05645
100.055748
100.055565
100.055328
174.759689
165.514923
121.15284
100.059769
100.058777
100.057777
117.381622
112.044693
104.324646
102.420135
101.270477
100.599022
100.055138
100.056206
100.055855
81.7326965
80.5007172
80.2229004
80.1182709
95.5233078
160.05307
384.101868
848.189636
983.280029
661.47699
315.114502
150.14978
107.941528
102.088562
100.081543
100.078865
100.076492
125.582184
120.322174
107.091087
100.067284
100.065109
101.356911
100.110359
100.059891
100.058411
100.05735
100.053352
100.052124
100.051521
165.83667
167.213409
120.556641
100.094101
100.053009
100.05172
100.052063
100.050301
100.049431
100.04805
105.256042
191.859512
238.965622
176.645111
243.349518
434.63736
441.559662
369.700806
334.662292
257.716827
159.006088
109.118881
100.079918
165.439697
1193.85229
1714.01929
1176.7489
494.527374
183.266342
106.384598
100.525352
100.09549
100.093018
100.089981
100.086723
100.083611
100.081482
100.078903
158.399658
148.941818
114.855225
100.070427
100.137924
100.076302
119.782898
112.948402
104.001343
60.0599327
60.0586967
60.0568466
111.466324
100.987984
72.4528809
63.7447739
430.71698
387.881104
163.633255
102.984154
197.942352
434.857056
466.611633
438.248779
301.751099
278.000488
190.510956
100.084496
100.083191
100.081551
100.07991
100.078476
100.076981
100.075523
100.073967
101.390511
101.493553
100.520592
128.523468
127.467865
107.939064
100.067497
100.066917
100.066444
100.065704
100.064995
100.064491
100.063087
100.06356
100.062447
100.061691
101.64222
102.356842
100.652496
100.059052
100.05825
116.29892
115.877068
105.159592
105.566223
105.179741
101.291222
118.470276
258.202179
331.189148
229.417938
126.31546
100.06926
100.069199
102.913704
146.159729
158.224792
126.606918
112.867958
109.483185
102.505615
100.070312
156.933929
160.915512
296.068176
284.934448
157.986313
41.1876907
40.0806236
40.0787354
40.0766411
40.0746727
40.0725403
40.0706863
40.0690918
40.0674667
90.5770874
91.0402603
57.0647163
41.3736763
54.2815132
325.817688
375.384338
179.00293
57.7401237
40.5852928
40.071785
40.1523705
40.4890823
40.2953949
40.7838402
40.8693161
40.4292221
40.0623703
40.0606918
40.0595474
40.0586052
100.05764
100.056534
100.055344
101.263611
103.151939
102.270058
100.260254
100.0513
119.96347
154.906693
151.417862
120.611832
102.411835
100.051476
100.050842
100.050072
100.049149
100.048515
100.048073
100.04763
100.047432
106.099464
109.868111
105.19223
100.489555
100.045967
100.336304
103.496933
103.749985
100.417564
100.044815
100.045456
100.044861
141.6008
251.429642
215.179092
131.220383
100.055878
100.055504
100.055077
100.053215
103.381897
101.824722
100.728111
100.050407
100.050125
100.048981
101.056313
100.405266
100.235779
100.050606
100.050247
100.049835
100.045303
100.046013
115.376427
108.403526
102.611565
100.043137
100.044334
100.043884
50.0474472
50.0480156
50.0479889
50.999054
60.5022011
64.6115494
92.9141693
112.583694
204.658768
156.329147
80.2775269
50.0542564
50.054039
50.0535202
50.0530777
50.0523643
50.0519676
50.0521812
50.0517197
50.0503616
50.0505753
50.0501633
50.0484581
50.0477791
50.0470085
50.0474586
50.0470924
50.0456047
50.0453644
56.3010101
52.3096085
50.7831001
70.6528168
219.352234
313.727722
203.018723
84.1990814
50.0584526
50.05793
50.0570602
50.0562019
50.0550385
50.0546074
50.0536919
50.0535202
50.0530968
50.0521889
50.0519867
50.051445
50.0510864
50.0504761
50.0497513
50.0492172
50.0501938
50.0499153
50.0496712
50.0469246
51.0126724
50.313118
50.1982155
50.0470886
50.0446014
50.0453339
50.0451698
50.0407715
50.0441322
50.0439682
50.0405006
50.0403786
50.0401917
50.0399933
50.0400772
50.0397568
50.0395927
50.0394859
50.0394058
50.0392151
50.0391884
50.0390091
50.0389824
50.0387955
50.038765
50.0385742
50.0385361
50.0384789
50.0382423
50.0381889
50.0381317
50.0379105
50.037838
50.0363884
50.0363426
50.036293
50.036232
50.0361481
50.0360374
50.0358963
50.0356903
50.0353661
50.0347977
50.0346985
50.0346069
50.0345192
50.0344353
50.0343513
50.0342751
50.0340881
50.0339851
50.0339127
50.0340958
50.0337143
50.0338821
72.7027817
67.9592667
56.1850739
50.4953651
50.0403442
50.0368195
50.0862846
50.039772
50.0365181
41.4684258
92.571846
87.782135
80.0377731
80.0369644
80.0368118
80.1864014
80.0421982
80.0359116
80.0357208
80.0355682
80.0352783
80.0351562
80.0350342
80.0348282
80.0347214
80.0346909
80.0348969
80.0347977
80.5128403
80.0494003
80.0371704
80.0345001
80.8600235
102.118462
100.962708
88.5280991
81.0722198
342.587341
314.526001
175.92395
100.0504
100.049751
103.855232
105.043083
101.45256
100.045792
100.045029
100.101479
100.060135
100.041664
100.041061
106.423416
322.969391
459.260101
377.670288
232.363464
122.803864
100.063019
100.061546
113.694778
258.745148
294.61261
187.58139
112.736496
100.07412
110.387451
111.872383
103.509064
100.058388
100.056976
60.0543251
83.9196777
126.055969
357.027344
508.072021
344.529144
240.020142
439.198059
607.063843
398.610748
143.781189
63.5627937
60.0819016
75.5555878
115.701256
113.728592
125.701309
98.1672821
70.671402
240.073395
305.794739
178.813522
80.6273422
60.1672554
120.789497
204.651978
309.345245
504.697662
478.034119
237.193893
99.3193283
97.2962875
97.2383652
84.2060318
104.636612
100.24913
78.5505829
70.2262192
70.1160355
74.2864304
80.4206848
87.5363998
207.578094
220.75293
379.471954
356.155762
233.019226
266.015015
382.445618
277.792328
120.679123
70.1098404
70.108551
70.1064987
143.283997
170.154083
292.392059
387.002686
334.161743
192.116867
126.422661
241.866486
302.815491
204.365982
120.319443
101.795837
101.851601
100.87867
100.645699
100.243866
100.120323
129.535553
234.755844
255.584702
460.11499
408.265961
189.310242
103.189148
104.56002
175.413956
212.097992
165.967285
127.62178
111.520309
143.666061
144.320847
117.838165
104.324829
103.501503
101.710571
121.914833
119.906532
123.376305
148.118149
108.644218
63.4147873
44.534111
40.2134857
164.536026
184.831604
122.582886
71.1281433
48.7699814
43.3011856
45.1358299
43.1910667
40.9957962
40.9743004
41.3122177
63.1356049
62.747345
48.0439835
44.0909538
103.845329
102.193359
59.0133286
40.106411
45.2420959
120.873474
127.466537
72.8127823
51.3003578
108.839752
110.29052
106.705528
159.285248
218.981171
193.424484
158.507935
173.896576
399.442749
455.181519
316.700714
227.676544
164.340378
113.942093
100.192513
100.451294
102.391495
102.736572
100.384697
100.340607
100.188538
100.117203
100.115898
100.770157
127.219452
127.430458
117.173912
158.766724
150.305771
156.589737
