0.0
0.0
0.0
0.0
0.0
0.0
0.0
0.0
0.0
0.0
0.0
0.0
0.0
0.0
0.0
0.0
0.0
0.0
0.0
0.0
0.0
0.0
0.0
0.0
0.0
0.0
0.0
0.0
0.0
0.0
0.0
0.0
0.0
0.0
0.0
0.0
0.0
0.0
0.0
0.0
0.0
0.0
0.0
0.0
0.0
0.00162890437
0.00327999145
0.00327999145
0.00327999145
0.00327999145
0.00327999145
0.00327999145
0.00327999145
0.00327999145
0.00327999145
0.00327999145
0.00327999145
0.00327999145
0.00327999145
0.00327999145
0.0
0.0
0.0
0.0
0.0
0.0
0.0
0.0
0.0
0.0
0.0
0.0
0.0
0.0
0.0
0.0
0.0
0.0
0.0
0.0
0.0
0.0
0.0
0.0
0.0
0.0
0.0
0.0
0.0
0.0
0.0
0.00327999145
0.00327999145
0.202359289
31.2701263
48.6141014
66.306572
44.5163918
15.5135603
10.0017195
2.768291
0.00328007992
0.00327999145
0.00327999145
0.00327999145
0.00327999145
0.00327999145
0.00327999145
0.00327999145
3.23956919
10.1450109
6.91108513
2.10715795
0.00327999191
0.00327999145
0.00327999145
0.00327999145
0.00327999145
0.00327999145
1.516451
1.08084536
0.477555573
0.22278963
0.0679935664
0.00327999145
11.1212797
11.2666588
3.44060349
0.00327999191
0.00327999145
0.0101471683
0.00546155917
0.00327999145
0.00327999145
0.00327999145
0.00327999145
0.00327999145
0.221500739
0.484021842
0.140511885
0.0888312459
0.311372757
0.0933637023
0.224258527
0.482904196
0.714282453
0.835258842
2.02476025
2.12287688
8.45303822
8.52430439
2.5983808
0.0
0.0
27.5095863
28.9190617
18.7186489
23.2389488
12.1995621
5.25920868
14.0555601
39.09758
23.9215584
20.002594
12.1932392
7.74467087
0.0598678142
0.0
0.0
0.0
30.7348537
107.504349
118.445129
49.2396622
10.5543957
44.1166573
36240.3398
111.870193
100.981529
99.9324493
99.9334106
99.9346008
100.033737
100.140495
100.611397
103.789261
106.909859
113.253868
141.497543
130.585693
108.286621
99.9352341
99.935463
99.9355316
99.9355774
99.9356155
99.9361267
99.9531021
99.9980927
105.196602
104.430046
101.18187
100.223511
152.709518
184.322433
176.596588
155.242538
140.468033
128.054199
114.991135
104.749893
100.943726
100.244057
100.007446
100.502571
100.814018
100.1716
99.9487534
99.9487152
99.9490204
109.179863
141.682953
168.541901
150.118073
220.893021
219.206909
181.536957
164.274734
141.901337
114.385788
108.278198
106.79554
102.548683
100.333488
100.139366
100.0924
116.18119
115.445091
104.371307
100.992966
101.466576
100.381538
100.018112
99.9985657
100.093765
40.0929718
42.0461884
41.6385117
47.7049408
48.3463669
45.2175827
56.2727737
109.221893
213.303207
209.511368
113.14447
52.2814903
137.102463
158.763885
103.736526
56.9619141
54.6740112
49.8120613
43.2332191
40.1555367
40.1565666
40.1570435
40.1576118
42.476944
150.995117
157.672958
87.8721237
52.5237122
45.020649
41.7052116
40.1745071
40.1755295
40.1761932
40.1765823
40.1766357
40.6414146
73.7373047
67.0597
47.6155434
59.520649
61.663353
56.7988815
47.4548302
41.4422073
124.42601
110.105652
61.1038246
42.3072929
41.0348969
40.2450714
40.183979
121.526459
191.141693
125.097847
122.998909
181.75177
154.292709
80.4689941
46.222538
40.8602829
40.2463379
100.215744
100.195503
100.192177
100.185814
102.894714
115.473373
242.708954
275.846344
171.606186
112.635513
100.17662
100.155922
100.147499
100.128571
100.119904
231.188782
196.900314
130.091125
349.374268
343.322937
193.097092
112.383736
100.029633
100.036438
100.027924
115.592445
195.806702
173.464355
119.988853
99.9950409
50.0420952
50.0074883
53.5058517
84.2936249
195.565765
190.944992
100.734894
273.724457
205.574875
96.1897888
49.9243851
49.9584961
111.263611
155.205017
188.995911
132.948608
271.129272
441.384979
501.497833
470.07666
288.582397
113.686043
55.7181244
49.9130173
49.9155159
49.9550858
49.9956703
49.9653168
49.9327087
49.966938
101.874008
167.9142
194.526596
142.642334
184.400711
165.02655
122.090767
101.963493
123.221085
111.578583
107.129135
101.031662
100.511116
100.731071
100.110573
100.099632
100.098244
100.103798
100.109062
100.113892
100.11776
100.12114
100.124168
50.1265907
50.1296539
50.4389915
50.1432343
50.1391335
50.1421776
50.1428757
50.1424026
50.1000023
50.1262703
50.112114
50.1198196
50.1448975
50.4810295
50.8602486
50.2577744
50.2025795
50.1434402
52.7478676
51.2497139
52.7571793
51.1265678
50.4289665
51.2047043
51.262886
50.4201965
50.2327728
50.1348267
50.1338921
50.1327286
50.1316261
50.1310043
50.1299248
50.1287804
52.1865158
51.0544128
50.4588737
100.042732
50.0136795
50.0130272
50.0121765
50.0111427
50.0102119
50.009407
50.0085182
50.0079117
51.001873
50.5694923
50.6863937
50.0376968
50.0155411
50.002594
55.1416512
67.5670013
60.3524399
53.2440262
50.0178871
86.1066437
121.893021
90.9957886
60.6821404
49.9911385
51.2291946
51.2794571
52.7454796
50.8862419
51.066597
50.1092072
80.0905762
80.3662567
80.08255
80.080925
80.0791473
80.0775375
80.0757141
80.0741959
80.0726929
80.0711288
80.0696869
80.0685349
80.0676804
80.0669937
80.0659256
80.0650253
80.0644836
85.2848434
123.02755
134.957504
108.498222
119.87706
306.566803
278.83905
259.131256
171.381714
108.290016
80.9467468
80.0989456
80.100853
100.194069
100.452179
100.206635
100.101318
100.100395
100.284492
100.73687
100.331543
100.110214
50.0951614
50.0936165
50.0924149
50.1241112
51.1364059
162.415619
313.262543
374.523834
471.775055
573.498535
455.875153
263.89389
165.880173
120.587494
112.636032
187.171234
238.969208
192.826508
127.463387
102.973488
101.670158
100.606903
60.1559563
60.1717911
110.907669
102.493774
73.442215
60.17276
142.748779
281.480896
199.009155
97.0129089
60.247242
60.1568947
60.1724968
60.1725464
60.1725349
60.1725655
94.1825943
256.500641
461.794556
376.516083
208.472855
111.257011
108.834885
442.262695
519.258423
296.3909
172.357819
109.00943
74.5118408
60.1569595
70.1568222
70.1567612
70.1566925
70.1566238
70.1565475
70.1564636
70.1563721
70.1562805
70.1561813
70.1560822
70.1559677
70.1560287
70.1714401
70.1556625
70.1554794
70.1555176
70.1711884
74.9892654
74.0468292
71.1357651
70.1539154
70.1535568
154.762604
176.155396
119.7547
79.1278687
73.1275024
89.4296112
103.842972
88.5159149
74.7934418
50.970787
50.4276314
50.2285347
50.1814384
50.1469727
50.1461601
50.1451607
50.1444664
50.2451134
50.6443481
50.8069382
50.2980995
97.4711304
83.8202744
59.9329185
50.5576477
52.5723572
177.161591
171.625916
99.3559418
57.3671951
50.1329384
50.1332664
53.9627533
53.5239792
50.9837685
50.1312675
51.0428963
51.4857864
51.9096413
65.0976486
49.585434
81.0929565
78.7792969
337.15686
248.784592
285.993896
291.244354
233.386383
171.218521
99.8041687
60.2157593
456.956055
839.727539
537.58844
152.164536
40.2389603
40.2389603
40.2389603
40.2389603
40.2389603
40.2389603
40.2389603
46.0815811
115.718842
312.852295
338.201447
479.217712
520.401978
327.148621
157.542923
629.089478
740.866211
404.58197
158.2285
174.911301
449.581055
429.296417
209.551239
155.340958
400.43866
165.018219
100.238953
100.238953
100.238953
100.238953
100.238953
100.238953
100.238953
100.238953
100.238953
100.238953
100.238953
117.470627
135.161438
121.37529
104.126282
100.238953
100.238953
100.238953
102.394943
105.626297
101.894783
100.777824
101.961983
101.513771
100.652458
100.262215
100.199318
100.189568
112.419548
106.684792
102.153992
100.531807
100.18663
298.558533
294.558289
158.765991
110.130417
104.865631
101.647942
100.098892
100.093422
100.082603
104.380348
102.41095
100.914375
100.021408
99.9825592
99.9664001
99.956131
111.441429
55.1988907
51.643158
50.0393524
50.0330048
49.9947891
49.9570236
49.9488487
49.9427185
49.9372025
50.9135208
106.700165
95.2667465
63.542942
49.9646378
49.9506645
49.9463806
49.9081535
49.9051666
49.9036217
49.9019432
49.9004517
49.8992462
49.8981018
49.8973083
49.8969383
49.8967133
49.8966599
49.8972473
49.8984375
76.7877808
117.797279
105.952057
100.108109
99.9586411
99.9603729
99.9888229
121.423965
113.204681
104.126366
99.9938507
99.9760437
99.9776764
99.9800644
99.982193
99.9842987
99.9870071
99.9904251
99.9940186
99.9984665
100.010605
100.009476
100.008118
100.009766
100.011635
100.01432
100.80233
100.12661
100.077484
100.027031
100.030998
50.0358467
50.034462
50.0429764
50.0524559
50.0631218
50.0479736
50.0756683
50.0777779
50.077446
50.0768013
50.0763435
50.0757408
50.0753555
50.0749207
50.074337
50.0737305
50.0731621
50.0728722
50.072422
50.072094
50.0715256
50.0708046
50.0703735
50.1359062
66.0450745
61.165657
53.5535927
50.0686607
50.0683479
49.9509583
99.9502869
49.9501114
49.9498672
49.9497185
49.9494972
49.9493828
49.9491959
49.9491844
49.9490547
49.9488335
49.9471283
49.9441185
49.9433784
49.9431763
49.9430428
49.9429054
49.9427071
49.9425545
49.9424515
49.9425545
49.9435692
50.1884689
49.9478912
49.9683838
49.9425011
49.9431839
51.9704018
51.8652153
50.6648674
50.1034851
50.0561905
80.0555344
80.0549088
80.0542831
80.5081406
80.0626373
80.0522537
80.0515137
80.0508499
80.0500641
80.049324
80.0486603
88.3537216
85.829216
130.461868
121.655304
93.0289001
80.044754
80.0441284
80.0435028
82.343277
84.1983109
82.2956467
80.6612701
80.0406952
21.1011391
79.6590347
10.2331171
76.4777985
81.7211685
80.6386032
54.1445808
53.9538345
54.067215
53.0727615
51.9638748
55.9801979
61.2008476
107.786758
100.463722
129.687256
489.563385
702.256104
432.8078
131.744873
104.043427
104.629448
102.657204
102.017532
100.695297
100.184471
100.18396
100.182625
100.181007
100.179306
50.1771164
50.1970024
50.2959251
56.4754181
57.097126
52.6495857
100.235107
60.0929985
60.0736389
60.5397186
61.2828026
61.9694862
75.9686661
81.0639191
72.9439011
64.0299072
60.7544098
66.8938141
64.3888168
61.3815918
108.192245
125.961983
153.414642
181.61615
187.397125
258.198975
215.969894
138.46167
82.3804855
66.8057785
143.741852
366.717316
252.170151
113.765656
65.3682404
62.6457863
61.1444244
6397.68701
110.748444
125.067734
114.727455
103.716476
100.138191
102.090164
102.18679
100.843277
100.830513
100.710129
100.286819
100.1903
100.145927
100.131073
100.126114
118.705124
124.52829
118.236015
106.966743
101.342384
100.195152
112.158012
113.675522
106.854744
101.551308
107.319786
248.798523
284.292969
190.394287
122.410378
102.01915
100.266289
100.111244
101.527596
101.811966
100.540344
100.110428
100.109406
100.108246
100.10672
105.980484
104.36618
101.167595
100.101418
100.117676
102.281525
102.149666
108.511833
141.501221
175.287872
158.342239
183.456802
197.715607
147.158203
125.288345
144.648499
202.227509
182.406311
132.064499
190.458679
154.111267
55.4656029
40.5345688
40.978878
40.7433777
40.4207344
40.2137032
40.2135658
40.2133942
40.2130203
40.2124329
75.6283035
188.075424
602.640381
420.261322
252.024017
335.448639
239.831375
91.5788269
40.2389603
40.2389603
40.2389603
40.2389603
40.2389603
327.764587
312.028931
135.193985
60.5318069
49.6605949
69.7974396
74.2062073
116.649017
104.723671
103.825958
102.663361
153.20166
146.922607
159.181976
142.027054
110.319321
100.238953
155.193573
264.824158
285.562622
190.794342
115.122086
100.238953
100.238953
100.238953
110.111389
136.718094
126.403534
105.647148
176.144012
279.937469
226.181274
242.618988
267.667236
188.143799
200.110168
174.493973
120.954834
101.181847
100.638451
100.237564
100.228737
114.61879
107.373138
102.406273
163.933411
200.149704
341.819153
269.532745
148.779572
101.341621
100.314713
100.131187
100.130432
100.12574
100.107224
100.095734
100.090492
100.498413
100.105705
100.085945
142.487152
176.099991
142.688629
109.920975
105.977684
103.245316
101.17308
49.999588
49.9865456
49.9780502
49.9700394
49.9625168
49.9555779
49.982132
123.408501
336.759735
294.63623
131.863586
58.6656303
83.3365479
1046.08508
1269.06909
632.13678
146.025269
99.9987564
100.372917
100.000351
99.9577484
99.9113235
99.9091339
99.9106369
99.9126663
99.9152222
99.9182434
99.9217606
49.9257317
49.9302979
105.689896
228.370209
493.656128
494.887115
269.334473
128.690002
100.057503
100.038498
100.798553
100.152649
100.109993
100.07338
100.079796
100.087814
100.095795
100.102516
100.10865
100.114929
100.120384
100.125084
100.129745
100.133171
100.14341
100.146805
100.140495
100.142815
100.143951
100.148384
100.149536
100.151253
100.157501
100.113045
100.120598
100.148605
100.153725
100.141518
107.449303
102.746094
101.039879
102.727341
100.878044
104.147827
107.244278
60.5253067
60.8869133
62.4937782
54.9067955
53.7658386
100.149391
50.1487885
52.7134323
50.9164429
50.4763489
50.1449966
50.1438179
50.3385239
50.1419296
54.8146591
51.7742462
55.2488289
107.047005
105.337189
107.032516
117.215202
110.138908
103.076073
112.417313
116.210342
124.724976
111.862152
103.577255
100.019981
102.034897
102.035057
100.539345
100.133575
100.013123
100.836998
100.078156
100.02581
100.029526
105.653442
102.178154
100.829918
100.980484
132.995316
148.528458
227.763275
299.417664
274.303345
169.924484
95.743187
80.3050995
80.1194611
80.1204071
80.120636
80.1206131
80.1206741
80.6796265
80.1198883
80.1191864
80.1184235
80.1173782
80.1160736
80.1146317
80.1132584
80.1117172
80.1099548
80.1081848
80.1065598
80.1046448
80.1024933
80.1006699
135.200745
187.360855
173.966583
130.222839
307.323792
312.357483
252.653625
158.81131
130.920624
104.256218
100.380096
100.591202
100.285675
100.161461
100.160873
101.106178
101.746033
100.687248
100.180679
100.156181
100.154648
100.153107
100.151688
100.15004
100.14817
100.146049
100.143883
100.141678
100.139671
100.137344
102.297592
138.055176
144.274704
138.5327
121.780106
105.889969
132.982773
259.81131
341.215576
208.233551
99.2772903
63.4729233
60.4708061
60.0922508
60.3079071
60.4341812
60.2128448
64.9183655
97.5214844
113.717949
97.6162567
71.9669266
62.0055466
60.0727921
60.0714645
60.0701256
60.0682449
60.0663567
60.5857697
60.2691231
60.1236229
60.0731201
60.1169586
60.0757828
60.0659447
60.046833
60.0442352
60.0993958
60.3352203
21806.1875
122.540039
113.751503
103.557556
100.044617
141.915863
130.375656
109.122124
100.022675
103.90818
102.984497
101.352737
109.901451
106.950722
102.066643
249.995422
213.113663
564.983826
547.695679
582.801514
358.819824
183.486404
240.870499
199.281342
131.546326
103.715576
101.953964
100.522644
104.723839
103.509964
117.44014
344.585205
593.092957
545.786011
640.84967
535.588257
464.991211
269.728424
100.167572
146.183716
145.117813
113.515953
107.825699
123.822868
117.882355
114.99614
110.626297
102.872902
100.147774
100.147652
100.164986
100.146957
100.146744
123.308075
190.250153
169.190964
118.15403
118.339813
230.447037
597.064453
598.382263
291.734192
123.345802
100.238953
149.536148
194.741547
160.136322
171.485764
203.372025
223.296555
185.886139
130.501785
104.140533
114.866821
120.986649
110.571754
102.139275
100.238953
100.238953
100.238953
100.238953
100.238953
100.238953
100.238953
100.238953
40.2389603
40.2389603
100.238953
40.2389603
40.2389603
44.8384781
44.8985291
102.49826
100.558578
100.295609
100.238953
100.266724
100.247772
100.238953
100.238953
100.238953
101.443321
102.943047
101.923164
100.391998
100.2388
100.509583
100.324707
100.238525
100.238495
101.617172
102.841743
101.606255
130.352615
130.399704
113.079178
167.125656
230.758774
368.970276
384.676331
227.825836
119.576439
100.238953
100.230682
100.22393
100.225349
100.234444
100.197952
100.208832
100.197876
100.187149
100.194809
169.749329
355.265625
530.737793
454.866699
230.099579
120.82563
100.139854
100.243935
100.125481
100.094566
100.091003
143.714523
261.382324
455.414886
451.986145
273.980377
137.442474
102.775673
99.9953461
99.9564285
99.9730606
54.4768066
52.4206657
135.426895
674.084473
582.701477
212.252274
52.0008163
102.574638
100.024979
99.9937897
99.9600372
99.9229813
99.9191437
99.9159317
99.913353
100.658325
49.9638367
49.9179955
49.9071541
49.9067841
49.9069366
49.9075737
49.9088364
49.9485588
49.987793
69.6553421
85.3217316
67.7667465
55.311657
49.9837608
99.9955063
153.628143
167.473801
128.147858
104.991196
100.021675
117.897186
107.811684
102.481369
100.013145
100.017723
100.022705
100.027824
100.049721
100.044365
100.041718
100.045166
100.049049
100.052788
107.734154
102.227592
100.781425
100.065155
100.067268
100.072029
100.07827
100.075272
100.070526
100.075691
100.089294
100.077576
100.135368
50.0758057
50.0857162
50.093647
50.0973854
50.1004639
50.0998192
53.119442
50.8101921
50.3751373
50.0975761
50.0969696
50.0962219
50.095562
50.094841
50.0942726
50.0935898
50.0927658
50.0918884
50.0913239
50.0907364
50.0899506
50.0890732
50.0883713
50.087513
50.0867081
50.0857925
50.0849915
50.0840683
99.9719467
103.881645
102.815002
100.919922
100.154991
99.9900436
99.965126
99.9646149
159.047195
146.053207
114.424896
99.9650574
99.9646835
99.9644089
99.9642334
99.964035
99.9642715
99.98629
99.9638748
127.43042
118.549187
106.013542
49.9631996
49.9630356
49.9634361
57.4874001
53.5920792
51.230217
51.4072495
50.3117867
50.1194305
80.0655823
80.0650101
80.0643463
81.13517
80.2134399
80.1199799
80.1118622
86.381012
105.869278
163.529877
313.541656
412.168854
325.585602
182.8862
108.398781
84.5471573
81.4693069
80.1158524
80.1169281
80.1167297
96.5931396
90.6716919
83.7736435
80.1139679
80.1125031
81.1378937
80.1335449
80.1078873
80.1060333
80.1039886
100.102097
100.100342
100.098915
130.690811
127.501099
108.56118
100.109337
100.092102
100.090744
100.089478
100.087982
100.086441
100.084496
102.322197
133.115005
145.878662
124.545837
148.606506
213.452621
223.4077
213.323914
209.170837
176.162598
129.402618
104.803795
100.107651
134.46402
643.036377
950.111816
746.018127
365.097137
119.352661
65.0433502
60.4612541
60.1727066
60.1570091
60.1563339
60.156353
60.1565781
60.1728287
60.1729317
101.448196
89.8099289
69.2993011
60.1556358
60.2084427
60.1603394
72.9862061
66.901062
62.2467041
60.1494064
60.1475105
60.145546
90.3980255
79.1319962
65.973259
61.8413811
224.935837
174.518616
96.8247833
61.5913048
137.531586
265.283905
254.89798
279.255188
175.071411
97.1456375
70.1562347
70.1563797
70.1717072
70.1558685
70.1555176
70.1552887
70.1551208
70.1548615
70.154808
71.2109528
71.1669235
70.4417038
92.7223053
86.2112198
74.7660751
70.1504974
70.1653595
70.1476974
70.1464615
70.1447601
70.1431046
70.1576691
70.1395493
70.1373444
70.1355896
51.0838547
51.363121
50.4409294
50.1280365
50.1265182
61.1473579
57.9101295
52.6526222
53.1870689
52.4089012
50.6658936
61.0136375
124.317261
143.822418
94.5831985
59.0438232
50.108078
50.1072235
51.7641792
79.3873596
77.746788
61.3903122
57.4808922
54.4537849
51.2122459
50.0989876
86.380249
76.0667038
168.575562
120.517754
71.7583923
40.7311935
40.1962471
40.1962738
40.1959991
40.1953735
40.1945305
40.1934738
40.1926003
40.191246
70.5309906
63.4783745
47.7542152
40.7934341
48.496418
164.472336
170.447083
94.4965363
48.4126205
40.467083
40.1947289
40.2475891
40.4262886
40.3196793
40.6454926
40.6411934
40.3880882
40.1950417
40.1941605
40.1935349
40.1925201
40.1914062
40.1904678
40.1893768
40.9969254
42.0536308
41.3668861
40.2884712
40.1838531
51.7363281
67.2878571
62.8209114
48.6677094
41.1002121
40.1775894
40.1767502
40.1756363
40.1748199
40.1737633
40.1727066
40.1718521
40.171032
43.492054
44.9388771
42.4595795
40.3549423
40.1669312
40.3247147
41.9604034
41.852417
40.3219414
40.15522
27583.9043
100.160057
118.881943
156.540466
138.922836
110.117188
100.103699
100.099457
100.098793
100.08519
101.933212
100.904732
100.355347
100.04612
100.037491
100.028419
100.6231
100.202927
100.10218
100.009933
100.00486
99.9916687
99.9517975
99.9389496
107.516953
103.656708
100.989189
99.8681641
99.8845291
99.8740997
49.8981895
49.9509468
49.9421082
50.4376144
54.7639771
56.2330704
66.8842926
73.029068
102.823471
83.2144928
58.9898033
49.8008881
49.7939644
49.7878723
49.7815895
49.7737236
49.7692108
49.8067398
49.8050652
49.761467
49.7943077
49.7918701
49.7506485
49.7468719
49.7826958
49.8180351
49.7800751
49.7426109
49.7414093
53.0031509
50.765789
50.1013222
58.9664612
103.594383
128.025101
89.3513107
58.5999565
49.8816147
49.8520622
49.851532
49.8555489
49.8334999
49.8344727
49.8395462
49.8644028
49.8708992
49.8591576
49.8652687
49.8736916
49.8827362
49.8923988
49.9029121
49.9137917
49.934124
49.9522133
49.9524612
49.9539795
50.7006798
50.0788689
50.0305176
49.9864159
49.9932899
49.9909477
50.0156174
50.021122
50.0112381
50.0425835
50.0458717
50.0486069
50.0492592
50.0491028
50.0489426
50.04879
50.0487518
50.0486336
50.048481
50.048439
50.0483208
50.0481644
50.0481224
50.0480118
50.0479698
50.0479698
50.0479698
50.0478134
50.0476952
50.0475006
50.0473442
50.0471878
50.0471878
49.9336395
49.9339027
49.9341698
49.9344025
49.9345551
49.9346161
49.9345551
49.9342537
49.9334259
49.932312
49.9325066
49.9326019
49.9328575
49.9331093
49.9333687
49.9334679
49.9337273
49.9339561
49.9341545
49.9342575
49.9346924
49.9357948
61.9303055
58.956501
52.9238853
50.1470032
49.9389648
49.9612885
49.9826546
49.9386597
49.9388885
22.297617
98.5675659
102.885124
100.045158
100.044846
100.044533
100.107071
100.043907
100.043594
100.043121
100.042809
100.042496
100.04203
80.0417175
80.0414047
80.0409317
80.0406189
80.0401535
80.0398407
80.2436752
80.0411377
80.0389023
80.0384293
80.3875504
88.8034286
88.3213272
83.2937393
80.3902817
138.159302
133.70639
116.742638
100.035461
100.034996
101.284416
101.558548
100.47126
100.033745
100.033432
100.051079
100.038399
100.032333
100.031868
102.11673
152.581055
199.57785
189.016037
140.230942
107.66687
100.031616
100.032051
105.667351
153.812073
165.955872
130.722763
104.799095
100.037979
104.511597
105.154114
101.53862
100.033424
100.033264
59.9464302
69.1921082
82.9421921
148.915024
204.866486
157.886124
136.203293
224.492493
304.660278
216.416641
100.755714
62.057991
60.0367165
68.4247665
87.5069122
86.2209244
91.1253357
77.8647385
65.0122223
135.626144
165.158508
111.75943
69.4891739
60.1051788
91.0778351
128.41861
175.807907
270.722107
262.243408
146.265579
85.5877838
89.0086823
84.8336258
78.2663574
92.6281509
85.4811707
74.4328079
70.1971283
70.1374283
72.5841675
76.1681595
80.2859955
83.8930283
131.169418
258.462219
194.573685
165.67775
209.033478
283.248169
178.873901
96.2328033
70.1421738
70.1593552
70.1440506
137.37204
138.665833
255.427109
311.387695
274.76239
155.860596
88.7244568
208.639832
225.4776
130.102219
65.9104919
51.9121399
51.7391357
50.9168587
50.616951
50.2489395
50.1496429
81.2897644
171.36673
169.855804
436.428467
321.046661
159.437286
103.786537
105.169853
177.779205
210.348221
162.921158
127.774254
112.343124
145.254852
144.529434
117.452232
104.577003
103.683472
101.869278
122.227402
69.3059616
117.573776
135.550232
100.958717
61.3098984
44.2882805
40.3279915
145.897568
157.575287
112.334854
69.5934143
48.4443626
43.7877731
45.7237244
43.5367546
41.1729889
41.1419601
41.4926376
61.880661
60.7011452
47.2928696
43.9487648
90.1611099
86.9282684
54.2444954
40.2389603
44.9447403
99.9714508
103.372711
64.3360748
50.1398125
83.3787842
73.0746155
64.4723282
102.706329
136.804871
116.547592
113.23848
151.913803
319.529022
353.073853
275.609833
240.778839
171.993652
114.887543
100.329865
100.670982
103.125824
103.531677
100.570557
100.510796
100.325317
67.0225525
55.6928177
52.8582344
78.4149628
77.2443237
67.2082367
112.187523
106.031296
106.377144
