0.0
0.0
0.0
0.0
0.0
0.0
0.0
0.0
0.0
0.0
0.0
0.0
0.0
0.0
0.0
0.0
0.0
0.0
0.0
0.0
0.0
0.0
0.0
0.0
0.0
0.0
0.0
0.0
0.0
0.0
0.0
0.0
0.0
0.0
0.0
0.00420735683
0.00468038814
0.00468038814
0.00468038814
0.00468038814
0.00468038814
0.00468038814
0.00468038814
0.00468038814
0.00468038814
0.00468038814
0.00468038814
0.00468038814
0.00468038814
0.00468038814
0.00468038814
0.00468038814
0.00468038814
0.00468038814
0.00468038814
0.00468038814
0.00468038814
0.00468038814
0.00468038814
0.00468038814
0.0
0.0
0.0
0.0
0.0
0.0
0.0
0.0
0.0
0.0
0.0
0.0
0.0
0.0
0.0
0.0
0.0
0.0
0.0
0.0
0.0
0.0
0.0
0.0
0.0
0.0
0.0
0.0
0.0
0.0
0.0
0.00468038814
0.00468038814
0.209010273
71.4970779
98.3534927
97.9641113
48.5440331
7.79894543
0.0051302365
0.00468038814
0.00468038814
0.00483673951
0.00483673951
0.00483673951
0.00483673951
0.00483673951
0.00483673951
0.00483673951
6.47003078
18.488472
6.9339304
0.00523797655
0.00483673951
0.00483673951
0.00483673951
0.00483673951
0.00483673951
0.00483673951
2.90677333
1.12627149
0.349902779
0.180769339
0.00587346498
0.028114358
25.4858513
11.0599146
0.00546918018
0.00483673951
0.0301959496
0.0350727849
0.00483698864
0.00483673951
0.00483673951
0.00483673951
0.00483673951
0.00483673951
0.760971069
0.386250734
0.00484909303
0.444659621
0.249867156
0.024447754
0.761369646
0.385850996
1.47501934
0.673672676
4.14506483
1.77203298
18.1838112
8.01366425
0.121847399
0.0
0.0
62.1736374
55.2626686
11.6900911
27.623703
11.593132
0.0
29.3389244
73.8466415
40.491291
21.6906281
7.72984076
0.194124281
0.0
0.0
0.0
0.0
66.4249191
237.305725
160.504623
29.5826569
0.701793134
76.9143982
42.472332
4.05376291
0.0
0.0
0.0
0.0
0.057759665
0.177948043
0.962816715
6.96346092
10.4885216
22.0388908
78.4597549
29.1634579
0.0
0.0
0.0
0.0
0.0
0.0
0.0
0.0
0.0115749557
10.5405474
4.13080931
0.0
0.412492454
115.173691
134.06456
99.8492508
68.6430893
50.9604034
32.8876991
13.2914104
2.12906122
0.6259498
0.14163959
0.0
1.6989646
0.794072747
0.0
0.0
0.0
0.0
20.9716911
84.9298096
114.972687
55.2123375
251.990326
152.809677
103.004753
97.1500702
45.0072327
8.11484814
15.6783209
8.94427395
0.931171954
0.309557378
0.148543924
0.182379335
39.0999489
17.3919601
0.00939642917
3.19827914
1.63146734
0.0057375473
0.0417255424
0.0029044305
0.146408349
0.144704849
4.19130135
2.16448283
16.8272953
11.7959738
5.47204351
35.6988869
149.213516
345.72821
234.557999
48.1709442
0.264528543
233.005081
178.791702
57.7889977
10.6500206
27.8157082
12.4122257
0.239545792
0.240456477
0.241081879
0.241057321
0.240995362
4.92318487
257.64624
166.196503
25.3554115
13.9046793
5.89514589
0.266769826
0.267589837
0.268220931
0.268589258
0.26840362
0.267803758
0.937558174
72.8443375
29.8064575
0.489661247
40.961586
28.1747494
19.2524624
5.2184248
0.298883349
186.816223
78.5749588
2.60285616
2.2505846
0.651592374
0.278655261
0.279609919
175.850372
260.069427
76.5817719
137.403564
252.6642
142.793259
23.9673538
1.73530591
0.716037571
0.32735908
0.32932508
0.341705024
0.393993229
0.457276851
6.79599905
30.5065861
298.509735
270.49469
63.0405807
5.14529943
2.4891665
1.26807022
1.9974432
1.08862293
0.635534942
286.257324
123.17028
12.8653851
560.70105
377.857269
64.1522217
0.204752743
0.236278698
0.22319521
0.209794164
32.8036613
218.950317
93.8147812
0.0995534435
0.243533581
0.236713663
0.140731126
5.63219786
62.3980484
289.081268
196.14003
33.5814095
458.881714
189.186386
0.0765636489
0.0587338023
0.168826833
122.046211
175.797485
226.436783
94.8792953
427.869263
710.337708
689.715088
588.359924
232.02153
24.9465466
0.0452948213
0.0476144738
0.0520678759
0.165346533
0.176103175
0.0752332807
0.0759124085
0.176871836
3.28716731
140.943268
138.801559
32.101326
155.408463
81.3806534
9.30400276
0.650452614
41.5598831
15.6928453
5.62790108
1.58903885
0.27996543
0.930473208
0.295096993
0.283423632
0.282167882
0.280041069
0.276905417
0.273106843
0.268478006
0.263653964
0.25867188
0.254054815
0.250115812
0.536742806
0.235313967
0.227645144
0.219863594
0.212262347
0.204692721
0.198680118
0.195979804
0.194755703
0.193819821
0.192547008
0.540599883
0.997002065
0.256995231
0.187715873
0.186798528
4.33748198
1.90077424
3.82794976
1.65307164
0.197689801
1.61306703
1.66175997
0.372587949
0.175557792
0.174153343
0.172611669
0.171487316
0.170251995
0.16889067
0.167698309
0.16635032
3.43414164
1.54385304
0.179712594
0.0303288531
0.0
0.0
0.0
0.0
0.0
0.0
0.0
0.0
1.34676349
0.730490923
0.623615623
0.0501435623
0.0
0.0
8.88595104
33.3329659
11.5216322
0.0
0.00665992778
74.3721619
126.722679
38.6592102
0.0027412253
0.0
1.55873728
1.71266735
4.51778793
1.48862302
0.721259594
0.176518425
0.107299909
0.381058544
0.104650907
0.103664204
0.102547467
0.101360515
0.100442961
0.0996066108
0.0988074392
0.0981645361
0.0974220857
0.0967604294
0.0959990844
0.0952569172
0.0944772065
0.0936976895
0.0928187072
10.0087547
90.0596313
83.2136688
22.1828156
73.1444397
486.24704
240.504089
255.253799
104.155998
2.75361395
0.150427833
0.15333578
0.154292703
0.681269228
0.45381093
0.152380213
0.150992617
0.149264947
1.07764459
0.726473808
0.233571783
0.143734083
0.139610454
0.138762683
0.212613806
0.207839444
2.69170594
255.56868
488.191498
494.724487
691.16748
892.136963
348.883331
152.354752
57.3492355
3.5623529
27.0994682
194.172501
220.725357
76.3177032
7.04510975
2.42151952
1.46247387
0.262026966
0.230920836
0.262193024
111.122177
46.3576927
0.233131975
0.262963444
182.579788
414.721954
138.429733
0.475570351
0.232828841
0.233511433
0.264639825
0.264660776
0.264478743
0.26438579
67.7771912
395.104248
743.510315
399.80542
123.097282
52.5208244
75.4110184
787.944824
686.335205
169.974045
133.205017
52.041481
0.275520861
0.241507798
0.241243988
0.24111636
0.240983278
0.240840062
0.240685001
0.240518674
0.240343317
0.240155324
0.239955634
0.239746884
0.23952736
0.239649385
0.270419061
0.238842726
0.238061279
0.237318024
0.267930716
8.87093639
3.39985967
0.231642708
0.228662595
0.226222664
171.051926
152.178879
32.0492554
0.227001354
5.42420387
34.4077988
52.0614471
14.6795616
1.92091036
1.06769443
0.391105235
0.284159422
0.243518129
0.20861049
0.206356406
0.204084694
0.202164784
0.47210902
1.61734903
0.881127596
0.193299234
99.0732193
39.2336998
1.07810879
0.624161065
6.18042517
266.267548
184.572235
32.3146935
0.183814153
0.183148116
0.183386236
9.38623428
4.21668339
0.180100024
0.178911
3.19596457
1.69987786
4.43614388
29.5429688
11.463666
81.2412872
56.2166824
612.571228
257.410919
399.763031
397.847015
245.656235
175.031296
49.9011421
16.2342281
937.528564
1347.58667
409.698853
0.384941399
0.358049721
0.358049721
0.358049721
0.358049721
0.358049721
0.358049721
0.358049721
13.2380342
169.298401
552.66333
395.128082
807.259521
707.103455
269.262878
111.352127
1182.30701
846.543579
182.856995
14.2367687
159.347244
727.219849
353.536346
25.0434265
106.765022
43.7375069
0.359719187
0.358049721
0.358049721
0.358049721
0.358049721
0.358049721
0.358049721
0.358049721
0.358049721
0.358049721
0.358049721
0.358049721
36.111557
52.7200966
15.0922699
0.35843572
0.358049721
0.358049721
0.358049721
4.26281452
9.47688484
5.15017986
0.358059049
5.55578279
6.03755569
2.19537711
0.358052641
0.358049721
0.358049721
24.8227024
12.5844736
0.696346939
2.48607898
2.51830149
456.208221
222.355774
7.22529554
20.8267422
11.1874523
0.68605423
0.68195349
0.939617634
0.550429046
11.8302946
6.9610405
0.672898889
0.41212222
0.131576464
0.115628019
0.1008837
19.0467091
7.02828169
0.239072725
0.232859671
0.220089182
0.119298659
0.10439986
0.0948609114
0.0859703124
0.0781064779
1.38891387
116.492455
50.2016144
0.332550049
0.0493004359
0.150064439
0.0383242629
0.0311981086
0.027056912
0.0230174381
0.0193789266
0.0162111558
0.0134168873
0.011141466
0.00924709626
0.00791482907
0.00702926237
0.00669763982
0.00740935374
0.00909117237
52.6647339
21.4862976
0.921653271
0.095635958
0.0966374502
0.0978722125
0.17632179
41.8912811
16.1016006
0.175442249
0.115068048
0.114159822
0.115545757
0.116777085
0.117285118
0.117135458
0.117693745
0.117350295
0.116275355
0.116600454
0.126807496
0.115032613
0.115575634
0.117456898
0.119844913
0.122278757
1.17248368
0.288557112
0.116787896
0.114220716
0.112428568
0.110773899
0.109649159
0.108930737
0.108505905
0.108050659
0.107370228
0.107063837
0.106926635
0.106476814
0.106183514
0.105809629
0.105247475
0.104816757
0.104348376
0.103918038
0.10363055
0.103374943
0.103062913
0.102632485
0.102244936
0.101752706
0.101247393
0.100822307
0.16257669
32.8135948
13.256424
0.0995592028
0.0985394344
0.097971797
0.0
0.0
0.0
0.0
0.0
0.0
0.0
0.0
0.0
0.0
0.0
0.0
0.0
0.0
0.0
0.0
0.0
0.0
0.0
0.0
0.0
0.0
0.166508391
0.0
0.0
0.0
0.0
3.48966956
3.14849687
0.594010651
0.0
0.0837958008
0.082779035
0.0816682577
0.0804388374
0.578684866
0.120676197
0.0772005171
0.0759148002
0.0748040229
0.0735746026
0.07258223
0.0712720156
16.4314289
6.94552469
108.360054
47.2235641
0.0686631203
0.0652499646
0.0643329099
0.0634965524
4.41317892
6.88838434
2.04510593
0.0607533306
0.0599085875
22.7904739
12.428813
1.00980818
5.13764143
1.97220564
0.0949363336
9.05866146
3.79001904
6.3174057
3.37005639
1.99620891
11.7999554
18.197506
123.405632
52.7274971
153.596664
1005.04248
1053.96472
288.045471
0.264282376
8.98368549
3.90128613
3.5016396
1.75631475
0.321401983
0.280094057
0.281132251
0.269260854
0.265599281
0.261325091
0.256862789
0.458252192
0.392844498
14.471983
6.95604944
0.609335184
0.144060075
0.139919057
0.102679089
0.688303411
1.73259759
2.71988893
31.3328857
30.2028046
13.587327
2.69005513
0.103339247
12.9482784
5.45656395
0.0594282001
106.237503
98.2917175
159.018433
200.4254
186.691666
349.021515
180.607651
70.2463913
19.7316856
2.6382246
172.735687
578.224731
209.595886
3.62210798
8.27847672
3.53571033
0.465084851
0.265309393
20.8794136
41.7811775
12.6799994
0.205250308
0.203161448
3.59095454
2.47022057
0.516283929
1.2362479
0.742723227
0.237127692
0.255962521
0.192661107
0.179592773
0.176397085
36.7518044
35.8198242
20.2877731
4.51839924
0.160020888
0.277841091
23.5977726
18.2948627
4.70788097
0.524143338
13.8083763
297.031342
292.740021
81.5711899
7.75780487
1.38906145
0.148441911
0.148942754
4.3579073
2.19433713
0.145955294
0.144094139
0.142168686
0.139278069
0.136849403
13.1635323
5.5345335
0.12880218
0.126604781
0.159323916
5.74570227
2.66188431
17.6025505
84.4557495
139.51973
83.6829834
146.499008
169.158539
47.9623604
32.5698395
86.2709579
190.051758
120.572182
23.2672215
175.768753
68.4207611
0.911104977
0.939048886
1.50923896
1.08319962
0.304453313
0.303789139
0.30307126
0.30218634
0.301094919
0.300084144
73.6280365
287.813324
1075.39868
455.626373
234.672836
563.938049
200.965591
0.371017873
0.356665343
0.357239366
0.35755074
0.357738405
0.513211429
650.439575
286.322113
35.4113579
27.2907276
6.9287672
64.6946182
43.0220833
4.7141242
6.17309618
1.64688516
4.00076294
107.255692
43.7593346
97.7935867
38.1289482
0.359964699
0.358049721
115.600685
289.539093
243.907333
55.5678444
0.3635602
0.358049721
0.358049721
0.358049721
18.9575386
60.5775414
20.9446831
0.589317083
162.790451
301.122467
104.049919
239.376495
230.604401
60.2558212
176.023026
68.5818558
8.29943943
5.98006248
1.80871761
0.896104813
0.35804978
29.9061356
14.2126207
1.59539247
143.002762
172.600418
475.667847
203.047974
13.3048782
4.37090111
0.357384562
0.462195992
0.764833987
0.93061167
0.588107586
0.315228522
0.305876642
3.13796782
2.94598842
0.688328862
94.1080551
141.197983
46.6725922
0.325208694
15.6961937
8.85397625
0.325739712
0.162501618
0.14948307
0.137125775
0.12552169
0.11463245
0.104765274
0.193340719
152.049774
557.675415
297.730835
35.7001724
0.0627129301
59.9625969
2238.0061
1740.23206
343.699463
0.20184128
0.165758401
0.54783088
0.180578679
0.047857061
0.0393651128
0.0412695669
0.0438571721
0.0472963229
0.0515039973
0.0563511513
0.0619832352
0.0682582185
0.0756370202
9.58281136
275.798279
757.756775
503.114105
100.647964
0.308915526
0.231772959
0.238413855
1.07426918
0.348522305
0.28053543
0.284202069
0.290743202
0.29624781
0.299615711
0.301570386
0.301350802
0.299502462
0.29659465
0.293189317
0.288723439
0.284097522
0.284546465
0.277212232
0.270798147
0.263391078
0.255760133
0.247922421
0.240240753
0.232696265
0.224852398
0.218304113
0.215677097
0.214665845
0.213368684
0.212026805
12.4429178
4.6003356
0.208699733
4.35503387
1.50924647
6.22910118
12.0685425
17.3301697
16.6828346
19.8633442
6.13731098
0.196710721
0.195177346
0.193493217
4.37608814
1.53145909
0.188854307
0.187214434
0.185636029
0.372811288
0.182104602
7.95066261
2.98920226
7.96702433
11.9365578
7.60341692
10.7391272
31.305315
11.746892
0.151091531
23.0128918
26.3140965
40.3362236
13.2880659
0.0391916037
0.0
3.25820732
3.09268546
0.540985167
0.0
0.0
0.888750136
0.138060272
0.0
0.0236022715
9.66965294
3.64243174
0.0
1.09009719
64.5986786
81.0430603
227.471756
342.334961
264.406219
65.1352615
0.34648186
0.158942923
0.161523476
0.162442848
0.162574574
0.162219256
0.161788866
0.706237495
0.159967571
0.158713579
0.157371581
0.155705914
0.153596252
0.151686445
0.149638921
0.147742227
0.145226762
0.142549291
0.140076905
0.137536466
0.134385183
0.131388381
116.273712
185.847321
118.525665
49.5906067
475.430176
319.723694
208.478989
93.7907715
12.3180971
0.564091444
0.906200767
0.551084697
0.222800165
0.222273901
0.221226007
2.88258481
1.54373217
0.326092809
0.232001811
0.238887563
0.21402508
0.219261095
0.228601992
0.226421833
0.197566554
0.194122151
0.190875486
0.187754184
0.184234723
0.180570364
5.09113312
83.1899261
54.9403038
51.2559052
18.473362
0.165655583
75.8642731
332.542358
372.106537
127.670311
12.5673342
1.2017765
0.131178364
0.130232334
0.384678334
0.509358704
0.207884759
9.00402355
75.8928299
83.6173553
42.5101395
8.4908886
0.0907434449
0.0880787671
0.0857747123
0.082651943
0.0792057067
0.0763927549
0.728876293
0.229773849
0.0654256791
0.093689844
0.137683079
0.0957689956
0.0842489451
0.0471123457
0.0428261869
0.113178998
0.54174298
18.0425396
38.2444115
11.9463806
0.0727878734
0.0223436709
86.2181625
32.999485
0.0165805593
0.0128662633
7.29901123
2.69922781
0.939862728
18.9670067
6.77939606
0.145999968
313.308716
137.279068
918.8703
690.415833
745.827332
269.449615
28.592701
269.718872
107.738411
3.18734908
4.36523056
1.72403932
0.263337553
7.70141506
2.87034655
33.6760559
476.123047
824.781067
598.416199
896.291565
312.082306
0.246854976
0.22896336
0.262201697
107.966759
46.6155739
1.58753932
18.2945518
46.3366776
16.9738426
25.6819096
11.4648829
0.224065095
0.222801924
0.222557589
0.257051855
0.221162215
0.220744401
54.3229485
183.153
68.2921524
0.258200973
42.9401436
275.680939
1052.677
593.943176
84.6010818
0.363110065
0.358049721
115.718246
162.689117
51.571209
135.507599
173.462723
195.581207
95.9079819
13.4304361
0.359529018
34.5058212
29.8513489
7.00134993
0.35891512
0.358049721
0.358049721
0.358049721
0.358049721
0.358049721
0.358049721
0.358049721
0.358049721
0.358049721
0.358049721
0.358049721
0.358049721
0.358049721
10.4352913
5.9148488
0.710730672
0.612189651
0.41263181
0.358049721
0.384629011
0.366375029
0.357775331
0.35773772
0.357619315
2.40597725
3.22340727
0.920906365
0.357013762
0.356838882
0.614661038
0.43813917
0.355504215
0.355122775
2.72291994
2.6396842
0.871252477
64.9111862
29.9402905
7.75124121
142.515717
212.019775
483.394623
362.17038
74.8912811
0.361684352
0.358049721
0.358049721
0.358049721
1.11571538
1.06357133
0.35804978
0.358049721
0.358049721
1.21228778
2.27289987
157.419785
510.051758
764.450867
452.743408
91.3327637
5.27907419
2.98361564
2.7494812
2.38611078
0.285305709
1.7004416
97.9445114
343.842407
673.144958
505.089447
156.020248
17.9147415
0.487729967
0.120185509
0.0974381715
0.176035479
7.28041744
3.56536889
177.59288
1343.62854
555.605957
10.5261431
3.26124024
2.60387325
0.456008822
0.171326905
0.0641437843
0.0578904636
0.0526890047
0.0482582226
0.0449540466
0.867490888
0.068774946
0.0378203355
0.0368554071
0.0365350954
0.0365433097
0.0368335694
0.0375988409
0.151607066
0.154481247
35.1157188
59.2359734
17.3168316
0.937927306
0.0925274268
0.232621968
112.016075
97.250412
20.1590862
0.149346545
0.226735577
31.9054623
11.4744577
0.171167344
0.176566005
0.182570457
0.187866703
0.190112576
0.213393152
0.19275263
0.191961423
0.190700129
0.187975958
0.184732035
12.7216864
4.24055243
0.172808751
0.171723977
0.165615335
0.16274406
0.157194123
0.151794225
0.146919057
0.142461225
0.138072416
0.133720919
0.191774547
0.129334807
0.128398553
0.127623633
0.126794219
0.125925824
0.125177205
4.91146421
1.58073294
0.122719571
0.1219372
0.121025622
0.120032147
0.119208425
0.118315093
0.117510453
0.116816372
0.115992077
0.11534366
0.11439418
0.113907017
0.113301732
0.112620533
0.112052351
0.111366376
0.110610187
0.11004252
0.109361663
0.108855583
0.0
6.62859631
4.59572411
0.647147894
0.0
0.0
0.0
0.0
129.05426
51.7298508
0.0
0.0
0.0
0.0
0.0
0.0
0.0
0.0
0.0
57.0332794
22.7862148
0.0
0.0
0.0
0.0
13.7144127
5.51214457
0.0
2.18708873
0.667301059
0.0
0.0960231945
0.0957111642
0.095299542
1.46717572
0.290694326
0.0943070501
0.141369432
11.9889946
50.0567703
163.302612
456.002502
549.448853
325.077362
87.5708084
16.213171
3.28386331
0.584350765
0.182362989
0.182326868
0.18147321
32.1456757
13.0613766
0.176939666
0.173797771
0.17111522
1.31201839
0.270234078
0.162528783
0.159026682
0.15598157
0.152463198
0.14921695
0.146826372
67.9081497
29.0244732
0.235037223
0.138992757
0.136820927
0.136015967
0.134764075
0.130398586
0.127452701
0.124544367
5.17837191
72.2337952
65.9330139
15.1392097
102.827431
211.999115
168.808578
161.622803
157.773666
80.6636734
14.7911205
0.16560629
0.167237967
77.8300095
1230.49597
1374.00989
714.772461
180.091629
15.9606552
1.41158032
0.26342684
0.264899164
0.233583227
0.2320714
0.231715783
0.231665641
0.263687938
0.263271421
85.7038193
34.4089012
0.229518473
0.226956055
0.295260876
0.230750084
23.955101
9.46388435
0.217416391
0.213506177
0.209987864
0.206380248
60.6618767
23.5690365
0.2284199
3.20367718
347.370636
152.029022
6.83696032
0.194981337
140.604324
370.956512
272.709778
327.638977
104.074455
0.235033676
0.231415689
0.232182607
0.263091445
0.23140648
0.230250448
0.229110688
0.228089422
0.226754606
0.225797072
1.92321479
1.27360523
0.353992164
44.0461273
16.1246967
0.214179084
0.210869297
0.239977419
0.204549834
0.201356977
0.197931111
0.194825083
0.223927379
0.187901631
0.184083626
0.180639088
3.0310235
1.61264563
0.171064466
0.16747047
0.164565623
23.222456
9.51969337
1.39780116
6.72798347
2.75444531
0.147793427
23.3303261
149.724716
154.003494
39.1837807
0.137787491
0.134070203
0.132091835
4.93175745
63.0420532
43.5099411
8.07760906
13.7504721
5.86999512
0.119825259
0.117494851
80.8832779
36.6026611
236.026566
95.2838974
2.71510148
0.264473945
0.265125602
0.264708549
0.263648123
0.262300253
0.260317624
0.258239061
0.256703138
0.255043566
66.2749863
28.6407967
1.53546298
1.11625457
17.5986347
272.226105
185.435989
32.8153191
1.25285852
0.264101654
0.26595974
0.634204745
0.652652264
0.267871886
1.20835543
0.954026818
0.266165912
0.264613837
0.26324746
0.2619057
0.260239899
0.258424282
0.256595582
0.254660964
1.53311455
2.45124149
0.708893716
0.247565866
0.245787874
23.2030678
46.1768074
26.0566864
3.77545357
0.237982109
0.237026677
0.235573679
0.234094337
0.232609883
0.231192619
0.229702398
0.228067711
0.226451263
6.11373234
5.41567421
1.15233219
0.221242964
0.21964395
0.374221981
3.24683189
0.992600262
0.214497283
0.21335949
0.212056845
0.21038419
39.4651222
110.768349
41.2268181
0.209231839
0.234289527
0.274603456
0.245840222
0.205889136
4.7106123
2.78256226
0.401699543
0.200963736
0.192742378
0.179477647
2.22545409
1.5184499
0.190976635
0.282783926
0.398652762
0.237641558
0.0327687636
0.0731514618
14.903676
6.94873953
0.0
0.0
0.00369313918
0.0
0.0763996467
0.0639750659
0.0517600216
0.67137301
7.81628752
9.68262863
29.0769386
35.8240852
96.9381638
35.961895
0.0
0.0
0.0
0.0
0.0
0.0
0.0
0.0
0.0
0.0
0.0
0.0
0.0
0.0
0.0
0.0
0.0
0.0
0.0
4.85693312
1.37231684
0.0
15.8747768
107.91156
126.236794
34.2994041
0.0
0.0
0.0
0.0
0.0
0.0
0.0
0.0
0.0
0.0
0.0
0.0
0.0
0.0
0.0158355087
0.0312587693
0.0487600043
0.0788867623
0.0836613253
0.0833040327
0.0835049748
1.10127902
0.259856373
0.0833112597
0.0831928626
0.0830368549
0.0829992443
0.0828808472
0.0827245712
0.0825684667
0.0825308561
0.082412459
0.0823748484
0.0823748484
0.0823748484
0.0823748484
0.0823748484
0.0821570754
0.0820631608
0.081963785
0.0819074884
0.0816517547
0.0814960822
0.0813404098
0.0810283795
0.080815725
0.0807163492
0.0804043263
0.080092296
0.0796809047
0.0793125778
0.079000555
0.0786885247
0.0783764943
0.0
0.0
0.0
0.0
0.0
0.0
0.0
0.0
0.0
0.0
0.0
0.0
0.0
0.0
0.0
0.0
0.0
0.0
0.0
0.0
0.0
0.0
24.2050896
11.6494884
0.457103997
0.00958887022
0.0
0.0
0.0
0.0
0.0
24.3353462
10.0963564
0.0738235414
0.0726619959
0.0719385669
0.0712582171
0.132918954
0.0696980879
0.0689746588
0.0680385828
0.0673582405
0.066478461
0.0656987354
0.0648620427
0.0639822632
0.0632025376
0.0622664504
0.0613303706
0.0606500208
0.262098968
0.0609557852
0.0583664626
0.0574303865
0.452568501
17.9330521
10.6072826
1.09265316
0.053581953
132.108932
58.6216927
0.0545572825
0.0507221669
0.0498854667
2.9867835
1.30203152
0.0479337201
0.0472335815
0.0919799358
0.0928815082
0.0448934175
0.0442689992
0.0445108004
4.81720161
121.930092
169.784866
110.423622
25.6425457
0.083817564
0.0454280525
0.0459149182
13.2754164
120.243683
86.027977
15.2259474
0.117840178
0.0505676903
10.5885868
4.52715063
0.0514752045
0.0510172397
0.0503440946
0.0
17.5648041
41.4456024
182.363617
239.126068
94.304184
117.758438
323.266449
404.044495
144.09697
8.13910389
0.0587830208
0.0639244765
16.0962753
52.806881
33.0053635
49.5864944
18.5136356
0.070653595
171.893066
155.795395
35.107048
0.221960813
0.0924586579
65.009758
120.872063
198.562897
376.937897
272.956421
58.2816467
0.502613068
39.1738434
14.8168983
7.56940985
42.3204765
14.7638159
0.388260424
0.226298705
0.181461781
4.7361722
9.39658833
15.6234112
155.20079
84.0043106
345.113403
159.236969
118.270546
242.292435
357.442017
105.5467
0.245512798
0.210113987
0.242175505
0.210239246
132.826172
95.2479172
328.741211
386.64389
272.056793
71.2972946
2.83751869
317.470642
269.013733
64.0990372
3.1262114
3.76089001
1.99721897
1.24030006
0.714126766
0.213214055
0.213048398
67.9966202
237.707275
173.939545
653.945923
259.610565
1.34824097
9.49063206
7.72475004
171.268356
172.527832
58.7204857
32.4123993
13.4501934
96.4994965
58.3673515
8.06748581
7.91635656
3.95922279
3.03208613
49.1432495
20.6153049
163.258377
145.194519
65.3637772
15.1021547
0.640363872
0.352355599
240.810913
150.387024
79.9077148
28.1892509
2.38190055
7.13167906
9.0446291
3.66700768
0.353135586
2.32670045
2.8812387
48.8353958
23.9973946
2.25134826
7.04850674
111.720032
50.6894035
0.355581194
0.600111783
10.3457708
132.86908
77.1131516
8.94920158
17.0565853
9.72872829
11.0351419
3.26915264
93.0400085
132.359116
66.7680664
51.8404884
94.7590179
455.622101
390.752869
217.185867
182.574356
52.551815
0.859830737
0.358049721
0.783907473
5.58405113
1.54521847
0.358049721
0.625145197
0.442900717
0.358049721
0.358049721
1.4070673
56.8358345
24.8936577
17.9726925
99.8872375
37.9450874
86.2958755
