0.0
0.0
0.0
0.0
0.0
0.0
0.0
0.0
0.0
0.0
0.0
0.0
0.0
0.0
0.0
0.0
0.0
0.0
0.0
0.0
0.0
0.0
0.0
0.0
0.0
0.0
0.0
0.0
0.0
0.0
0.0
0.0
0.0
0.0
0.0
0.0
0.0
0.0
0.0
0.0
0.0
0.0
0.0
0.0
0.0
0.0
0.0
0.0
0.0
0.0
0.0
0.0
0.0
0.0
0.0
0.0
0.0
0.0
0.0
0.0
0.0
0.0
0.0
0.0
0.0
0.0
0.0
0.0
0.0
0.0
0.0
0.0
0.0
0.0
0.0
0.0
0.0
0.0
0.0
0.0
0.0
0.0
0.0
0.0
0.0
0.0
0.0
0.0
0.0
0.0
0.0
0.0
0.0
0.0475975908
141.854813
276.531921
324.245117
189.818512
55.2289925
9.9985218
31577.7949
100.006943
100.006935
100.006927
100.006912
100.007004
100.007057
100.00705
100.007248
105.875534
124.404083
117.121101
105.439377
100.010399
100.010475
100.010468
100.01046
100.010933
100.01149
103.231628
102.346909
101.046204
100.481262
100.156723
100.012886
140.741837
140.837189
112.768089
100.015404
100.017174
100.033798
100.02095
100.015747
100.015732
100.015724
100.015717
100.01593
100.513649
101.128983
100.329437
100.218567
100.748039
100.228622
100.515968
101.173805
101.606316
102.103096
104.772949
105.714745
129.106049
132.086212
109.56855
100.124359
60.1177826
231.790359
268.118164
147.569504
113.971649
93.1546249
70.0476685
102.414513
213.084961
191.188934
120.781166
77.2576065
64.5777817
60.3290863
60.0517159
60.0508804
60.0496063
171.869247
537.726807
540.396545
237.580872
80.5521393
144.189407
138.489883
86.3640366
61.6608353
60.057621
60.0557137
60.0542068
60.1556549
70.3057556
70.9578781
75.7325821
81.7905502
96.241478
198.007324
185.529266
102.618767
70.0565567
70.0555115
70.0544662
70.0537643
70.0525818
70.0517807
70.0502853
70.1138763
78.618042
78.3042526
72.3598785
70.5291138
284.900574
416.485199
340.30957
221.732574
157.164505
122.89032
96.4569855
78.0018005
71.4896469
70.4563217
70.1461258
10.7428541
41.3215179
50.3876343
50.0648689
50.0638771
50.0626259
64.9788742
174.323471
272.573608
206.443146
422.281494
418.233643
247.307587
169.229767
122.246689
72.2853317
110.550484
108.811363
61.813961
50.4904251
100.253021
50.1725922
74.4360657
75.1855621
57.2055397
51.3547859
52.0065994
50.5873985
50.0831337
50.0822029
50.0820274
40.0801544
42.4354286
42.1740227
51.4998627
53.8150482
48.7512512
70.4726181
252.621368
588.690613
540.586792
233.234161
65.8893051
271.588623
321.070618
168.106491
65.4613495
56.5172005
53.1531143
44.2744484
40.0819855
40.0802078
40.0783119
40.0765762
42.4417419
334.614075
369.347168
161.723572
55.9690323
46.1041031
42.0187378
100.076111
100.074097
100.072273
100.070305
100.068947
100.529663
157.762741
156.45665
114.909203
127.025009
134.054276
124.070374
111.251732
101.999023
304.825165
306.824585
160.563477
102.201561
101.016632
100.148491
100.071304
272.8974
442.130249
318.252533
235.747192
315.982727
279.073547
161.776276
106.752663
100.46122
100.117897
100.087318
100.086372
100.085442
100.084297
101.586655
112.106262
341.899109
396.164124
228.525101
119.416924
100.114449
100.103584
100.089211
100.088356
100.087669
288.790253
276.745544
155.274414
408.598755
443.484833
225.835754
110.960968
100.098816
100.09816
100.097397
109.125534
200.16069
180.129059
123.798256
100.101173
50.0995941
50.0970726
51.8924332
77.4253159
248.729675
247.987717
122.17408
351.044586
324.049896
133.173721
50.0928307
50.0907516
110.675003
158.023315
209.911636
151.015945
338.510437
560.664795
580.699951
479.326843
415.835358
770.2677
512.748657
265.494232
100.099823
100.097672
100.095337
100.093376
100.090645
100.089104
100.941917
188.635254
211.78067
152.081314
205.283569
187.150848
128.974854
101.811546
119.922348
111.457413
105.444931
100.958557
100.473297
100.361
100.085678
100.081917
100.077591
100.07621
100.075172
100.074097
100.073181
100.072189
100.071136
100.070267
100.06974
100.215439
100.068199
100.066193
100.064934
100.063904
100.062851
100.060959
100.060608
100.059776
100.059669
100.058174
100.247047
100.479485
100.173981
100.114197
100.056137
102.031784
101.135796
102.438004
101.176117
50.4664993
50.922081
51.1457634
50.5409317
50.2217026
50.0517921
50.0518074
50.0541077
50.0535622
50.0523911
50.0521126
50.0498581
51.9547424
51.3070602
50.7350883
100.099907
100.047058
100.046913
100.046883
100.046745
100.046684
100.04657
100.046417
100.046196
100.995895
100.679779
100.778854
100.111389
100.069061
100.04599
106.438164
137.498215
124.410736
108.422516
100.053635
238.94632
388.590881
297.623749
150.053497
100.063675
101.093475
101.299492
103.041641
101.671127
101.27417
100.098724
100.06443
100.241386
100.05648
100.051094
100.049767
80.0485382
80.0472641
80.046608
80.0460205
80.0452271
80.044899
80.0459747
80.0489807
80.0472717
80.0436478
80.0471191
80.0466232
88.0019684
274.502258
329.848938
203.329636
216.609497
857.701904
820.372803
539.827637
330.682007
171.401611
101.054939
100.063416
100.060822
100.163353
100.465843
100.175697
100.054871
100.053406
100.271317
100.840256
100.331566
100.064865
100.046486
100.045235
100.046104
100.08506
101.199844
494.199646
957.766724
983.937866
984.574829
1127.11377
769.116333
359.936707
191.503937
126.962051
111.655014
256.807861
346.259338
247.392624
135.671936
102.361137
120.621902
100.367622
100.069687
100.067444
182.163986
169.978226
121.140686
100.0644
264.710785
529.755737
414.744049
236.518433
281.174286
233.929092
109.315208
100.058678
100.056969
100.055756
136.942642
447.859558
839.42749
677.908386
800.977173
677.320007
679.065186
685.830139
662.950378
641.068298
666.377197
652.789673
347.835541
107.884895
100.069565
100.068245
100.067024
100.065804
100.064354
100.063248
100.062042
100.061066
100.059784
100.059029
100.057838
100.057045
100.055672
100.055542
100.054741
100.054008
100.052856
103.379959
103.051178
100.810738
100.050919
100.050529
267.342529
324.914917
210.493057
118.336517
102.901802
119.299698
139.973267
127.67617
107.149063
101.008148
100.365128
100.150673
100.080872
100.061806
100.061142
100.060204
100.059441
100.142021
100.555717
100.773888
100.236374
179.888672
182.451202
124.29911
100.608818
102.626389
363.04422
412.427002
224.935837
113.151596
100.070717
100.069672
103.319901
103.76693
101.027786
100.067146
100.99334
101.56646
101.923729
114.771065
53.4525871
102.511948
111.3396
638.005371
630.267822
502.01178
454.607483
314.434204
177.699493
157.344269
116.192825
608.640137
1037.2146
685.449463
1038.5813
1075.10767
611.839783
176.006027
100.0802
100.078186
100.076408
100.074333
103.5905
191.510178
489.732727
487.590057
539.053467
770.35321
744.905151
666.616089
1038.0072
882.594788
704.067078
681.205627
688.845398
609.148193
391.721649
354.303925
354.800049
344.796997
129.676208
100.106026
100.104492
100.102936
100.101494
100.099953
100.098412
100.096848
100.095543
100.094261
100.093163
100.09169
111.627609
126.942558
117.56031
103.328331
100.089203
100.088005
100.087067
101.465836
103.733246
101.180618
100.437195
101.330055
101.007179
100.372421
100.116852
100.078262
100.077034
109.805756
105.160881
101.679741
100.370888
100.089455
489.284973
479.589233
214.625305
106.523567
103.044983
101.05455
100.078262
100.077606
100.077332
102.674889
101.429344
100.571991
100.074959
100.071655
100.071075
100.070175
107.873154
53.4168549
51.116806
50.0688515
50.0667267
50.0649643
50.0624466
50.0610466
50.0596237
50.058136
50.6873398
150.655914
125.409462
72.7972717
50.0610962
50.0596962
50.0589256
50.0574951
50.0565147
50.0555305
50.0546417
50.0539284
50.0533142
50.0523643
50.0518036
50.0510101
50.0505409
50.0500603
50.0494919
50.0487099
92.1921997
128.600372
109.782913
100.341621
100.053108
100.052231
100.051804
138.656158
127.318695
108.516441
100.055443
100.054489
100.053696
100.052803
100.051735
100.050865
100.050446
100.049484
100.048859
100.048264
100.047897
100.047623
100.046936
100.046555
100.046211
100.045784
100.596039
100.19062
100.12397
100.044136
100.044006
100.043732
100.042183
50.0421524
50.041832
50.0416374
50.0424347
50.042141
50.0412292
50.0410576
50.0408669
50.0410538
50.0406532
50.0404739
50.0403137
50.039978
50.0395966
50.0393829
50.0392838
50.0390854
50.0388908
50.0388412
50.0386391
50.0385399
50.0959816
82.9837189
72.3535995
57.3764229
50.0442886
50.0439987
50.0389557
100.038559
100.038177
100.037834
50.0376701
50.0376015
50.0375443
50.0372047
50.036705
50.0364952
50.0364418
50.0361404
50.0355606
50.0354462
50.0353546
50.0349922
50.0349617
50.034935
50.0349083
50.0351295
50.0348053
50.0350151
50.3108368
50.0472527
50.0376587
50.0373497
50.0348625
53.2180519
53.5212059
51.4975548
50.3801842
50.0363808
80.0361938
80.0360184
80.0360641
80.7501221
80.0662537
80.0345306
80.0337296
80.038681
80.0385437
80.0352554
80.0352402
98.8336182
92.6678162
378.19342
352.89386
167.071945
80.0486374
80.0458374
80.0426712
84.3079071
89.0004501
85.3792801
81.555542
80.0452728
112.302551
109.865356
91.5579376
86.840332
84.3817444
81.5872345
110.214546
110.859291
110.509857
108.82782
55.3477364
66.3302307
84.2397003
345.280396
338.015381
400.647095
1395.64697
1829.01672
994.126953
269.297119
104.134445
105.048584
102.853828
102.267693
100.67511
100.058189
100.057068
100.05574
100.054329
100.052788
100.050995
100.075844
100.192863
108.025978
109.454575
103.518944
100.271774
60.04702
60.0434608
60.6968002
61.8521881
63.0810852
94.9226227
105.577538
87.9362488
68.420433
61.3996849
72.4613953
68.1828842
62.562542
237.116653
282.29364
354.027222
429.386841
407.985474
548.695557
441.352173
211.653061
91.8478622
69.2685547
235.341858
678.18158
565.147888
199.193039
64.9479675
62.5778046
61.062645
100.16201
109.711128
128.134842
121.32782
105.386063
100.065155
72.0927505
72.4007721
70.9341583
70.7962875
70.7223587
70.2544861
70.1075287
70.0777359
70.0609055
70.0558472
91.9169769
106.880196
100.072739
82.6607285
72.2700882
70.1340714
84.6562653
91.5369034
81.82444
72.5652466
78.8864212
424.876648
577.764343
337.950867
123.565811
102.630241
100.274002
100.067749
101.410896
102.018639
100.575829
100.064262
100.063339
100.06266
100.061966
105.237122
105.521782
101.473152
100.059288
100.058365
102.314545
102.859535
109.369049
171.976608
260.41745
235.445511
245.025864
283.46051
210.784897
137.758759
150.398468
257.536652
255.969269
161.657013
224.469788
220.424255
75.5904846
40.4383812
40.747467
40.6346893
40.3220329
40.0854034
40.0829391
40.0806961
40.0781555
40.0763664
90.2388611
369.84137
1059.56909
879.899536
370.158722
365.532593
301.078644
110.843277
105.420837
298.301788
100.084564
100.082451
100.080711
506.021576
515.893311
275.955872
415.578949
380.625549
135.315826
122.797684
111.468391
102.885887
102.237808
101.488953
147.708481
146.332687
152.459946
139.997147
110.066902
100.078423
152.082077
295.84259
314.845642
196.755798
114.416679
100.086586
100.085388
100.084229
105.626213
125.154907
120.124062
104.395096
179.6996
298.756317
243.748886
234.075165
240.586761
170.593475
169.227341
155.892761
115.427261
100.578453
100.312256
100.099167
100.097786
107.893669
104.032066
101.345528
157.082123
182.542755
334.630981
290.203857
155.618546
100.643539
100.183212
100.103935
100.10318
100.102257
100.101692
100.100586
100.100143
100.287422
100.098297
100.097412
130.154419
157.95932
133.501755
108.112679
103.343605
101.779251
100.698128
50.0982285
50.0956459
50.0929909
50.0903587
50.0880051
50.085701
50.0835037
153.078583
505.896088
470.283386
182.412613
57.5321236
123.93428
1219.74194
1528.70874
819.235229
1296.599
966.062012
778.148193
130.658661
100.08239
100.080269
100.078255
100.076477
100.075134
100.073517
100.072182
100.070885
100.069832
100.068451
103.46183
343.115356
802.580505
782.561646
366.979553
585.357178
482.57962
323.657013
100.38343
100.09948
100.08625
100.069176
100.068024
100.066872
100.066093
100.06517
100.064293
100.063232
100.062393
100.061554
100.060425
100.059464
100.060516
100.060081
100.057259
100.057526
100.057045
100.058449
100.057381
100.056953
100.056236
100.052223
100.053825
100.052063
100.049812
100.052208
105.939911
102.651726
100.946037
102.354507
101.062927
104.270088
109.300797
116.454765
118.680359
122.822052
110.011177
102.596146
100.056198
100.05545
102.699905
101.374184
50.5893097
50.0539703
50.0539284
50.1942596
50.0548477
56.2402992
53.1125603
58.1773987
112.379036
109.459145
112.170677
136.08403
123.225281
107.28521
121.535629
131.905762
150.95546
129.617905
108.98632
100.064674
101.831589
102.326859
100.933701
100.256218
100.060646
100.685349
100.125496
100.079506
100.056625
106.677292
104.10701
101.576462
100.865746
182.863861
230.35022
452.481567
654.690613
574.622437
299.037689
138.797577
100.319168
100.072289
100.070145
100.068024
100.066032
100.064583
100.368294
100.061699
100.060387
100.05912
100.057983
100.054565
100.052223
100.052589
100.051781
100.048698
100.047173
100.046455
100.045898
100.045341
100.048935
272.258362
446.150635
382.469788
226.831726
678.362427
736.520264
467.72937
251.604004
158.037964
105.709518
100.299225
100.499954
100.189758
100.065666
100.064125
101.054642
101.783577
100.609306
100.079933
100.056999
100.055603
100.054558
100.053421
100.051323
100.050438
100.048813
100.046745
100.046341
100.04512
100.04464
102.352509
205.347763
228.26384
192.754501
149.927216
113.271187
187.956589
611.193665
818.266602
452.49942
146.787827
64.2208405
60.5063362
60.0621262
60.2995224
60.4406052
60.1877174
65.5676193
131.088409
160.671021
128.039948
81.1545486
63.1610031
60.0572243
60.0557823
60.0545464
60.0531235
60.0513153
60.6475372
60.2907753
60.1218224
60.0481796
60.1039505
60.0569611
60.0481148
60.0450134
60.0437126
60.0958824
60.371109
81.2499161
109.044022
100.75383
78.1271286
70.0804901
179.953781
181.751282
103.032089
70.053215
75.4637756
75.2477264
72.2816925
85.1547852
84.3750305
74.1609421
513.454895
534.65094
1030.53174
1155.5387
1046.62305
669.900024
264.211945
311.74353
831.571716
432.703918
261.929474
219.485077
100.445122
103.63147
103.372345
115.178673
509.687805
928.587402
818.309692
1333.85193
1301.22021
1153.26221
751.953247
452.215607
173.498901
132.791885
109.701584
104.479782
115.146446
112.230247
109.79364
107.079002
101.90818
100.083046
100.082169
100.080795
100.080101
100.079262
117.763535
211.675995
201.000153
127.841125
113.3293
267.909485
759.10498
709.677612
307.896393
294.292419
267.42038
306.89743
177.252563
150.692001
161.803223
187.254013
203.934723
169.905243
139.002029
135.30748
108.961166
112.973236
106.57048
101.298294
100.090385
100.088348
100.086388
100.08416
100.082237
100.080208
100.07843
100.076607
100.073921
100.07206
100.070282
100.06897
40.0674706
103.329018
43.3604965
101.714752
100.327232
100.110977
100.06102
100.08387
100.067451
100.057999
100.057053
100.056206
101.155479
102.75592
101.835121
100.215576
100.052902
100.315567
100.136856
100.051476
100.051537
101.531479
103.071121
101.762039
151.511307
152.288345
118.618462
274.684204
431.364105
712.013123
658.288696
322.397491
127.715927
100.07235
100.071762
100.07061
100.06987
100.068832
100.06765
100.067001
100.065704
100.064964
100.064041
190.425491
475.19635
667.939453
483.269104
214.170486
112.257133
100.080025
100.127655
100.07843
100.077614
100.076897
127.458138
249.199844
415.233398
392.671051
224.399734
122.52845
101.384438
100.091896
100.089699
100.089874
102.20842
101.240402
188.045166
773.277832
717.409241
283.710999
302.888428
335.377258
229.574829
100.08744
100.077255
100.075188
100.073425
100.071579
100.069893
100.391876
100.067368
100.06572
100.064636
100.063667
100.062363
100.061295
100.06073
100.060318
72.9535675
67.2044678
92.9104919
72.9446106
56.647274
100.06076
100.060013
202.838043
216.488693
150.62793
108.056549
100.065079
118.407547
110.47084
103.329575
100.063026
100.062218
100.061302
100.060722
100.059952
100.059494
100.058105
100.057396
100.056664
100.055534
106.986618
103.252342
101.109833
100.052711
100.052422
100.055061
100.05468
100.050354
100.051453
100.053764
100.052505
100.052696
100.085159
50.0459976
50.0455742
50.0452919
50.0451241
50.0448112
50.044548
52.6727257
51.2313423
50.5149727
50.0434952
50.0432663
50.0432663
50.0432816
50.0429878
50.042675
50.0425606
50.042408
50.0421867
50.0422363
50.0421944
50.0416985
50.0414734
50.0412674
50.0410919
50.0409317
50.0409279
50.0407677
50.0406113
100.038704
104.702934
104.299141
101.771004
100.378777
100.041557
100.040833
100.038109
368.668823
344.473846
177.443878
100.049309
100.048309
100.046913
100.04567
100.044678
100.043587
100.043243
100.043228
179.988831
167.979675
122.332642
100.050888
100.049072
100.047501
112.023399
108.235703
102.978233
101.58503
100.83313
100.396248
100.045761
100.046837
100.046432
101.109711
100.32431
100.147827
80.0858536
91.1954651
167.004333
436.203003
944.512573
1085.08081
730.698059
333.282562
148.377258
105.304703
101.379692
100.06131
100.059395
100.057335
119.09214
115.017441
105.253242
100.052521
100.051086
100.864059
100.079567
100.044922
100.043282
100.042854
100.04071
100.040009
100.039833
175.058105
177.346603
123.457031
100.075424
100.047539
100.045486
100.045258
100.043549
100.042725
100.041611
103.284142
202.905182
244.426605
171.440079
261.107147
491.763794
489.221252
400.209778
356.692932
261.186493
153.016296
106.761681
100.07093
163.995743
1243.18872
1807.78223
1270.26257
537.848328
147.546844
300.279785
518.233582
117.666435
100.072296
100.068596
100.065742
100.063057
100.061409
100.059349
159.78775
147.691406
114.508568
100.05555
100.096756
100.05957
114.03611
109.16185
102.847839
100.050034
100.049072
100.048401
148.707489
97.7690277
71.4971313
102.410049
448.712921
447.826874
180.329163
102.019943
207.494659
485.543762
516.742432
487.438965
499.247437
347.765045
311.237427
254.610641
100.066154
100.065247
100.06395
100.062523
100.061348
100.059937
100.059044
100.849159
100.919823
100.333725
122.286606
121.128609
106.004547
100.057175
100.055206
100.055519
100.054558
100.053703
100.053177
100.052299
100.052292
100.051163
100.050758
101.050117
101.534042
100.435989
100.049339
100.048935
111.942596
112.200493
103.971306
104.180428
104.035393
101.023079
114.754082
295.174561
377.203003
246.120209
126.927734
100.062271
100.06179
101.820168
137.583282
146.931396
120.529411
108.734833
106.34565
101.690742
100.065178
153.02037
156.442047
328.294312
319.21759
167.07016
40.7834358
40.0732994
40.0710297
40.0689621
40.0666008
40.0644531
40.0628967
40.0615883
40.0590363
89.1391602
89.5894012
56.2379913
40.891758
50.0410385
378.054352
423.458984
187.874908
54.9904861
40.4055557
40.0621529
40.110363
40.319313
40.1989365
40.4946938
40.5648956
40.2864151
40.0520706
40.0509262
40.0501289
40.0493584
100.048119
100.047279
100.046623
100.823364
102.179237
101.582047
100.185745
100.042953
115.213203
148.840012
145.038727
116.853165
101.810059
100.049767
100.048546
100.046883
100.045937
100.044968
100.043854
100.042786
100.042603
104.140984
107.07386
103.927574
100.382927
100.041397
100.224411
102.440849
102.588539
100.294418
100.040497
100.041267
100.040726
136.912888
272.04364
237.964767
138.938599
100.054443
100.053993
100.053108
100.050537
102.146309
101.153961
100.472832
100.047043
100.046249
100.045425
100.689827
100.270958
100.164902
100.048363
100.047997
100.047325
100.041435
100.042503
110.749435
105.820587
101.844612
100.04113
100.04216
100.042
50.0445213
50.0452423
50.0455017
50.6516991
57.3905487
60.8240356
87.7131958
102.592682
221.99556
174.131668
86.3858719
50.0555305
50.0546761
50.0537262
50.0529785
50.0522308
50.0515785
50.0516167
50.0511169
50.0484581
50.0491028
50.0485954
50.0458374
50.0451927
50.0442619
50.0448914
50.044281
50.0428543
50.0424576
53.992981
51.4140739
50.4925575
66.3794861
279.448303
385.997986
233.19516
88.3596191
50.0562248
50.0552444
50.0545387
50.0539017
50.0522766
50.0518494
50.0504379
50.0501175
50.0500488
50.0476074
50.0467949
50.0462151
50.045414
50.0447655
50.0442657
50.0436668
50.0482292
50.0483131
50.0477257
50.0420494
50.6371193
50.2009544
50.132122
50.0428734
50.0403976
50.0436745
50.0433121
50.0385742
50.0422325
50.0420723
50.0381393
50.0380898
50.0378189
50.0377083
50.037838
50.0373459
50.0373268
50.0373077
50.0373344
50.0371208
50.0370674
50.0370255
50.0368195
50.0367699
50.0367203
50.0366707
50.0364609
50.0363884
50.036293
50.036232
50.036171
50.0359459
50.0358772
50.0351639
50.0351219
50.03508
50.0350304
50.0349541
50.0348549
50.034729
50.0345383
50.0342293
50.0338287
50.0337715
50.0337257
50.0335617
50.0334854
50.0334358
50.0333977
50.0333633
50.0333252
50.033268
50.033474
50.0331192
50.0332985
71.446106
66.3217239
55.8728943
50.5230331
50.0400772
50.0365791
50.0695572
50.0392532
50.0358353
119.967209
111.56636
90.8743973
80.0455475
80.0422668
80.0399857
80.1300125
80.0425415
80.0354385
80.0342255
80.0338516
80.0336456
10.0105677
70.0554352
80.0326767
80.0325699
80.0325241
80.0327682
80.0330658
80.3231583
80.0472488
80.0351105
25.6640682
10.5513105
93.3644257
102.535866
89.5470123
81.3006439
379.664886
420.851685
160.441391
100.047005
100.045471
102.398918
103.175087
100.922043
50.0405006
50.0408936
50.0758667
50.0491676
50.037468
50.0377808
54.1479797
332.052795
550.786743
423.401123
188.773941
71.8838425
100.057701
100.056114
59.1892853
238.668152
269.835114
138.533356
59.7634201
100.065575
56.8327484
57.8918839
52.3400459
50.0544586
50.053257
60.050209
78.2174454
118.944351
400.865662
592.238403
384.317993
259.549774
492.078735
695.405762
446.027313
152.013748
62.4393349
60.0654716
70.6981201
106.645096
102.8703
113.045898
90.4673462
68.6182022
276.727509
339.285645
184.404999
79.0868683
60.1240349
117.038223
208.025116
338.740112
573.794739
538.469727
255.211365
100.612068
89.9258118
89.8509216
79.8596802
95.889473
93.0174332
76.4821396
70.1605835
70.0914612
72.7333832
76.934494
82.3447342
231.623215
242.630096
430.656128
397.220856
236.294922
279.081909
430.107697
313.167877
129.426086
70.0898361
70.0886841
70.0866852
144.653687
164.854248
321.444824
439.798401
392.904755
225.457977
124.881332
267.012604
319.329987
202.004272
116.506943
101.172745
101.177917
100.570488
100.424179
100.174454
100.097198
122.595047
248.012985
265.204773
507.265594
456.880798
204.507095
101.958191
102.890648
165.921478
197.313492
154.285049
119.191666
107.82653
130.578918
133.762421
113.283318
102.85672
102.258965
101.114784
114.348679
114.394966
116.874832
139.036606
97.1935501
57.4127617
43.2699661
40.1672249
184.676605
200.116943
117.164505
63.3894043
46.6142197
42.1383057
43.4030647
42.167778
40.7009888
40.6462059
40.8680038
57.6489449
57.3414803
46.1280594
42.6922684
101.965439
101.103333
118.924538
100.093208
103.392448
123.322006
127.965805
131.299713
107.680428
105.969795
107.172989
104.799362
155.199661
210.314911
182.412262
145.878983
160.387283
438.960144
505.064972
326.660583
213.735458
155.060272
111.413673
100.156578
100.313477
101.64373
101.828476
100.279121
100.245941
100.149445
100.103813
100.102303
100.516525
121.014748
121.20665
112.456261
151.493423
145.309113
146.909821
