0.0
0.0
0.0
0.0
0.0
0.0
0.0
0.0
0.0
0.0
0.0
0.0
0.0
0.0
0.0
0.0
0.0
0.0
0.0
0.0
0.0
0.0
0.0
0.0
0.0
0.0
0.0
0.0
0.0
0.0
0.0
0.0
0.0
0.0
0.0
0.0
0.0
0.0
0.0
0.0
0.0
0.0
0.0
0.0
0.0
0.00198895531
0.00343600428
0.00343600428
0.00343600428
0.00343600428
0.00343600428
0.00343600428
0.00343600428
0.00343600428
0.00343600428
0.00343600428
0.00343600428
0.00343600428
0.00343600428
0.00343600428
0.0
0.0
0.0
0.0
0.0
0.0
0.0
0.0
0.0
0.0
0.0
0.0
0.0
0.0
0.0
0.0
0.0
0.0
0.0
0.0
0.0
0.0
0.0
0.0
0.0
0.0
0.0
0.0
0.0
0.0
0.0
0.00343600428
0.00343600428
0.202828005
31.1268177
48.1544914
65.523613
43.8976669
15.2722788
10.0017195
2.72939157
0.00343609275
0.00343600428
0.00343600428
0.00343600428
0.00343600428
0.00343600428
0.00343600428
0.00343600428
3.21816134
10.0736313
6.86874437
2.09418678
0.00343600474
0.00343600428
0.00343600428
0.00343600428
0.00343600428
0.00343600428
1.50473642
1.07440662
0.474767447
0.222571313
0.0679050982
0.00343600428
11.0553646
11.2272682
3.42514992
0.00343600498
0.00343600428
0.0101847816
0.00557995867
0.00343600428
0.00343600428
0.00343600428
0.00343600428
0.00343600428
0.223587379
0.485819638
0.141156882
0.0896992013
0.312882513
0.0939522609
0.226838633
0.485587507
0.721364975
0.840052247
2.04331279
2.13449097
8.50425911
8.55101585
2.60889935
0.0
0.0
27.5356979
28.932148
18.7201195
23.173975
12.1898403
5.21953487
13.9579735
38.7590408
23.6450081
19.8187294
12.172883
7.68351889
0.0584394261
0.0
0.0
0.0
30.4597607
106.25679
116.818634
48.5167809
10.5486908
43.646904
22.9625568
11.7328653
35144.7773
99.9311752
99.9319534
99.9330139
100.03215
100.138924
100.610405
103.789902
106.906563
113.256859
141.449463
130.43898
108.244423
99.9337997
99.9339066
99.93396
99.9340057
99.9340363
99.9344177
99.9513779
99.9966202
105.209358
104.423462
101.177345
100.224098
152.595306
183.80632
175.917709
154.660126
140.037155
127.752747
114.825142
104.694595
100.933716
70.2399368
70.004509
100.498421
100.808563
100.168709
99.9467392
99.9468079
99.9470139
109.163712
141.536148
168.173431
149.798096
219.717484
217.933472
180.778992
163.76944
141.582367
114.288376
108.223869
106.772385
102.53788
100.329964
100.136444
100.089668
116.057304
65.3889008
54.3524704
50.9877357
51.4596024
50.3781281
50.0159187
49.9966431
50.0921135
40.091526
42.0325432
41.6333351
47.6516991
48.3089561
45.1915741
56.1540451
108.57515
210.993881
207.161087
112.192772
52.1211319
135.675064
157.603149
103.188354
56.8723564
54.4886703
49.7869568
43.2228966
40.1531525
40.15448
40.1556091
40.1559868
42.4576759
149.694702
156.68631
87.5319595
52.3848114
44.9987488
41.6982574
40.1727676
40.1740303
40.1746674
40.1752357
40.1754265
40.6370811
73.4424286
66.9496078
47.5891647
59.336731
61.5162392
56.6648636
47.4098816
41.4349518
123.460953
109.616997
60.9647484
42.2806664
41.0272789
40.2437286
40.1830635
120.496346
189.00676
124.199379
121.284195
175.687714
151.809494
79.7815933
46.154026
40.8522453
40.244072
12400.9912
100.194527
100.191208
100.184845
102.910156
115.468842
241.785583
273.69632
170.42308
112.427132
100.175758
100.155327
100.146973
100.128059
100.119392
230.052475
195.019012
129.567871
344.77594
335.929382
189.802856
112.014961
100.029388
100.036201
100.027817
115.584854
195.433136
172.369263
119.630554
99.9949493
100.042007
100.007408
103.512451
134.296783
245.154373
240.179077
150.258041
322.529877
254.023636
145.534973
99.9243088
99.9584198
161.187866
204.771042
238.288757
182.323608
319.652832
485.098877
543.42334
572.127197
604.337708
385.658722
205.344482
99.9129181
99.9154358
99.9550018
99.9955902
99.9652481
99.9326324
99.9668579
101.886604
168.642975
195.391769
143.075302
185.044571
165.600189
122.281235
101.982765
123.454315
111.721626
107.190651
101.046227
100.518028
100.735725
100.112457
100.102005
100.100922
100.106972
100.112663
100.117561
100.121613
100.125351
100.128479
100.131569
100.134705
100.446571
100.148689
100.144867
100.147949
100.148788
100.148376
100.106369
100.132576
100.118393
100.126106
100.151138
100.491486
100.87516
100.265305
100.209618
100.150078
102.786102
51.2684517
52.7957153
51.1441841
50.4384842
51.2256393
51.2844505
50.4297714
50.240387
50.1417809
50.1408234
50.1398621
50.1386681
50.1377563
50.1368942
50.1359329
52.2264023
51.0733223
50.471302
100.050224
100.020752
100.019928
100.019035
100.018143
100.01722
100.016327
100.015289
100.014488
101.024963
100.583557
100.703163
100.044281
100.022148
100.008904
105.217567
117.747643
110.415657
103.267685
100.024773
136.329956
171.97464
140.875534
110.646996
99.997963
101.242111
101.290359
102.75898
100.885628
101.074654
100.115723
80.0973816
80.3760529
80.0894394
80.087944
80.0861588
80.084404
80.0825882
80.0808258
80.078743
80.0770645
80.0753479
80.0737915
80.0724792
80.0710754
80.0696869
80.0685425
80.0675201
85.3370514
123.182327
134.78093
108.256859
119.704857
303.883301
275.216309
255.616699
170.103607
107.922989
80.9396057
80.0982361
80.1002197
100.193237
100.450439
100.206116
100.101044
100.100418
100.283859
100.735626
100.331398
100.110611
100.095848
100.094536
100.093254
100.125153
101.139572
212.317505
360.872711
420.194031
517.69635
621.522095
455.842194
263.74826
165.760132
120.568169
112.546707
186.509064
237.872421
192.144226
127.26577
102.946884
101.659966
100.603722
60.1559525
60.1717834
110.534058
102.303726
73.4372253
60.1727524
142.133789
279.221497
198.014191
96.8367844
60.2481918
60.1568871
60.1724892
60.1725426
60.1725273
60.1725578
94.0184479
254.99765
456.763489
371.590759
205.756592
110.149261
107.959015
432.611877
511.526184
292.254059
171.883255
108.673218
74.4835739
60.1569519
70.1568222
70.1567535
70.1566849
70.1566162
70.1565399
70.156456
70.1563644
70.1562729
70.1561737
70.1560745
70.1559601
70.1560211
70.1714325
70.1556549
70.1554718
70.1555099
70.1711807
75.0666199
74.099678
71.1501694
70.1541824
70.1539612
155.858704
177.268387
120.170639
79.1811523
73.1696625
89.6347351
104.177841
88.688858
74.8423767
10.1461372
41.2628708
50.2301598
50.1825829
50.148201
50.1473846
50.146637
50.1458855
50.2483063
50.6540604
50.8149529
50.3013535
98.0098114
84.0882874
59.9966965
50.5622063
52.602829
177.817337
171.944305
99.3513336
57.3485184
50.1348801
50.1351318
54.0052147
53.5395203
50.986557
50.1335983
51.0585213
51.494751
51.933548
65.2469482
49.6350822
81.4748383
78.982811
337.637756
247.802063
285.127747
289.580292
232.072601
170.133759
99.0603714
60.0992889
455.951965
835.471069
537.083618
152.294785
40.2389603
40.2389603
40.2389603
40.2389603
40.2389603
40.2389603
40.2389603
46.1408081
116.411392
314.153931
338.638885
478.520081
519.677612
326.898621
157.701126
629.075928
770.515991
810.06781
769.862671
779.255981
697.181702
447.873871
405.814331
440.457428
401.740234
165.251587
100.238953
100.238953
100.238953
100.238953
100.238953
100.238953
100.238953
100.238953
100.238953
100.238953
100.238953
117.641159
135.495789
121.574364
104.164124
100.238953
100.238953
100.238953
102.414047
105.683075
101.912964
100.784058
101.983261
101.529732
100.657516
100.262802
100.199287
100.189537
112.583931
106.771759
102.180832
100.537086
100.18679
300.422302
296.518799
159.376495
110.183846
104.890099
101.655952
100.098831
100.093346
100.082542
104.409973
102.426292
100.920013
100.021339
99.9824829
99.9663162
99.9560699
111.543015
55.242794
51.6564026
50.0392876
50.0329285
49.9947205
49.9569473
49.9487877
49.9426575
49.9371414
50.9234695
107.543907
96.0493317
63.7746048
49.9648132
49.9511414
49.9470711
49.9089737
49.9061661
49.9046249
49.9034805
49.9024696
49.9013596
49.9009476
49.9004059
49.9000549
49.9000626
49.9001236
49.9010391
49.9023514
77.0653687
118.009323
106.024521
100.114037
99.9634171
99.965271
99.9940872
121.61026
113.343666
104.172554
100.000008
99.9822617
99.9841309
99.9863663
99.9889221
99.9912796
99.9944153
99.9979019
100.002129
100.006874
100.019829
100.017296
100.017967
100.01915
100.020599
100.023026
50.8207741
50.1352081
50.0859795
50.0352745
50.0390434
50.0437431
50.0390015
50.0473709
50.056675
50.0675392
50.0524178
50.0798416
50.0816765
50.0812645
50.0806198
50.0802002
50.0795097
50.078968
50.0782928
50.0778351
50.0770531
50.0763893
50.0757408
50.0750961
50.074749
50.0738068
50.073204
50.0728683
50.1401253
66.2127304
61.1988983
53.5654755
50.0704308
50.0700645
49.9524307
49.9518166
49.951664
49.9515419
49.9513092
49.9511719
49.9509735
49.9508705
49.950676
49.9505653
49.9502716
49.9485092
49.9454193
49.944622
49.9445229
49.9443398
49.9440498
49.9437904
49.9435349
49.9433823
49.9433746
49.9445
50.1942863
49.9489021
49.969471
49.9435883
49.9442711
51.9971237
51.8833389
50.6675644
50.1047363
50.0574036
80.0567856
80.0563126
80.0555725
80.5166855
80.064064
80.0536575
80.0528793
80.0521393
80.0514755
80.0508499
80.0501022
88.4057465
85.827652
130.326767
121.320541
92.921257
80.0463181
80.045845
80.0452194
82.3372192
84.1736374
82.2739639
80.6564178
80.0422592
91.0490112
89.5603943
83.6763992
82.9812241
10.3311338
72.0072708
104.119034
103.939804
104.04319
103.062469
51.9550476
55.9570084
61.1567879
107.319283
100.045807
128.668579
478.638458
688.633301
426.007874
130.657028
104.063232
104.621475
102.6576
102.013062
100.693626
100.183685
50.1830673
50.182148
50.1807556
50.1790543
50.1772385
50.1969566
50.2960091
56.5075684
57.0810966
52.6447792
50.2358665
60.094223
60.0752449
60.5402565
61.2808723
61.9658508
75.9733963
81.0055084
72.8851395
64.0088348
60.7525711
66.8713531
64.3625565
61.3750648
107.907539
125.371475
152.361603
180.329865
185.979172
256.779785
214.135757
137.921463
82.2761841
66.7828827
144.016724
365.862
250.445908
113.265923
65.3255081
62.6234131
61.1354637
48245.1602
110.716728
124.996117
114.679985
103.70311
100.138748
102.081528
102.181488
100.842789
100.828911
100.709824
100.287521
100.191368
100.1474
100.132324
100.127747
118.745468
124.515297
118.203011
106.94313
101.338974
100.19722
112.177216
113.647438
106.829849
101.546989
107.329758
248.290985
282.874847
189.292267
122.114143
101.998177
100.265831
100.112762
101.521843
101.804626
100.539955
100.112122
100.11113
100.109825
100.108627
105.986946
104.352692
101.165672
100.1036
100.120079
102.284439
102.144783
108.525772
141.505585
175.049805
157.965332
182.96048
197.030243
146.666306
125.140778
144.476654
201.751068
181.850189
131.827896
189.9655
153.829575
55.3848724
40.5344963
40.9739723
40.7431068
40.4216766
40.214447
40.214447
40.2141113
40.2138786
40.2134857
75.6987991
187.797791
595.061584
414.516602
248.682495
332.768433
233.515152
89.7684631
40.2389603
40.2389603
40.2389603
40.2389603
40.2389603
326.879364
311.162109
135.016663
60.613533
49.6972466
69.9155121
74.3358307
116.722656
104.748009
103.84729
102.67746
153.436951
147.188705
159.401978
142.219681
110.367432
100.238953
155.401382
265.047485
285.541748
190.832443
115.121407
100.238953
100.238953
100.238953
110.164658
136.871277
126.512939
105.662849
176.335907
280.011658
226.171982
242.259445
267.249878
187.855988
199.769684
174.320587
120.879837
101.172371
100.632629
100.237549
100.228706
114.674461
107.37191
102.397903
164.14386
200.33725
340.946716
268.291748
148.157883
101.347046
100.315453
100.131142
100.130386
100.125694
100.107178
100.09565
100.090401
100.50145
100.105621
100.085876
142.736542
176.500473
142.923264
109.976746
106.011726
103.263435
101.179718
49.9995079
49.9864616
49.9779778
49.9699631
49.9624405
49.9555016
49.9820557
124.152908
338.251648
296.087769
132.272949
58.6838722
83.4934692
1043.8783
1266.08276
631.269958
146.03331
49.9986572
50.3747139
100.000275
99.9576645
99.9112473
99.9090576
99.9105606
99.9125824
99.9151306
99.9181671
49.9216766
49.9256516
49.9302292
105.764511
229.836517
496.627655
497.066101
270.080658
128.778717
100.057442
100.038422
100.802544
100.152901
100.110352
100.073624
100.080238
100.088516
100.096764
100.104034
100.110733
100.117424
100.123375
100.128426
100.132889
100.136726
100.147537
100.151115
100.145462
100.14814
100.148499
100.153442
100.154594
100.156586
100.163033
100.11908
100.126411
100.154396
100.159645
100.147446
107.533859
102.773544
101.053566
102.763573
100.889305
104.1978
107.31958
110.620987
110.977753
62.5850754
54.9367523
51.43153
50.1558495
70.6777878
52.7451515
50.9245033
50.4833145
50.1514816
50.1507568
50.3479767
50.1485062
54.8665047
51.7846756
55.2978935
107.098351
105.36821
107.079292
117.302742
110.189529
103.093315
112.477097
116.268173
124.768555
111.884384
103.587883
100.027321
102.051064
102.046028
100.54425
100.140892
100.021187
100.849358
100.085609
100.033508
100.037605
105.676476
102.176056
100.834412
100.993561
133.002136
148.418518
226.585205
297.731628
272.389801
168.938873
115.545105
100.308693
100.123405
100.12442
100.12484
100.124809
80.1247711
80.6895905
80.1238861
80.1231918
80.1225967
80.1217194
80.12043
80.1190186
80.1175156
80.1161728
80.1144714
80.112709
80.1110153
80.1090164
80.1072083
80.1051712
135.742767
187.726318
173.85318
130.049896
306.251617
310.014984
251.099716
158.59906
130.834564
104.253983
100.383369
100.596001
100.289207
100.164001
100.164017
101.110023
101.756462
100.694954
100.185043
100.160355
100.158615
100.157394
100.156166
100.154312
100.152649
100.150703
100.148712
100.14666
100.144493
100.142456
102.313606
138.21904
144.405441
138.617554
121.785988
105.908859
133.020615
259.191895
339.566986
206.996902
98.9603271
63.4605637
60.4733124
60.0959892
60.311512
60.4378281
60.2171555
64.920311
97.485611
113.62381
97.5235596
71.9263458
62.0015831
60.0775185
60.0764198
60.0749664
60.0730972
60.0715752
60.5898399
60.2744331
60.1291351
60.0788536
60.1227493
60.0816536
60.0718994
60.0526505
60.0501137
60.1056824
60.3412056
25383.7695
122.58374
113.756462
103.563026
100.050873
141.934341
130.294235
109.104752
100.028732
103.909317
102.980469
101.35434
109.905907
106.937981
102.068108
248.957657
212.097672
560.221436
541.457153
580.139893
357.455627
183.35141
242.545715
200.386215
131.936905
103.79921
101.980431
100.527107
104.83004
103.562218
117.741852
347.715393
597.946289
547.498169
640.262085
454.129944
215.210159
642.096741
434.821808
168.690033
144.921219
113.487083
107.864388
123.897614
117.851707
115.06385
110.616264
102.87278
100.147766
100.147644
100.164978
100.146942
100.146736
123.53273
190.888519
169.489838
118.258446
118.474884
230.999222
596.742798
594.055725
290.611511
123.357521
100.238953
331.466614
195.150253
160.398666
171.736618
203.68985
223.501587
223.97496
206.364822
178.513885
130.402649
121.084137
110.62117
102.14843
100.238953
100.238953
100.238953
100.238953
100.238953
100.238953
100.238953
100.238953
100.238953
100.238953
100.238953
100.238953
100.238953
44.905056
44.9641075
102.530327
100.563293
100.29644
100.238953
100.267197
100.247925
100.238953
100.238953
100.238953
101.464676
102.993134
101.95623
100.395241
100.238953
100.514832
100.326485
100.2388
100.2388
101.644409
102.89698
101.636703
131.025146
131.030045
113.338387
168.301239
232.671967
371.079529
385.502716
228.071457
119.62529
100.238953
100.230659
100.223892
100.225319
100.234436
100.197914
100.208794
100.197845
100.187111
100.194771
170.155731
355.447479
528.562744
451.774139
228.900803
120.726494
100.139809
100.244514
100.125435
100.094521
100.090912
143.89444
261.268494
455.345215
451.907318
273.967804
137.464035
102.788498
99.9952545
99.956337
99.9729538
54.5039101
52.4351578
135.963638
674.365906
582.475647
212.169006
52.0124702
102.587448
100.025131
99.9938278
99.9599457
99.922905
99.919075
99.9158478
99.9132767
100.663246
49.9637604
49.9179192
49.9070778
49.9067078
49.9068565
49.9075012
49.9087563
49.9485817
49.9882355
69.9825287
85.8788071
68.0682602
55.3945198
49.9857178
99.9977188
154.089294
168.029129
128.413315
105.038467
100.025681
117.975143
107.861153
102.501434
100.017899
100.022514
100.027756
100.033386
100.055443
100.05011
100.047829
100.051529
100.055725
100.059769
107.789215
102.242249
100.791237
100.072647
100.074615
100.079285
100.085495
100.082916
100.078461
100.083939
100.097122
100.085732
100.142738
50.0825119
50.09198
50.1000824
50.1042023
50.1068115
50.1063423
53.1568146
50.8185844
50.3824081
50.1036873
50.1032143
50.1024742
50.1017914
50.1010857
50.1005402
50.0999107
50.0990715
50.0982742
50.0976143
50.097065
50.0962639
50.0954628
50.0945435
50.0937195
50.0930443
50.0922012
50.091404
50.0904808
99.9781113
103.937523
102.844292
100.927483
100.161293
99.9960022
99.9709396
99.9701309
159.293655
145.976013
114.404861
99.9696121
99.9691696
99.9684753
99.9680176
99.9673996
99.9675064
99.9893417
99.9669876
127.45269
118.420227
105.97171
99.9658432
99.9656677
99.9657364
107.497818
103.55925
101.218918
101.419243
100.309669
100.119438
80.0674515
80.066864
80.0663605
81.1482925
80.2144928
80.1216049
80.1144333
86.4250565
105.952957
163.392761
310.946869
406.656189
321.399109
181.24411
108.140335
84.5463028
81.4721375
80.1138077
80.1149216
80.115242
96.6176605
90.7154236
83.7865067
80.1125565
80.1114655
81.1475143
80.1327438
80.1073761
80.1058044
80.1039658
100.102211
100.100288
100.098854
130.7547
127.491974
108.560608
100.110146
100.092735
100.091377
100.090111
100.088585
100.086914
100.08535
102.334671
133.208527
145.823975
124.460129
148.523315
212.920883
222.362061
212.268341
208.171051
175.491989
129.257446
104.800697
100.106087
84.4480133
586.120728
893.595032
692.283569
363.832947
118.987846
65.0028
60.4617538
60.172699
60.1570015
60.1563263
60.1563454
60.1565704
60.1729393
60.1729622
101.376793
89.8140945
69.3135223
60.1557846
60.2085953
60.1607094
72.9900742
66.8973083
62.2497787
60.1502037
60.1488762
60.1472588
90.4137726
79.1259155
65.9795761
61.8366776
224.104492
173.823227
96.6150513
61.5803986
12987.7656
294.24765
283.384491
307.476318
204.50621
127.050507
100.156227
100.156372
100.1717
100.155861
100.15551
100.155281
100.155113
100.154854
100.1548
101.205002
101.164856
100.442032
122.729034
116.28669
104.798813
100.151375
100.166397
100.149254
100.147835
100.14621
100.144798
100.159233
100.141228
100.139557
100.137764
101.087234
101.368568
100.444061
100.130745
100.129326
111.201385
107.931038
102.661942
103.199646
102.414795
100.66938
111.05748
174.385529
193.588379
144.349289
108.9888
100.11132
100.110542
101.763351
129.341248
127.618622
111.323204
107.461914
104.432045
101.208839
100.10218
136.325623
125.925301
218.014999
169.910568
121.566666
40.7291069
40.198822
40.1991081
40.1988258
40.1980858
40.1974411
40.1966591
40.1955605
40.1944923
70.608139
63.3790283
47.7190323
40.7945366
48.5293503
164.19574
169.385162
93.9075928
48.3171005
40.4678841
40.1972046
40.2498512
40.4281731
40.3218765
40.6496964
40.6432991
40.3903694
40.1976776
40.1969719
40.1963463
40.195446
100.194481
100.193474
100.192566
101.003693
102.062035
101.369949
100.291512
100.187073
111.815918
127.375702
122.8172
83.3667297
48.540657
47.4116745
43.2879562
40.1795006
40.1786842
40.1777
40.1766129
40.1756172
40.1749191
43.5194855
44.9489059
42.4592896
40.3579636
40.1706963
40.3295517
41.973629
41.8533669
40.3250771
40.1594696
100.166412
100.164001
119.036324
156.709747
138.783264
110.084175
100.108032
100.103676
100.102722
10.0186052
92.0286484
100.908768
50.359993
9.98083305
90.1115036
100.032616
50.6393127
9.99839687
90.3167419
100.013901
50.0093346
9.94174099
90.0104141
99.9432755
107.581955
103.66671
100.996429
9.88273239
89.8787384
99.8786011
49.9029274
49.9557152
49.9474831
50.4559021
54.8130493
56.2813988
66.9722595
73.0675507
102.790611
83.0031967
58.9415932
49.8062248
49.7995262
49.7932854
49.7873535
49.7799072
49.7750511
49.8128471
49.811512
49.7675896
49.8000755
49.7980347
49.7569466
49.7529716
49.7886429
49.8241425
49.7869034
49.7491531
49.7482796
53.0344696
50.7710228
50.1098938
59.0178223
103.535538
127.530197
88.9459915
58.5111046
49.8872185
49.8577042
49.8566246
49.8604584
49.8381996
49.8390198
49.8441734
49.8686447
49.8755188
49.8640594
49.8703957
49.8784256
49.8872757
49.8965187
49.9064178
49.9165764
49.9365845
49.9540863
49.9541321
49.9554825
50.7124405
50.0801201
50.0316544
49.9874916
49.9943581
49.9919701
50.0164032
50.0219383
50.0120697
50.0432167
50.0465889
50.0493813
50.0500374
50.049881
50.0498466
50.0496101
50.0494118
50.0492554
50.0491028
50.0490608
50.0489426
50.04879
50.0486336
50.0485916
50.048481
50.0483208
50.0481644
50.0481224
50.0480118
50.0478134
50.0478134
50.047657
50.0475006
49.9339867
49.9342079
49.9344749
49.9347115
49.9350166
49.9350777
49.9350204
49.9347191
49.9338875
49.9326172
49.9328117
49.9330673
49.9333191
49.9335747
49.9338303
49.9339333
49.9341888
49.9344177
49.9346199
49.9347191
49.935154
49.9362602
61.9526939
58.9530716
52.9213104
50.1474991
49.9395866
49.96175
49.9831161
49.9392776
49.9395103
22.2958527
98.5450821
102.879562
100.045784
100.045471
100.045158
100.107697
100.044533
100.04422
100.043907
100.043594
100.043121
100.042809
100.042496
100.042183
100.041718
100.041405
100.041092
100.040619
100.244904
100.041939
100.03968
100.039368
100.389626
108.832718
108.353394
83.3083649
80.3920441
137.774521
133.36879
116.643578
100.0364
100.036087
101.273224
101.546028
100.468269
100.034836
100.03437
100.051941
100.039429
100.033432
100.033119
102.098877
151.881409
198.077301
187.484497
139.477814
107.51667
100.032188
100.032394
105.593819
153.063461
164.920044
130.202789
104.713852
100.037895
104.469879
105.091942
101.519966
100.033638
100.033348
59.9463997
69.1785889
82.8421783
148.233612
203.023926
156.298264
135.205032
222.4729
301.729095
214.482452
100.309174
62.0472794
60.034256
68.4061661
87.4226608
86.1274414
91.0007401
77.7859192
64.9890747
135.231674
164.604355
111.391571
69.415184
60.102623
91.1660309
128.356979
175.501587
269.809357
260.897888
145.638077
7356.78027
118.860527
114.764572
108.211441
122.460793
115.354141
104.389481
100.195465
100.136391
102.559181
106.127228
110.227432
178.172424
165.840164
286.596924
223.086304
194.547012
237.259537
309.754822
206.978119
125.785316
100.141396
100.158691
100.143532
166.402222
167.562592
281.754272
333.315796
300.86615
184.089249
118.269012
257.451569
272.621704
178.18306
115.481125
101.885216
101.708145
100.906471
100.609215
100.246956
100.149361
131.330933
220.949814
218.650742
432.934296
314.11261
157.67775
103.782982
105.118942
177.777802
209.471939
162.039566
127.48423
112.193649
145.248291
144.158493
117.240715
104.558945
103.657631
101.864349
122.304016
119.216087
117.713562
135.363846
100.750809
61.1955986
44.2614212
40.3275948
146.2733
157.292618
112.128281
69.4467468
48.3964958
43.7955513
45.7301216
43.5301285
41.1703377
41.1481094
41.4963417
62.0263138
60.7679291
47.3043289
43.973938
90.5313416
87.0774612
54.2620544
40.2389603
44.9827919
100.407448
103.594223
64.368103
50.1869583
108.054863
109.432678
105.56189
144.676865
184.102036
165.293518
144.774261
159.15947
333.411377
381.640259
298.63031
239.955215
171.409363
114.72625
100.330284
100.673355
103.142365
103.551788
100.572624
100.512573
100.325882
100.238953
100.238953
101.015442
127.912712
127.027374
117.076363
153.257355
143.561447
151.382477
