0.0
0.0
0.0
0.0
0.0
0.0
0.0
0.0
0.0
0.0
0.0
0.0
0.0
0.0
0.0
0.0
0.0
0.0
0.0
0.0
0.0
0.0
0.0
0.0
0.0
0.0
0.0
0.0
0.0
0.0
0.0
0.0
0.0
0.0
0.0
0.0
0.0
0.0
0.0
0.0
0.0
0.0
0.0
0.0
0.0
0.0
0.0
0.0
0.0
0.0
0.0
0.0
0.0
0.0
0.0
0.0
0.0
0.0
0.0
0.0
0.0
0.0
0.0
0.0
0.0
0.0
0.0
0.0
0.0
0.0
0.0
0.0
0.0
0.0
0.0
0.0
0.0
0.0
0.0
0.0
0.0
0.0
0.0
0.0
0.0
0.0
0.0
0.0
0.0
0.0
0.0
0.0
0.0
0.0400117747
33.1065979
89.995224
160.914764
120.159599
41.5387878
10.0027084
5.77266073
0.0114701819
0.0118727451
0.0121606458
0.0122679481
0.0122808702
0.0122932671
0.0123052057
0.0124911703
5.85882044
20.073101
12.4377985
5.7130909
0.013136873
0.0133605618
0.0135084018
0.0135376249
0.0141098481
0.0141165834
3.18266988
2.30789447
1.02784956
0.476614326
0.153507888
0.0153521132
27.0356693
16.5688591
10.0049314
8.79309082
0.0163321737
0.0342917964
0.0207329486
0.0152380504
0.0153525304
0.0153848343
0.0153786
0.0155597832
0.535123646
1.1094408
0.333150506
0.218644932
0.708089232
0.222957447
0.513997614
1.07278192
1.56137371
1.83723986
4.32614088
4.65808964
19.6810379
13.2428446
10.0173044
3.99951434
0.105411611
93.0562439
119.494888
61.4064903
45.2563324
28.1895847
10.0189705
35364.5156
205.368256
193.219452
148.293213
116.262039
104.297905
100.333763
100.054176
100.053429
100.052765
169.490799
480.523743
444.331482
202.805618
115.941597
157.765198
158.147568
120.28923
101.696075
100.07003
100.067894
100.065651
100.17717
100.33606
101.015373
105.659843
110.954399
122.288239
184.090576
171.608963
119.757881
100.066322
100.065704
100.064827
100.063942
100.062668
100.06192
100.060898
100.129417
108.38028
108.129005
102.332893
100.523903
237.379654
321.486847
283.515228
214.903549
173.933319
147.954102
124.89711
107.797897
101.526062
100.491692
100.167076
100.825249
101.364403
100.420311
100.081581
100.080551
100.079079
113.471909
177.966644
242.169937
207.85318
388.475891
391.913513
254.662354
194.062744
160.607086
120.305031
110.436485
108.715393
103.379242
100.521698
100.290062
100.206139
120.936234
121.50843
106.21669
101.431351
102.107758
100.633484
100.109612
100.108437
100.107742
40.1059494
42.4885979
42.204052
50.1276398
52.175869
47.9005547
65.299942
180.776428
460.835022
437.234375
191.857071
58.7179298
201.128387
242.597351
138.729279
62.6403427
55.5299454
52.3471184
44.0306206
40.1279716
40.1263504
40.1245537
40.122776
42.5409698
249.027191
279.891785
132.420975
54.9522781
46.1271591
42.045517
100.128548
100.126869
100.12516
100.12368
100.121994
100.59861
139.847015
139.04512
110.768463
123.409256
130.16214
122.375351
110.628494
101.969101
237.167908
188.774521
80.4003296
56.727829
88.7717438
40.2045898
40.1267471
150.549225
266.785858
187.587357
133.928726
187.33847
188.206436
95.1324768
106.462837
100.557861
94.1671219
100.162163
100.161644
100.160484
100.159882
101.718475
111.301933
263.033447
307.44519
192.37059
115.649773
100.198761
100.187668
100.172607
100.171936
100.171677
235.516022
112.809608
137.052277
365.771515
380.524231
200.696075
109.839645
100.193214
100.193161
100.192764
111.099174
186.700668
156.801651
115.918068
100.196724
50.195694
50.1934776
52.6565857
76.7574997
203.325317
194.146118
101.97184
302.251648
248.219543
110.201828
50.1925354
50.1903419
103.628799
146.059158
182.474487
129.203644
286.201324
461.754089
477.126526
388.085632
220.34549
91.8596115
53.6368027
50.2125015
50.2097092
50.2070236
50.2039375
50.2007523
50.1976013
50.1946983
101.360229
160.824707
192.189407
140.234161
191.347595
167.241074
122.442719
101.964767
123.054947
110.55558
106.344543
101.047951
100.55175
100.623962
100.154037
100.147758
100.140633
100.136971
100.133377
100.130058
100.126976
100.123817
100.120758
100.11763
100.115257
100.282417
100.110268
100.107925
100.105515
100.103462
100.101463
100.099869
50.0983849
50.0976906
50.0970039
50.0962334
50.2996559
50.5392799
50.2130356
50.1545944
50.0924187
52.0650711
51.1429443
52.2727394
51.0816574
50.4320984
50.9068069
51.0480309
50.444397
50.2087593
50.084156
50.0832748
50.0831413
50.082325
50.0811348
50.080307
50.0788078
51.8987541
51.1076508
50.608326
100.111015
100.072403
100.071686
100.070976
100.070114
100.069458
100.068909
100.067749
100.066887
100.951874
100.613785
100.705193
100.11454
100.081131
100.063622
105.315979
122.53125
63.8851128
54.615551
50.0651169
114.027695
211.463028
162.687698
81.3215485
50.079525
101.16497
101.346237
53.0324326
51.7365074
51.3124771
50.1148338
80.0817719
80.2627335
80.071167
80.0686188
80.0665436
80.0647049
80.0633163
80.0620728
80.060463
80.0590363
80.0582428
80.0583038
80.0608368
80.0593262
80.0551453
80.0583801
80.0579987
87.6325912
182.546158
224.178604
160.342117
172.122223
762.514832
743.816406
449.977905
243.146378
130.736328
81.1418686
80.0924911
80.08992
100.199471
100.522987
100.211121
100.081314
100.079124
100.307686
100.904289
100.367722
100.089302
100.07077
100.068817
100.067268
100.106812
101.283165
384.759491
783.14093
827.687622
845.867737
989.331177
687.87793
317.450531
167.974091
120.430901
111.416107
201.069458
261.896576
201.748367
127.325356
102.461418
101.197723
100.434799
60.1224022
60.1199532
113.012314
106.528618
74.1158524
60.1149254
164.802475
375.409607
298.205048
123.146675
60.2072067
60.1222916
60.1196022
60.1167412
60.1142845
60.1117172
88.7861481
324.907349
660.256409
546.950806
235.777557
98.0008926
96.003418
441.965332
552.868103
299.024933
176.80423
403.862671
305.728943
102.998398
100.137276
100.135201
100.132896
100.130669
100.128288
100.125984
100.123558
100.121315
100.119125
100.117081
100.114769
100.112785
100.110832
100.108879
100.106873
100.104851
100.103203
103.572128
103.213814
100.894051
100.096184
100.094345
191.258011
238.13385
174.302368
114.918968
103.084145
119.900101
138.930115
124.388504
106.361557
101.092697
100.416016
100.189735
100.1166
100.095345
100.094437
100.09314
100.091934
100.180275
100.615334
100.844421
100.277695
152.561981
150.299026
115.007217
100.678596
102.94664
310.051941
337.254333
195.035339
111.490936
100.103058
100.102333
103.827354
103.90876
101.088188
100.098732
101.044037
101.624718
101.986061
114.273926
51.6294556
85.8849869
93.8727798
573.005432
554.320496
427.644775
356.489258
247.365417
152.562088
87.0409775
114.748421
545.842712
915.161743
599.127869
477.640411
400.206848
561.884521
169.60199
100.140381
100.137917
100.136215
100.13414
103.722107
158.648895
392.423767
402.992493
463.043152
506.671844
480.42749
550.189514
901.237183
727.025574
607.151184
593.793457
620.349731
534.330017
327.100677
292.1409
299.949036
318.369232
127.290672
100.198425
100.197945
100.197182
100.195831
100.194427
100.193329
100.191811
100.190605
100.189507
100.188316
100.186813
111.065178
123.566116
114.848793
102.86557
100.182846
100.181953
100.18103
101.548508
103.820145
101.287018
100.539032
101.406998
101.081215
100.462975
100.209991
100.172546
100.171608
109.176193
104.884811
101.63652
100.467964
100.181717
392.203522
381.27478
185.109772
106.686119
103.169022
101.154198
100.178291
100.177849
100.177193
102.818581
101.562241
100.681351
100.175034
100.173187
100.172379
100.17173
107.614326
53.4088326
51.1714783
50.1643867
50.1609879
50.1578522
50.1546822
50.1515617
50.1484184
50.1453972
50.7838936
106.897385
94.8938217
63.5771065
50.1348534
50.132515
50.1297722
50.1271133
50.1242943
50.1218338
50.1189651
50.1163712
50.113781
50.1112404
50.1087303
50.1060982
50.1038513
50.1014252
50.0990677
50.0966797
79.6782761
71.5608902
57.3577919
50.3066902
50.0870209
50.0848732
50.083168
77.9596024
69.7831268
56.1905212
50.0787849
50.0777321
50.076561
50.0755463
50.0744247
50.0734711
50.0723953
50.0715408
50.0706596
50.0698013
50.0691566
50.0685501
50.0678444
50.067009
50.0665054
50.0660553
50.6381226
50.2158623
50.1490784
50.0631676
50.0625648
50.061882
50.0573959
50.0570755
50.056572
50.0560303
50.056366
50.0559654
50.054615
50.0544853
50.054142
50.0538712
50.0533371
50.0528259
50.0523224
50.0520134
50.0515289
50.0510635
50.0507965
50.0502472
50.0499954
50.0495872
50.049305
50.0492096
50.1101265
70.0663147
64.7147064
54.8163719
50.0507622
50.050621
50.0471001
50.0470657
50.0470772
50.0470886
50.0469398
50.0469513
50.0469666
50.046978
50.046833
50.0468445
50.0468407
50.0465126
50.0461693
50.0459518
50.0458221
50.0456238
50.0456161
50.0454521
50.0454407
50.045517
50.0452042
50.0451736
50.3179817
50.055275
50.0476456
50.0474319
50.044857
52.5343246
52.5095596
50.9860611
50.262104
50.0449219
80.0443726
80.0439758
80.0437698
80.661377
80.0639191
80.0420914
80.0411453
80.0447922
80.0444641
80.0414581
80.0410309
90.5733871
86.6847153
211.083527
179.176147
112.674828
80.0536499
80.0527878
80.0516281
84.4143295
88.6868973
85.2051773
81.4768524
80.0485458
105.229248
103.985565
89.4540558
86.7078247
84.3610458
81.5814133
109.570839
109.927116
109.836014
57.9310341
54.983448
64.6937103
79.5582352
265.054199
259.597198
303.901062
1260.26538
1685.64941
915.572754
251.10112
104.312691
105.213326
102.940147
102.300781
100.70166
100.081818
100.07988
100.077362
100.075226
100.0728
100.070625
100.095055
100.216988
107.64312
108.857071
103.253868
100.251457
60.0587158
60.0562859
60.6535378
61.6562157
62.6296768
83.7198868
94.1655273
82.3951874
67.3435211
61.3317223
71.6649399
67.6725616
62.4048462
172.3078
204.039993
261.649261
310.062744
294.181885
433.591095
363.886414
186.601242
88.5451126
68.5343094
173.082031
560.763489
487.664612
181.109695
65.0972824
62.67453
61.1243401
70.2079926
79.2799149
94.9588928
88.2666779
74.5803223
70.0992661
72.197876
72.4925079
70.9791412
70.8358307
70.7596893
70.2862854
70.1386719
70.1072006
70.0897064
70.0840378
88.3233261
100.763603
95.445755
81.0048828
72.0705566
70.1589813
83.5646515
89.7722855
80.8792267
72.4116669
78.5890198
339.074707
438.152039
259.516907
108.550751
102.74453
100.308937
100.096634
101.506699
102.135757
100.626945
100.091797
100.090622
100.089333
100.088089
105.206497
105.403481
101.46019
100.083908
100.083176
102.243309
102.751091
108.283195
148.272034
207.08316
196.15683
202.667984
228.405426
178.613998
130.940552
144.075577
210.883133
211.164734
147.750534
183.314301
178.762375
63.4565811
40.497139
40.8259583
40.6899719
40.364563
40.1218033
40.119381
40.117218
40.1149673
40.1128426
74.4605408
280.661926
919.902344
796.181458
322.19516
275.55481
228.778519
91.7137909
40.1470947
40.1458969
40.1441803
40.1424789
40.1409187
354.828491
361.636108
146.466187
51.2957039
45.2526093
58.1887856
60.5817108
110.500374
102.864601
102.268715
101.541763
136.2901
135.11409
142.745499
132.736221
108.596954
100.145287
139.28949
234.624939
259.71402
171.265259
112.101189
100.159653
100.158821
100.157928
105.646484
122.55484
117.480103
103.962372
154.805939
245.26886
198.363678
206.275116
211.380829
156.710434
172.911987
145.686264
113.404411
100.733665
100.4049
100.180252
100.179459
108.881371
104.184059
101.39109
143.946335
175.399338
307.083496
234.185852
137.535233
100.759537
100.272774
100.19014
100.189735
100.189362
100.188835
100.188187
100.187584
100.416603
100.186485
100.185951
125.716743
149.967438
128.195724
106.804237
104.311005
102.01992
100.80159
50.1851082
50.1826401
50.1793442
50.1761589
50.1728706
50.1698494
50.1668701
113.051849
434.30658
397.032288
159.599152
57.0661316
77.3475037
1119.52307
1358.55273
599.4552
123.244415
50.1780472
50.4571915
100.173058
100.170021
100.166893
100.163948
100.160889
100.158005
100.15509
100.152222
100.1492
100.146317
100.14328
103.830215
261.467651
680.802979
673.203979
310.601471
125.66729
230.069153
277.15744
100.661743
100.16526
100.148689
100.127853
100.124672
100.121315
100.118118
100.115265
100.112305
100.109573
100.106926
100.10466
100.102165
100.099968
100.098175
100.096138
100.094131
100.092873
100.091225
100.089836
100.088379
100.087204
100.086037
100.084274
100.084106
100.083115
100.081245
100.081825
105.815002
102.568977
100.924759
102.119194
100.861122
103.608192
107.09272
111.420784
112.659889
115.691933
107.225647
102.075111
100.074631
100.074043
102.58757
101.321251
50.5970192
50.0720825
50.0718384
50.2175255
50.0725632
55.4951248
52.7732048
56.9180794
110.104477
107.967361
110.41362
128.163147
117.217842
105.141319
119.069649
127.19101
142.585388
123.379501
106.886803
100.076973
101.905533
102.367447
100.971352
100.272285
100.073853
100.717682
100.141068
100.093697
100.07048
106.488419
104.020447
101.539009
100.872299
151.404343
190.615204
388.611755
532.784546
469.859314
243.619675
106.683266
100.349487
100.099075
100.096848
100.094505
100.092552
100.090408
80.433136
80.0862885
80.0844727
80.0823898
80.080513
80.0783005
80.0761566
80.0739441
80.0721588
80.0702438
80.0685654
80.0667877
80.0651169
80.0632095
80.0624847
172.246353
313.334961
293.028076
180.900482
581.572693
616.333557
362.449768
207.62793
143.406158
105.366241
100.343658
100.559074
100.229233
100.097137
100.095039
101.139809
101.878418
100.655647
100.108139
100.084572
100.082718
100.080688
100.078888
100.077087
100.075287
100.073692
100.071785
100.069939
100.068405
100.066673
102.459404
155.82222
174.478149
169.24733
141.985107
111.007278
159.629944
518.333008
686.784485
373.144958
128.50885
64.2379761
60.5390892
60.0910339
60.3432426
60.4904594
60.2232285
65.5088348
107.977905
136.058624
116.094208
78.8411484
63.0191917
60.0804558
60.0784073
60.0763397
60.0738564
60.0719986
60.7075691
60.3249283
60.1452217
60.065773
60.1224976
60.0720978
60.0633125
60.0618935
60.0607796
60.1131783
60.4092216
80.3022461
99.5114517
91.5815125
75.5967712
70.0867004
138.958313
136.699768
89.6126862
70.0659409
75.570961
75.3744965
72.3410568
83.7375793
83.0003281
73.8197479
426.262573
443.494507
928.568237
1019.99768
903.22583
591.561768
246.005341
249.29538
243.080627
144.439285
103.261436
101.936409
100.505058
103.827156
103.461555
115.034264
446.924866
802.629456
697.002502
631.467041
423.837006
311.743683
286.054596
236.47226
171.349411
127.529396
108.292374
105.180275
116.12429
111.471672
110.411804
106.961487
101.920044
100.13916
100.137566
100.136154
100.134697
100.133186
117.501236
185.82785
164.056717
117.326965
115.268784
232.698578
664.710815
634.206238
279.774933
130.845398
210.315567
306.926758
164.155212
141.524368
151.292877
174.876038
192.320663
157.787567
119.221596
102.377319
109.074257
112.524422
106.287682
101.287323
100.153778
100.152039
100.149612
100.147804
100.145317
100.143433
100.141556
100.139084
100.137032
100.13517
100.133141
40.1312866
40.1290016
103.40715
43.4063454
101.734505
100.364349
100.16433
100.119263
100.138947
100.122726
100.114365
100.112793
100.111061
101.099449
102.419067
101.577934
100.239487
100.103989
100.353302
100.180809
100.100037
100.098793
101.439682
102.691277
101.497192
133.396957
133.980896
114.316864
208.861938
313.88385
581.514832
551.778809
273.66098
119.861877
100.131439
100.131065
100.130363
100.129608
100.128914
100.128036
100.126938
100.126045
100.125282
100.124359
157.263519
385.610596
535.257324
395.638275
191.169174
110.851089
100.155594
100.206787
100.154762
100.154236
100.153511
123.307556
198.522125
311.596802
314.626587
196.23056
118.693245
101.466225
100.179306
100.177818
100.178421
52.9687767
51.5585823
116.322525
663.443604
590.861206
214.269043
51.2666206
52.0029945
50.1868591
50.1744728
50.162941
50.1601601
50.1570587
50.1538582
50.1508789
50.5886688
50.1455536
50.1423111
50.1392822
50.1364708
50.133625
50.1308327
50.1279869
50.1254654
50.1229515
65.1804276
81.562233
66.4154739
54.9025841
50.1116142
100.109634
168.076385
191.768372
137.333237
106.967331
100.104469
120.361359
109.631531
103.066856
100.097229
100.095482
100.093857
100.09211
100.090469
100.089043
100.087746
100.08625
100.084953
100.083809
107.071465
103.146233
101.083694
100.079727
100.078857
100.078133
100.077202
100.076416
100.075836
100.075035
100.074432
100.07386
100.110382
50.0686874
50.0680275
50.0674438
50.0671387
50.0667229
50.0661736
52.5697021
51.1110611
50.4745369
50.0639114
50.0634613
50.0629158
50.0628014
50.0621643
50.0615997
50.0610428
50.0605011
50.059967
50.0595703
50.0592918
50.0586166
50.0582504
50.0579185
50.0575104
50.0568962
50.0564384
50.0561218
50.0557022
100.053955
104.036446
103.35051
101.325294
100.284447
100.056038
100.055168
100.052284
226.123901
199.34288
132.812775
100.065186
100.064804
100.0644
100.063751
50.0629501
50.0619621
50.0610962
50.0611496
100.961441
94.142334
64.3281708
50.0649986
50.0646095
50.0638237
61.4321976
57.9194641
52.8593559
51.6116905
50.8550186
50.4164124
80.0608063
80.0608521
80.0604935
81.1444931
80.3463821
80.1660614
80.0997696
90.0888367
134.576538
343.485718
802.176025
944.173584
610.386658
258.730347
116.487831
85.4243088
81.4356613
80.0958405
80.0936279
80.0908127
96.8643723
93.3913803
84.6973267
80.0809784
80.0784378
80.9165497
80.1053619
80.0715485
80.0694809
80.0675659
100.06546
100.063995
100.062737
144.138931
144.804352
113.75058
100.090569
100.062141
100.061111
100.060661
100.059731
100.058434
100.05658
103.414291
163.178894
197.192017
154.074738
206.143127
376.156677
382.71167
308.974365
274.285767
215.62648
142.354294
106.412613
100.103264
144.973236
1157.10437
1676.03369
1130.31372
459.752472
129.542053
64.443718
60.4136772
60.1262398
60.1236229
60.1204376
60.11726
60.1139488
60.1113129
60.1084328
99.0847321
92.4832001
69.8980942
60.0997314
60.1428604
60.1012688
73.0524673
68.5494537
62.6730804
60.0847626
60.0820503
60.0795898
94.6266785
87.352272
68.3372421
62.5088425
362.588348
353.401611
151.784088
62.0717888
169.82338
386.409302
413.125183
392.279114
262.594025
141.962448
100.111656
100.110031
100.10865
100.106773
100.104874
100.103134
100.101288
100.099564
100.097519
100.941841
101.007675
100.381958
119.443146
117.871819
105.186447
100.087822
100.086945
100.085625
100.084465
100.083176
100.082245
100.081696
100.080444
100.079674
100.078545
101.093399
101.552383
100.456612
100.074867
100.074188
110.625114
110.271622
103.364479
103.659355
103.404312
100.873993
112.155815
218.184631
280.193665
195.689194
119.35685
100.08741
100.087234
102.037445
136.038605
141.219681
118.105949
109.648659
106.351723
101.709244
100.088196
147.986664
141.572678
283.884003
251.258865
146.753708
40.8562927
40.1008224
40.0991402
40.0969505
40.0947495
40.092598
40.0905304
40.0884819
40.0865288
74.2822723
74.0291824
51.4139633
40.9541283
49.514225
294.253906
330.910889
154.825516
52.5739822
40.4452171
40.0935211
40.1451759
40.3644295
40.2376366
40.5520058
40.6083755
40.322525
40.0831108
40.0815506
40.0804443
40.0783844
100.076637
100.075066
100.07373
100.84864
102.069016
101.499138
100.202553
100.067741
113.078255
136.734818
134.787292
113.996651
101.671089
100.067879
100.067047
100.066383
100.065384
100.064316
100.063644
100.063011
100.062401
103.996841
106.506248
103.465256
100.354538
82.0092926
40.2494583
42.3308563
42.4949379
40.3024101
40.0574455
100.057739
100.056915
127.456802
209.381119
183.032425
122.605606
100.069916
100.069824
100.069687
10.0405607
92.2574997
101.217613
100.505089
10.0389099
90.0916824
100.063904
100.713287
10.0567799
90.4194565
100.063782
100.063431
100.063049
100.059235
10.0354519
99.9922562
105.456963
101.717194
100.057152
100.057594
100.057159
50.0597496
50.0591812
50.0587807
50.6716957
56.8166924
59.5433121
78.7204208
92.5240173
163.935974
126.762894
71.9195709
50.0681877
50.0676193
50.0665855
50.065876
50.065155
50.0641861
50.0636139
50.062912
50.0620117
50.061779
50.0610771
50.060482
50.0600433
50.0592613
50.0589714
50.0588608
50.0578423
50.0570946
54.0470886
51.4909248
50.5238571
63.3094521
177.008011
246.30777
164.478378
75.7153778
50.0721436
50.0712242
50.0702057
50.0691528
50.0679626
50.0671005
50.0661125
50.0652695
50.0645485
50.0637512
50.0633011
50.0623817
50.0620499
50.0613861
50.0611153
50.0604477
50.0600052
50.0597687
50.0592766
50.0583954
50.6729927
50.2241707
50.1518669
50.0574608
50.0551186
50.0546989
50.0544052
10.0267878
40.0762482
50.052597
50.0495529
50.0492325
50.0489273
50.0486526
50.0485649
50.0482674
50.0479774
50.0476494
50.0476418
50.047348
50.0471878
50.0470314
50.0467758
50.0465012
50.0462914
50.0461311
50.0459747
50.0457993
50.0456085
50.0454445
50.0452766
50.045105
50.0449333
50.04319
50.0430107
50.0429878
50.0429535
50.0429001
50.0428238
50.0425682
50.0424156
50.0421715
50.0418549
50.0416107
50.041523
50.0414314
50.0413361
50.0410805
50.0409813
50.0408821
50.0406227
50.0405197
50.0405655
50.0399704
50.0400505
63.539856
60.5689659
53.6348114
50.3175583
50.0464783
50.0429039
50.0759888
50.0458107
50.0425415
29.037077
83.1047134
84.5465927
80.0428162
80.0419464
80.0417938
80.1395187
80.0462112
80.0408173
80.0404739
80.0401535
80.0399857
80.0396576
80.0393219
80.0391388
80.0387955
80.0385132
80.0384521
80.038147
80.3418732
80.0485916
80.0398254
80.0375137
80.55336
93.0756989
92.2438889
84.9517212
80.6391678
291.9711
261.917816
160.551071
100.052116
100.051537
102.527626
103.306259
100.96595
100.048981
100.047668
100.084129
100.056694
100.044258
100.043121
104.138885
289.138214
446.182861
367.665588
202.155914
116.536903
100.070976
100.069252
109.000565
219.365646
246.934845
164.704605
109.014381
100.081429
106.846802
107.839989
102.337494
100.067856
100.065834
60.0632324
75.7015228
104.934418
322.110168
453.38324
300.543762
197.721909
395.009064
561.76947
366.642151
133.83461
62.4946213
60.1024818
70.2895966
97.9270172
96.5572281
105.307571
86.2702408
67.3791809
207.979553
250.944916
149.587433
74.8610916
60.1638145
101.693069
163.322586
249.478973
450.381317
424.106079
206.756882
91.6110764
88.3477859
88.3081436
79.533638
93.3600998
90.4361801
75.810585
70.2142334
70.1404648
72.8607864
76.8816681
81.6037216
171.089478
180.317444
339.050873
322.998596
199.72403
214.47998
334.064087
237.143738
111.124298
70.1540451
70.1526108
70.1505432
130.442535
142.854584
272.232391
342.382751
285.39679
160.237717
89.1467133
231.047165
262.274872
176.530365
114.534721
101.296669
101.31601
100.672935
100.517281
100.254013
100.17244
121.886841
212.650055
219.354904
447.535522
385.731873
183.144943
102.22583
103.102203
158.331512
182.226486
146.202988
119.377602
107.842873
132.98941
130.428894
112.18969
103.005928
102.415565
101.228165
115.385635
113.278496
106.373718
118.171143
88.891449
56.3334198
43.2078972
40.2453651
133.504486
148.488998
102.727188
61.8971024
46.1783981
42.4433975
43.6167374
42.2372017
40.7658272
40.7483177
40.9675369
55.5864525
55.1783371
45.4480438
42.8127937
84.0909424
82.9638443
53.2504539
40.1724777
43.5449486
96.5266724
101.214722
63.0329628
47.6998482
105.989754
106.966988
104.57222
140.788757
186.061005
170.979141
148.04187
162.394775
383.212341
437.340515
291.284271
211.419922
149.062805
110.020874
100.245644
100.50621
102.24498
102.080772
100.369415
100.371834
100.25016
100.19294
100.191902
100.648796
118.60791
118.388344
111.986145
144.338287
135.953644
147.611679
