0.0
0.0
0.0
0.0
0.0
0.0
0.0
0.0
0.0
0.0
0.0
0.0
0.0
0.0
0.0
0.0
0.0
0.0
0.0
0.0
0.0
0.0
0.0
0.0
0.0
0.0
0.0
0.0
0.0
0.0
0.0
0.0
0.0
0.0
0.0
0.0
0.0
0.0
0.0
0.0
0.0
0.0
0.0
0.0
0.0
0.0
0.0
0.0
0.0
0.0
0.0
0.0
0.0
0.0
0.0
0.0
0.0
0.0
0.0
0.0
0.0
0.0
0.0
0.0
0.0
0.0
0.0
0.0
0.0
0.0
0.0
0.0
0.0
0.0
0.0
0.0
0.0
0.0
0.0
0.0
0.0
0.0
0.0
0.0
0.0
0.0
0.0
0.0
0.0
0.0
0.0
0.0
0.0
0.0400117747
33.1065979
89.995224
160.916107
120.163292
41.5442734
10.0062046
5.7821784
0.0182811469
0.0184328519
0.01887694
0.0192404427
0.0193099063
0.0194407031
0.0196089111
0.0198325701
5.86616182
20.0802879
12.4417267
5.72367144
0.0207718797
0.0208579749
0.0209679045
0.0210346989
0.0214882661
0.021457307
3.19001079
2.31523514
1.03509057
0.48379907
0.160692587
0.0225368254
27.0428562
16.5763397
10.0091343
8.80392742
0.0241418481
0.0421019122
0.0286426581
0.0232041795
0.0233375076
0.0233509634
0.0233447291
0.0235259123
0.543089747
1.11740696
0.341116637
0.226611048
0.716055334
0.230923593
0.521963716
1.08074796
1.56933975
1.84520602
4.33410692
4.6660552
19.6890068
13.2473412
10.0217009
4.01465607
0.113258839
93.0644379
119.504631
61.4181938
45.269104
28.2032623
10.0268784
35348.5547
205.384293
193.23703
148.312454
116.281883
104.318268
100.353607
100.073639
100.07283
100.071526
169.509537
480.543945
444.353912
202.830093
115.966812
157.790176
158.17334
120.315025
101.722214
100.095284
100.092148
100.089188
100.199905
100.358437
101.037346
105.681488
110.975792
122.309418
184.112213
171.631332
119.781349
100.090164
100.089272
100.087852
100.0868
100.085365
100.08432
100.082893
100.151268
108.401642
108.150398
102.353905
100.544952
237.401291
321.509705
283.540985
214.931793
173.963196
147.985123
124.929062
107.829735
101.557625
100.52301
100.197983
100.855606
101.394775
100.450165
100.111092
100.109306
100.107658
113.500023
177.994583
242.198883
207.884506
388.509399
391.949188
254.700394
194.102722
160.648758
120.347382
110.479004
108.75779
103.421341
100.563385
100.331459
100.247421
120.976959
121.548889
106.256706
101.471214
102.147484
100.672783
100.148972
100.147072
100.145905
40.1434097
42.52528
42.2401314
50.1628151
52.2101974
47.9344101
65.3333893
180.810394
460.870941
437.273132
191.897781
58.7599068
201.170975
242.641449
138.775055
62.6871529
55.5766029
52.393486
44.0765114
40.1737366
40.1713638
40.1687317
40.1660767
42.5837059
249.069748
279.936005
132.466888
54.998806
46.1736832
42.0915298
100.174103
100.172157
100.169998
100.167587
100.165138
100.641327
139.889206
139.087357
110.810745
123.451469
130.204559
122.417831
110.670761
102.011559
237.21077
192.06546
80.4454193
57.8450775
89.1776428
40.2497292
40.1717682
150.594025
266.832336
187.636703
133.980026
187.391357
188.540009
95.3010559
106.520508
100.615677
95.7396011
100.219681
100.218567
100.217232
100.216194
101.773506
111.354439
263.07843
306.621735
192.42984
115.710342
100.260155
100.248421
100.233566
100.232643
100.231956
235.507309
112.871162
137.105621
365.329834
380.422485
200.761169
109.907509
100.261513
100.261566
100.261017
111.157303
186.672943
156.857193
115.987404
100.266525
50.2649803
50.2616997
52.7208672
76.8028336
203.345337
194.203247
102.038635
302.301727
248.287811
110.270317
50.2606316
50.2573128
103.650475
146.11557
182.532074
129.262024
286.260498
461.684998
477.141113
387.72821
220.292679
91.8461761
53.6869392
50.2874069
50.2837715
50.2802658
50.2761841
50.2720642
50.2674408
50.2633514
101.4254
160.79512
192.225021
140.289062
191.393204
167.295975
122.505074
102.026726
123.091087
110.614853
106.400223
101.10453
100.606903
100.677086
100.206482
100.198792
100.190422
100.185516
100.18058
100.176033
100.171417
100.167229
100.16333
100.159454
100.155891
100.322327
100.149193
100.146347
100.143288
100.140038
100.13723
100.134445
50.1329994
50.1320114
50.1309166
50.1301498
50.3336868
50.5725021
50.2464409
50.1873932
50.125061
52.0973816
51.1748009
52.3045616
51.1128883
50.463356
50.9375114
51.0785255
50.4750137
50.2391968
50.1142235
50.1127281
50.1123695
50.1115036
50.1098557
50.1088753
50.1067009
51.9266891
51.1352539
50.6356659
100.138367
100.099358
100.098412
100.097633
100.096504
100.095604
100.094589
100.09359
100.092705
100.977608
100.639351
100.730537
100.13958
100.10585
100.088173
105.340469
122.555725
63.9096107
54.6398277
50.0894623
114.052086
211.488113
162.714813
81.3498917
50.10783
101.193024
51.3740692
53.0601578
51.7637978
57.7853661
50.1408386
80.1076965
80.2881699
80.0962296
80.0933456
80.0907059
80.0887146
80.086792
80.0852814
80.0834808
80.0818329
80.080162
80.0801163
80.0825653
80.08078
80.0762711
80.0794754
80.0788345
87.649025
182.523895
224.201599
160.365311
172.14682
762.540833
743.845093
450.008911
243.179672
130.770126
81.1755524
80.1254196
80.121521
100.230286
100.55294
100.240883
100.109955
100.107079
100.335327
100.931068
100.393982
100.114792
100.095436
100.09333
100.091393
100.130142
101.305885
384.78244
783.165771
827.716064
845.899536
989.366211
687.916138
317.490997
168.015671
120.473373
111.458214
201.111481
261.939789
201.79335
127.371185
102.506935
101.242538
100.478989
60.1657944
60.1624298
113.053726
106.569931
74.1571808
60.1556816
164.842438
375.450623
298.248535
123.191536
60.2513771
60.1652946
60.1619339
60.1581039
60.1547356
60.1515388
88.8248749
324.945923
659.232422
546.982971
235.813766
98.0442963
96.0339127
442.002747
552.906616
299.074005
176.837524
427.090088
305.298462
102.822311
100.186195
100.183075
100.180206
100.177155
100.173752
100.170738
100.167603
100.164619
100.161537
100.15863
100.155556
100.15271
100.149925
100.147308
100.144882
100.142235
100.139786
103.607483
103.249382
100.928856
100.130211
100.127975
191.280045
237.950165
174.337311
114.954491
103.12001
119.928543
138.947968
124.423637
106.397194
101.128281
100.451096
100.224258
100.150963
100.129257
100.127808
100.126167
100.124695
100.212677
100.647774
100.876297
100.309196
152.530334
150.330612
115.038879
100.710419
102.976624
309.961578
337.279724
195.071014
111.527603
100.13942
100.138702
103.862137
103.944977
101.123566
100.133896
101.078911
101.659332
102.020294
114.295845
51.6631012
85.889389
93.8947601
572.95697
554.355347
427.666138
356.520447
247.399017
152.597351
87.0858765
114.793121
545.863892
915.200806
599.177429
478.675629
400.621002
561.979553
169.730301
100.189934
100.187103
100.184395
100.181694
103.768829
158.694016
392.470886
402.996094
463.024658
507.07251
480.857697
550.254211
901.248596
727.069214
607.279846
593.933105
620.466125
534.449646
326.79364
292.200134
300.013123
318.196198
127.437965
100.269211
100.26799
100.266602
100.264946
100.263229
100.261734
100.25985
100.257935
100.256432
100.254791
100.253189
111.129829
123.630165
114.913513
102.930374
100.247543
100.246384
100.245155
101.612152
103.88372
101.349976
100.60144
101.469429
101.143196
100.524429
100.27153
100.233513
100.232185
109.236717
104.944504
101.696259
100.527435
100.240944
392.263
381.335846
185.172699
106.749474
103.232437
101.217499
100.241386
100.240974
100.239937
102.880951
101.62442
100.743683
100.236687
100.234718
100.233818
100.232849
107.67514
53.4691353
51.230587
50.222168
50.2178955
50.2137146
50.2092628
50.2051125
50.2008438
50.1966171
50.8338928
106.946564
94.9425201
63.6253166
50.1828461
50.1797638
50.1757889
50.1719475
50.168438
50.1645241
50.1609764
50.1571159
50.153862
50.1506195
50.1470947
50.143383
50.1401443
50.1369743
50.1339645
50.1307487
79.7119598
71.5936203
57.3897591
50.3376045
50.1173859
50.114769
50.1125336
77.9883118
69.8116379
56.2185745
50.1065712
50.1051407
50.1035728
50.1021461
50.1006279
50.0993004
50.0976601
50.0964584
50.0954628
50.0945625
50.0936012
50.0925522
50.0915985
50.0907249
50.090023
50.08881
50.6610527
50.2388229
50.1720238
50.0855789
50.0847588
50.08395
50.0793877
50.0788536
50.0782814
50.0778694
50.0783424
50.0779839
50.0763321
50.0759163
50.0753975
50.0752258
50.0743408
50.0738525
50.0731506
50.0725021
50.0720863
50.0714035
50.0708885
50.0702209
50.0699921
50.0695267
50.0691452
50.0689316
50.1298103
70.0860138
64.73423
54.8358994
50.0702896
50.0699921
50.066349
50.0662766
50.066288
50.0661392
50.0661507
50.0661583
50.0660172
50.0660286
50.0658836
50.0658951
50.0658951
50.0655632
50.0652199
50.0650024
50.0648384
50.0648308
50.0646667
50.0645027
50.0644913
50.0645676
50.0640984
50.0642242
50.3368759
50.0741692
50.0665398
50.0663261
50.0635948
52.5530586
52.5283089
51.0048027
50.280838
50.0635071
80.0629654
80.0624161
80.0620499
80.6794968
80.0818863
80.059906
80.0589523
80.0624466
80.0619583
80.0589523
80.0583801
90.5905762
86.7019958
211.100861
179.194168
112.693588
80.0726547
80.0712738
80.0696259
84.4320221
88.7044067
85.2225723
81.4939423
80.0657578
105.24675
104.002747
89.4714127
86.7251053
84.3782654
81.5985947
109.587639
109.943954
109.852982
57.9481583
55.0006065
64.711113
79.5754547
265.072327
259.617279
303.923309
1310.29028
1685.67773
915.603943
251.133667
104.345001
105.244766
102.971123
102.33136
100.731422
100.110992
100.107933
100.104813
100.101791
100.098839
100.095482
100.119484
100.240616
107.666306
108.879463
103.275627
100.273293
60.0794868
60.0765457
60.6732941
61.6750031
62.6485176
83.7384796
94.1837006
82.4130554
67.3616028
61.3498116
71.6830597
67.6904221
62.4226456
172.325806
204.059341
261.670959
310.087219
294.209412
433.62146
363.920044
186.636169
88.5806198
68.5694351
173.117218
560.799988
487.703064
181.149628
65.1373062
62.7138214
61.1627769
70.2459259
79.31707
94.9955368
88.3029099
74.6164398
70.1346359
72.2329025
72.526886
71.0128784
70.8689728
70.7923584
70.3183441
70.1702805
70.1380692
70.1202087
70.1138077
88.3522797
100.792282
95.4746475
81.0335922
72.0989914
70.1869583
83.5922775
89.8001251
80.9068146
72.4393845
78.6162949
339.102661
438.182098
259.549957
108.585709
102.779739
100.343834
100.130882
101.540649
102.16935
100.660439
100.124672
100.122711
100.12101
100.119392
105.237747
105.433998
101.490494
100.113861
100.112595
102.272972
102.780159
108.311913
148.300629
207.112457
196.187836
202.700409
228.439972
178.65062
130.978546
144.113968
210.92247
211.206284
147.793747
183.358658
178.807709
63.5024414
40.5429459
40.8715096
40.734623
40.4083672
40.1648903
40.1617851
40.1585808
40.1555176
40.1528435
74.4998245
280.701233
919.943848
796.226013
322.241608
274.898346
228.829224
91.7658539
40.1988716
40.1973419
40.1953468
40.1929817
40.1906471
354.873047
361.687073
146.510956
51.3461571
45.3050919
58.2283401
60.6335526
110.552315
102.916206
102.32016
101.592819
136.336761
135.164566
142.796265
132.78746
108.648438
100.196823
139.34082
234.568268
259.678131
171.320816
112.157364
100.215897
100.214928
100.213623
105.700882
122.60569
117.535225
104.01741
154.841599
245.255707
198.421371
206.31665
211.35318
156.699707
172.635178
145.651779
113.466949
100.797493
100.468529
100.243835
100.243034
108.937073
104.246231
101.453773
143.964508
175.344742
307.117065
234.247375
137.601151
100.826805
100.34021
100.257401
100.256859
100.256203
100.255493
100.254547
100.254044
100.48246
100.252274
100.251472
125.770241
149.992615
128.254913
106.870193
104.366074
102.084442
100.867233
50.2507057
50.2468872
50.2425156
50.2384796
50.2343254
50.2299767
50.2256241
113.084579
434.152649
397.069061
159.656555
57.1261902
77.3812256
1119.57397
1358.60449
599.517578
123.307869
50.2410622
50.518837
100.233902
100.230156
100.225746
100.221848
100.217667
100.213707
100.209663
100.20549
100.201691
100.197769
50.1939163
103.877174
261.374298
680.842712
673.245728
310.65271
125.719353
252.963364
277.143158
100.709862
100.212952
100.195068
100.173073
100.168327
100.164062
100.159897
100.155701
100.151932
100.148254
100.144897
100.141434
100.138237
100.135399
100.132675
100.130295
100.127823
100.125511
100.123352
100.121529
100.11972
100.118202
100.11644
100.113861
100.113564
100.112343
100.110207
100.110893
105.843147
102.597115
100.953293
102.147148
100.889328
103.635834
107.120094
111.447739
112.686928
115.719353
107.252808
102.102097
100.101624
100.100929
102.614311
101.347557
50.6233559
50.098362
50.0981827
50.2433014
50.0983887
55.5208321
52.798542
56.9433594
110.129715
107.9925
110.438766
128.188324
117.242699
105.167099
119.095627
127.216843
142.61145
123.406029
106.914154
100.104393
101.932777
102.394592
100.998543
100.299103
100.100204
100.743958
100.167061
100.119217
100.095955
106.513687
104.045837
101.564346
100.897125
151.429276
190.438614
388.163208
532.804688
469.882751
243.654114
106.718689
100.385048
100.133728
100.130707
100.12764
100.125191
100.122284
80.464447
80.1169205
80.1142349
80.1116257
80.1088181
80.106163
80.1032562
80.1002655
80.0977097
80.0950165
80.0926361
80.090416
80.0881042
80.0857544
80.0845032
172.266907
313.358154
293.053436
180.927841
581.601624
616.364746
362.483459
207.663239
143.442963
105.403549
100.38031
100.595001
100.264343
100.13163
100.128807
101.172646
101.91095
100.687508
100.139084
100.114777
100.111877
100.109238
100.107079
100.104523
100.101997
100.099594
100.097168
100.094925
100.092804
100.090797
102.481506
155.813431
174.497253
169.270081
142.009369
111.032135
159.654816
518.35907
686.813232
373.176941
128.542435
64.2714615
60.5723038
60.1235199
60.3748779
60.5211296
60.2530594
65.5380096
108.006256
136.087173
116.123306
78.8707123
63.0485992
60.1092682
60.1061401
60.1030235
60.100132
60.0975761
60.7324982
60.3491936
60.1690636
60.0891571
60.1453781
60.0946884
60.0854492
60.0838127
60.0825157
60.1347237
60.4304237
80.3231049
99.531517
91.6027069
75.6181488
70.1079941
138.979614
136.722397
89.6359406
70.0895081
75.5947876
75.3983154
72.3646393
83.7611618
83.0234146
73.842926
426.286713
443.520355
928.596436
1020.02869
903.260559
591.599854
246.045319
248.638443
243.122559
144.482697
103.304459
101.979317
100.547318
103.868607
103.503067
115.066956
446.89682
802.663574
697.039551
631.507568
423.888428
316.661926
286.137939
237.052322
171.43924
127.581413
108.344009
105.229546
116.167679
111.522812
110.457535
107.012016
101.969887
100.188583
100.186478
100.184776
100.182678
100.180504
117.530373
185.769287
164.103607
117.374832
115.308311
232.72052
664.751892
634.25
279.829163
131.392532
210.933792
307.037628
164.198578
141.578674
151.331024
174.908112
192.355438
157.843094
119.278893
102.434166
109.128601
112.579689
106.343781
101.342796
100.208313
100.205475
100.202797
100.199905
100.196831
100.193916
100.191238
100.188332
100.185478
100.183075
100.180344
40.1776543
40.1748619
103.452492
43.4506912
101.777939
100.407349
100.206795
100.161598
100.180801
100.163666
100.154869
100.152573
100.150383
101.138474
102.457161
101.615364
100.276527
100.140678
100.389366
100.216583
100.135551
100.134026
101.474312
102.725311
101.530899
133.429855
134.014069
114.349709
208.894684
313.919006
581.553345
551.820618
273.705658
119.907951
100.177887
100.17765
100.176567
100.175331
100.174347
100.173271
100.172066
100.170677
100.169426
100.16803
157.306274
385.654907
535.305115
395.689148
191.222809
110.90567
100.210419
100.261604
100.209496
100.208893
100.207855
123.361588
198.576706
311.653076
314.140411
196.28775
118.756271
101.529678
100.242699
100.241104
100.24131
53.0280609
51.6185493
116.314926
663.492676
590.912292
214.326675
51.3283463
52.0619087
50.2463989
50.2332001
50.2206459
50.2167091
50.21241
50.2084274
50.2043915
50.6398697
50.1966209
50.1924438
50.1884575
50.1844826
50.1808472
50.1771202
50.1731987
50.1697235
50.1662903
65.2125702
81.5909729
66.4534836
54.9402008
50.1510353
100.14785
167.875
191.790527
137.370789
107.005226
100.141502
120.383865
109.667145
103.101913
100.131493
100.129074
100.126694
100.124466
100.122314
100.120514
100.118538
100.116783
100.115067
100.113159
107.095551
103.175056
101.11219
100.107918
100.106758
100.10569
100.104439
100.103462
100.102371
100.101799
100.100807
100.099991
100.13588
50.0943069
50.0936508
50.0930328
50.0923424
50.0914803
50.0907288
52.5935669
51.1355858
50.4991837
50.0884743
50.0874557
50.0869179
50.0864258
50.0858345
50.0850792
50.0844803
50.083744
50.0832291
50.0828362
50.0824013
50.0816193
50.0809441
50.0803528
50.0795364
50.0790482
50.078331
50.0778999
50.0772629
100.075508
104.057419
103.371712
101.346848
100.305862
100.077202
100.076317
100.073212
226.141907
199.36528
132.835983
100.088486
100.088493
100.087479
100.086853
50.0858116
50.0846519
50.0834999
50.0833168
100.983261
94.164711
64.3516922
50.0882339
50.0878601
50.0872383
61.4550018
57.9421196
52.8821259
51.634285
50.8774796
50.438797
80.0828781
80.0828552
80.0822983
81.1660538
80.3676682
80.1873779
80.120842
90.1098328
134.59761
343.508118
802.200806
944.200989
610.417603
258.764252
116.522781
85.4594574
81.4701538
80.1298447
80.126442
80.1230087
96.8952789
93.4217758
84.7268448
80.1097107
80.1064301
80.9435883
80.1313477
80.0968475
80.0941391
80.0913239
100.088837
100.086853
100.085175
144.160767
144.826218
113.772774
100.112686
100.08416
100.083008
100.082115
100.080986
100.079292
100.077393
103.434723
163.199097
197.213272
154.097244
206.166534
376.18219
382.739868
309.005585
274.31958
215.662476
142.391388
106.449745
100.139732
145.009079
1157.14087
1676.07202
1130.3551
459.797058
129.588287
64.4898682
60.4591331
60.1705132
60.1672516
60.1631317
60.158638
60.1545944
60.1506348
60.1469688
99.1225052
92.5201797
69.9343948
60.1352234
60.1774139
60.134922
73.0852432
68.5815125
62.7043343
60.1149406
60.1116333
60.1078758
94.654129
87.37957
68.3640671
62.5350227
362.615173
353.429657
151.813156
62.1009026
169.852448
386.439575
413.158173
391.112732
262.632538
142.001953
100.151344
100.14933
100.147522
100.14492
100.142456
100.139931
100.137001
100.134529
100.132179
100.975845
101.041344
100.415451
119.461517
117.903809
105.218216
100.119118
100.117622
100.116104
100.114502
100.112892
100.111412
100.110504
100.109116
100.107773
100.106514
101.121422
101.58004
100.484169
100.102066
100.100891
110.649704
110.298073
103.390739
103.685471
103.430397
100.899925
112.181
218.208389
279.894989
195.718918
119.387596
100.118591
100.118118
102.067909
136.033981
141.238373
118.137199
109.676353
106.383583
101.740868
100.119606
147.958694
141.604309
283.899689
251.29306
146.789551
40.8926506
40.1367493
40.1343842
40.131134
40.1281509
40.1251221
40.1223526
40.1196785
40.1173401
74.3114853
74.0590363
51.4436226
40.9835739
49.543457
294.283539
330.942169
154.858292
52.60783
40.4787407
40.1266747
40.1779022
40.3966217
40.2693901
40.5832024
40.6389465
40.3523598
40.1126938
40.1106453
40.1086502
40.106308
100.103958
100.102097
100.100494
100.874886
102.094681
101.524544
100.227577
100.092087
113.102638
136.758865
134.811615
114.021263
101.695877
100.092476
100.091278
100.090378
100.089111
100.088188
100.087158
100.086578
100.085754
104.019958
106.529274
103.487984
100.376617
92.0320129
40.2714996
42.3527641
42.5167503
40.3242569
40.0790672
100.079185
100.078003
127.478012
209.40303
183.055695
122.629906
100.094658
100.094666
100.094162
10.055356
92.2916489
101.241623
50.5291595
10.0531721
90.1245651
100.087227
100.73613
100.315842
100.206055
100.086334
100.085564
10.0512829
90.1152649
100.082008
109.989403
105.478668
101.738548
100.078369
100.079063
100.078308
50.0809975
50.0802956
50.0796089
50.6923485
56.8372955
59.5639725
78.7412033
92.5448227
163.957413
126.785835
71.9436798
50.0921593
50.0914001
50.0903244
50.0892639
50.0880356
50.0872841
50.086319
50.0851822
50.0843124
50.0835648
50.0829659
50.0817337
50.0810127
50.0804214
50.0800972
50.0795288
50.07827
50.0774765
54.0674362
51.5112419
50.5440483
63.3295822
177.028336
246.32962
164.502686
75.7406769
50.0972939
50.0961914
50.0947876
50.0937805
50.0923233
50.0907478
50.0896149
50.0884666
50.0874863
50.0866089
50.085495
50.084774
50.0836563
50.0831985
50.0822182
50.0817375
50.081192
50.0805817
50.0799141
50.0789871
50.6935959
50.2449455
50.1724472
50.0777473
50.0753174
50.0747108
50.0744743
50.0703697
50.0729523
50.0726204
50.0692482
50.0689278
10.0373678
40.0994453
50.067791
50.0673256
50.0669975
50.0668297
50.0668564
50.0661659
50.0659332
50.0657692
50.0653839
50.0650368
50.0648804
50.0647202
50.0644073
50.0642319
50.0639381
50.0635605
50.0633926
50.0630646
10.0324697
40.0914154
50.0609703
50.0609436
50.0607529
50.0606995
50.060627
50.060524
50.0602188
50.0599709
50.0596542
50.0594101
50.0593224
50.0592308
50.058979
50.0588799
50.0586243
50.0585251
50.0584221
50.0581627
50.0583267
50.0577698
50.0578499
63.5574989
60.5866165
53.6526184
50.3353577
50.0641212
50.0605469
50.0936317
50.0634537
50.0601807
99.0773468
93.0997391
84.5642395
80.060318
80.059288
80.0591354
80.1567001
80.0632401
80.0578461
80.0573502
80.0570297
80.0565491
80.056221
80.0558853
80.055542
80.0552063
80.054863
80.0547028
80.0543976
80.3581161
80.0648346
10.0256462
70.0840683
80.5692902
93.091629
92.2598114
84.9676514
80.6550827
291.987396
261.935059
160.569443
100.070541
100.069954
102.545578
103.32402
100.983337
50.0661659
50.0648575
50.1012535
50.0737648
50.0609779
50.0596733
54.1555862
239.155136
396.201599
317.687469
202.180252
116.56192
100.095863
100.093811
109.024467
219.389709
246.959824
164.731155
109.041084
100.108131
106.873009
107.865364
102.362389
100.092178
50.0894318
60.0856285
75.7234879
104.955826
322.132324
453.407684
300.570679
197.75061
395.039642
561.803101
366.678406
133.872406
62.5321198
60.13871
70.325058
97.9618378
96.5916748
105.341751
86.3041382
67.4128647
208.013306
250.979553
149.623627
74.8979187
60.1999435
101.728493
163.358124
249.516144
450.420685
424.148468
206.801758
91.6567001
88.3933182
88.3534012
79.5783844
93.4046631
90.4806137
75.8544769
70.2578735
70.1835556
72.9028778
76.9236908
81.6446762
171.130341
180.359589
339.094543
323.044617
199.771667
214.52919
333.816345
237.197174
111.179092
70.2088089
70.2067108
70.2039413
130.444473
142.898834
272.277832
342.429504
285.446411
160.298096
89.2080612
231.08287
262.328369
176.593994
114.599083
101.360954
101.379738
100.736145
100.580162
100.316071
100.233917
121.931366
212.641739
219.407303
447.589996
385.796722
183.211029
102.292107
103.168106
158.354797
182.283813
146.26857
119.442413
107.910042
133.025696
130.494995
112.256966
103.072708
102.482056
101.294426
115.441933
113.343826
106.38118
118.2314
88.9554367
56.3997459
43.2740211
40.3105698
133.535324
148.486847
102.678482
61.9358177
46.2413177
42.5007629
43.673851
42.3011208
40.8307762
40.8119965
41.0308189
55.6443214
55.2391167
45.5099983
42.8741951
84.1509399
83.0247803
53.3116722
40.2337265
43.6056671
96.5868835
101.275352
63.0942154
47.7608414
106.050369
107.027611
104.632469
140.848541
185.690689
170.877594
148.088974
162.448822
383.009766
437.387848
291.334625
211.471786
149.129944
110.090942
100.315826
100.575958
102.312523
102.14962
100.438805
100.440674
100.318642
100.261009
100.259453
100.715775
118.660263
118.450623
95.0229416
84.3115082
75.9924011
87.6651459
