0.0
0.0
0.0
0.0
0.0
0.0
0.0
0.0
0.0
0.0
0.0
0.0
0.0
0.0
0.0
0.0
0.0
0.0
0.0
0.0
0.0
0.0
0.0
0.0
0.0
0.0
0.0
0.0
0.0
0.0
0.0
0.0
0.0
0.0
0.0
0.0
0.0
0.0
0.0
0.0
0.0
0.0
0.0
0.0
0.0
0.00326108257
0.00468546059
0.00468546059
0.00468546059
0.00468546059
0.00468546059
0.00468546059
0.00468546059
0.00468546059
0.00468546059
0.00468546059
0.00468546059
0.00468546059
0.00468546059
0.00468546059
0.0
0.0
0.0
0.0
0.0
0.0
0.0
0.0
0.0
0.0
0.0
0.0
0.0
0.0
0.0
0.0
0.0
0.0
0.0
0.0
0.0
0.0
0.0
0.0
0.0
0.0
0.0
0.0
0.0
0.0
0.0
0.00468546059
0.00468546059
0.203745916
30.6533775
46.7659645
63.2507744
42.1156158
14.6067286
10.0023451
2.62440562
0.00468546059
0.00468546059
0.00468546059
0.00468546059
0.00468546059
0.00468546059
0.00468546059
0.00468546059
3.15155005
9.83717442
6.70943928
2.04482746
0.00468546059
0.00468546059
0.00468546059
0.00468546059
0.00468546059
0.00468546059
1.47577071
1.05540073
0.466795236
0.224581063
0.0687220022
0.00468546059
10.954792
11.2002287
3.40040874
0.00468546059
0.00468546059
0.0114342375
0.00682941452
0.00468546059
0.00468546059
0.00468546059
0.00468546059
0.00468546059
0.229172722
0.491431892
0.143703982
0.0926098377
0.317294419
0.0963113084
0.23274225
0.491735697
0.735067844
0.849414349
2.07114506
2.15090299
8.54218292
8.54868603
2.61369228
0.0
0.0
27.1061344
28.2522087
18.3949394
22.7863579
12.126893
4.8894043
13.4944277
37.3168297
22.4709721
19.054409
12.0866127
7.40769577
0.055113174
0.0
0.0
0.0
29.4867935
101.54055
111.383713
46.4219589
10.5249281
41.8652153
21.6911373
11.3150663
9.92471695
34838.4062
99.9303055
99.9317169
100.030777
100.137306
100.607208
103.773109
106.878487
113.208809
141.139572
130.244156
108.200317
99.9330597
99.9334106
99.9336319
99.9336777
99.9338303
99.9344025
99.9513626
99.9973907
105.251205
104.447304
101.183998
100.228653
152.340332
182.728439
174.374603
153.233688
138.934326
126.976204
114.403687
104.557724
100.914429
100.236015
100.005295
100.497787
100.801361
100.168999
99.9499283
99.9500656
99.950676
109.156174
141.236481
167.241531
148.927353
216.413544
214.209549
178.532303
162.199661
140.62381
113.997589
108.077042
106.731659
102.532959
100.345627
100.154472
100.108971
115.692459
115.301735
54.3457642
51.0009727
51.4701347
50.3982468
50.0393982
50.0203133
50.1161003
40.1156082
42.0103722
41.6482048
47.4854546
48.2410851
45.1501427
55.7738914
106.564606
204.069824
200.468231
109.563217
51.7026558
131.298615
154.264053
101.642303
56.6550827
53.9528961
49.7756042
43.246315
40.1960526
40.1987534
40.2003632
40.2016525
42.4440002
145.393509
153.817841
86.6182709
51.9627228
44.9845276
41.7361526
40.2244606
40.2266045
40.2281799
40.2292061
40.229805
40.6732597
72.492981
66.706665
47.5760765
58.7457123
61.0779762
56.2535858
47.3187561
41.4724503
120.077637
108.121529
60.5754089
42.2415695
41.0613365
40.3014832
40.2417564
116.818558
182.128052
121.630516
116.007896
163.643677
141.399918
76.9376907
45.8884583
40.8567772
40.3105049
16495.6934
100.26593
100.263214
100.257385
102.917984
115.084297
232.868896
262.317444
166.705353
111.912865
100.250832
100.231613
100.224739
100.20697
100.198944
226.956696
189.732162
128.144485
330.690216
317.195496
179.245468
110.210052
100.111794
100.118958
100.11087
115.608513
193.724365
166.610565
117.93895
100.07901
50.1260529
50.0914421
53.6139755
84.3371582
193.607025
186.821304
98.4212418
268.73465
197.855652
93.2577057
50.0083504
50.0424728
110.920631
153.098724
185.716049
130.038284
264.87561
416.114868
466.289124
436.782715
278.018066
162.928986
324.530243
281.618011
99.9994507
100.039047
100.079659
100.049301
100.016693
100.050926
102.009918
170.822723
197.874939
144.406982
186.967072
167.403961
122.941429
102.127289
124.224808
112.237953
107.461807
101.174255
100.6222
100.831192
100.199707
100.190109
100.189621
100.196106
100.201584
100.20607
100.210175
100.21357
100.216797
100.219612
100.222717
100.541519
100.234596
100.23027
100.232864
100.232765
100.23185
100.189011
100.214912
100.200523
100.208244
100.233276
100.586182
100.984093
100.351456
100.293571
100.231415
102.970154
101.391983
102.979538
51.2624016
50.5296173
51.3512077
51.411335
50.5196075
50.3240433
50.2218819
50.2208939
50.2198296
50.2186394
50.2175255
50.2162971
50.2150421
52.4091492
51.1917648
50.5677414
100.129883
100.099457
100.098251
100.097046
100.095932
100.094887
100.093666
100.092453
100.09111
101.154175
100.684952
100.812561
100.120995
100.097878
100.0839
105.530617
118.461258
110.787628
103.427628
100.097496
137.025208
172.209274
140.580765
110.592705
100.067978
101.329773
101.372849
102.847878
100.929405
51.1445694
50.1823273
80.163414
80.4492798
80.1541519
80.1520004
80.1496735
80.1473694
80.1449127
80.1426315
80.1404419
80.1380157
80.1356125
80.1335449
80.1315002
80.1293488
80.1270447
80.1248169
80.1227722
85.6038132
124.252213
134.997314
107.946365
119.677765
297.636261
265.821014
246.564941
166.210358
106.752304
80.9593964
80.1428986
80.1456223
100.239433
100.498413
100.253342
100.147842
100.147141
100.33326
100.788193
100.38102
100.157654
100.142242
100.140923
100.139519
100.171936
101.223251
214.700226
358.724792
411.066193
507.359741
615.253906
453.15863
263.73114
166.189957
120.795143
112.87796
188.194702
239.357544
192.35376
127.236732
103.01239
101.725151
100.678947
60.2402687
60.2560997
111.931633
102.907967
73.6975327
60.2570686
143.89711
279.924133
198.278671
96.9234543
60.3367424
60.2412071
60.2568092
60.2568588
60.2568436
60.2568779
94.8202057
256.359314
454.657043
365.79892
201.575195
108.273972
106.76535
414.638245
493.171692
281.593872
171.117889
107.921974
74.5363464
60.2412682
70.2411423
70.2410736
70.2410126
70.2409363
70.24086
70.2407761
70.2406845
70.240593
70.2404938
70.2403946
70.2402802
70.2403412
70.2557526
70.239975
70.2397919
70.23983
70.2555008
75.3981705
74.3726578
71.288765
70.2387772
70.2387085
159.638702
181.838348
122.426712
79.6498566
73.3890076
90.380722
105.405945
89.4692001
75.1336517
101.087868
100.526474
100.318428
100.269325
100.234894
100.234535
100.234016
100.233536
100.342171
100.7714
100.928574
100.395653
149.984497
135.374222
110.412804
100.663475
102.801193
230.440491
224.238098
149.960251
107.450996
100.22374
100.224144
104.217323
103.688194
101.087494
50.2224312
51.1884995
51.6181145
52.0941391
65.7975922
49.9573479
82.8311157
79.9397888
340.026001
246.665909
283.351715
285.263062
228.960403
167.758728
97.3154678
59.9003105
451.941528
815.953125
532.935669
152.356522
40.3232956
40.3232956
40.3232956
40.3232956
40.3232956
40.3232956
40.3232956
46.4100418
118.657379
318.247437
339.510376
476.016144
516.527466
325.713379
158.297302
628.985413
738.967529
404.45578
158.671509
497.557007
697.67749
449.061035
406.392303
441.869263
402.43573
166.186737
100.323303
100.323303
100.323303
100.323303
100.323303
100.323303
100.323303
100.323303
100.323303
100.323303
100.323303
118.252808
136.614502
122.274597
104.36573
100.323303
100.323303
100.323303
102.557007
105.943634
102.053543
100.887711
102.133514
101.662964
100.757668
100.349052
100.283516
100.273766
113.178223
107.125877
102.348488
100.637894
100.271805
306.251465
302.656799
161.345093
110.429726
105.048683
101.764626
100.18293
100.177414
100.166626
104.585014
102.557266
101.021355
100.1054
100.066551
100.0504
100.040138
111.939255
55.4611778
51.781105
50.1233597
50.117012
50.0788002
50.0410347
50.0328674
50.026741
50.0212288
51.0385132
110.245972
98.6188049
64.6090012
50.0490646
50.0354919
50.0316811
49.99403
49.9917336
49.9907799
49.9901581
49.9898529
49.9897919
49.989975
49.9904556
49.9910736
49.9916725
49.9921379
49.9929123
49.9943352
78.1155243
68.8616791
56.3733635
50.2105026
50.0542564
50.0554504
50.0834312
72.3437805
63.9273567
54.4137955
50.087616
50.0691605
50.0697861
50.0713997
50.0730667
50.0747261
50.0769806
50.0800209
50.0832558
50.0870667
50.0983391
50.0945702
50.0944748
50.0946121
50.0951118
50.0968475
50.9254341
50.2086372
50.1574249
50.1043587
50.1070404
50.1099396
50.0968704
50.1044083
50.1133614
50.1241188
50.1085854
50.1354942
50.1372833
50.1365089
50.1357613
50.1349487
50.1341782
50.133419
50.1326141
50.131855
50.1310349
50.1301537
50.1292152
50.1282806
50.127224
50.1262512
50.1249542
50.1235313
50.19524
66.7694244
61.3745117
53.6563606
50.1180077
50.1169167
49.998497
49.9970856
49.9960518
49.9948273
49.9936485
49.9927254
49.9914513
49.990387
49.9893913
49.988369
49.9873924
49.984787
49.9810982
49.9796143
49.9786377
49.9777107
49.9767952
49.9761505
49.9754791
49.9750175
49.9746475
49.9753799
50.2426567
49.9790802
49.9992561
49.9730415
49.9734192
52.1214066
51.9655266
50.6910858
50.1316986
50.0852814
80.0841217
80.0832901
80.0822296
80.5709381
80.0900116
80.079483
80.0784302
80.0774994
80.0765152
80.0757141
80.0749054
88.6414413
85.8479233
130.210953
120.348694
92.6210709
80.0705261
80.0697784
80.0690002
82.3564453
84.1467667
82.2354736
80.6628571
80.0656815
90.9973526
89.4263306
83.6238785
12.6682663
72.0235062
80.6458969
104.145538
103.981995
104.07283
103.104179
101.98246
56.0319138
61.2712936
107.040131
99.678688
126.87207
452.288849
653.558594
407.044617
177.254898
104.181831
104.674889
102.729126
102.070808
100.755775
100.24807
100.247955
100.247475
100.246658
100.245018
100.243111
100.262726
100.361534
106.720795
107.119125
102.699745
100.300293
60.1592178
60.1398239
60.6022606
61.3387222
62.0185661
76.2876282
81.0588455
72.8265228
64.0118866
60.8030548
66.9609222
64.3474808
61.4117088
108.044785
124.208321
150.457825
176.368347
181.203323
250.741257
207.690018
135.833054
81.9756012
66.7747345
143.787766
360.695923
245.067917
111.757408
65.2911377
62.651825
61.1954231
10.1115179
70.9290771
94.9100876
84.6505356
73.758606
70.2219391
72.1398926
72.2482147
70.9224167
70.9058838
70.7895813
70.3703156
70.2747269
70.2309952
70.2164078
70.2116547
88.9678116
94.597641
88.2213287
76.9673615
71.4104233
70.2804413
82.3177948
83.653038
76.8408127
71.6113892
77.4373627
216.727203
248.809372
156.144257
91.3103561
102.006851
100.339844
100.192924
101.581802
101.859589
100.61422
100.192665
100.191971
100.190697
100.189751
106.088898
104.391708
101.235321
50.184494
50.2008514
52.3739853
52.2068825
58.6582413
91.6637726
124.488266
106.931046
131.522156
145.025238
95.1676102
74.7479248
93.9794617
150.323746
130.15416
81.1246643
138.555634
102.912277
55.1813889
40.6141624
41.0403709
40.8223572
40.5045395
40.2966805
40.2966576
40.2964821
40.2962265
40.2957954
75.9979553
187.046921
572.271057
397.414185
238.09198
322.594971
214.956573
84.1950912
40.3232956
40.3232956
40.3232956
40.3232956
40.3232956
323.73642
304.770538
133.874756
60.8907127
49.8587379
70.3453369
74.7406998
117.05854
96.2656937
84.5736618
62.7548523
107.422714
99.5018539
110.649132
112.075722
86.4739227
74.9571304
131.025528
223.795959
238.828339
162.340866
115.24688
100.323303
100.323303
100.323303
87.512146
96.163269
79.977478
45.8280106
116.822205
220.340729
166.678055
180.995987
206.269638
127.52639
168.377838
174.036011
120.802422
101.228256
100.700035
100.321838
100.312965
114.889374
107.440453
102.453812
164.701691
201.030823
337.416138
266.283356
147.093384
101.351952
100.388924
100.215332
100.214577
100.209885
100.19136
100.179703
100.174454
10.4478912
90.3366928
10.0150166
133.709335
177.703827
143.55809
110.15078
106.197678
103.364342
101.262787
50.0835114
50.070488
50.062027
50.0540237
50.0465088
50.0395699
50.066124
126.481522
342.872009
301.33313
133.836334
58.8315964
84.0499878
1035.93079
1258.13647
628.883789
146.137207
50.0826454
50.4649544
50.0842934
50.0417099
49.9953117
49.9931145
49.9946175
49.9966354
49.9991951
50.002224
50.0057373
50.0097198
50.0142937
106.081009
234.427185
506.328888
504.506561
272.646545
129.135651
100.141563
100.12249
100.899002
100.238152
100.195229
100.158348
100.165527
100.174217
100.183029
100.19062
100.19828
100.206055
100.213013
100.218735
100.223534
100.227226
100.237473
100.240677
100.235725
100.23761
100.238396
100.240562
100.241463
100.243172
100.249237
100.204597
50.2118111
50.2399368
50.244751
50.2327881
57.8883972
52.9474716
51.1689339
52.9469528
50.9958725
54.4301949
57.6480598
61.0324173
61.3768311
62.9928513
105.127556
51.5418015
50.2398529
50.2389412
52.9117088
51.018055
50.5705872
50.2345085
50.2334557
50.4390182
50.2312851
55.1032295
51.889286
55.5309067
107.348862
105.548302
107.309372
117.699356
110.449661
103.217125
112.761131
116.555084
125.031067
112.039124
103.680824
100.107613
102.160469
102.140358
100.61731
100.218575
100.099937
100.942825
100.163757
100.11203
100.11628
105.817276
102.239304
100.908165
101.089417
133.191437
148.368164
223.330048
293.23996
266.973083
166.180817
95.0570908
80.3848495
80.1947479
80.19561
80.1957779
80.1956787
80.1954269
80.7777023
80.1941528
80.1930008
80.1918335
80.1905518
80.1888809
80.186882
80.1850281
80.1830139
80.1806335
80.1781311
80.1756668
80.1733017
80.170723
80.1681824
136.885757
188.21405
173.287109
129.50943
301.485352
302.582214
246.357269
158.078888
130.709671
104.343239
100.457222
100.672935
100.36422
100.237663
100.237984
101.188828
101.85096
100.782417
100.261086
100.234985
100.233658
100.232368
100.23098
100.229843
100.228241
100.225929
100.223816
100.221672
100.219391
100.217049
102.426613
138.867859
145.158676
139.113831
122.028282
106.069283
133.050827
256.865906
334.304199
203.437134
98.1172562
63.4955444
60.5484734
60.1703415
60.3860016
60.5163193
60.3007278
65.0001068
97.579155
113.938835
97.8914413
72.1893616
62.1310997
60.1544876
60.1534309
60.1519356
60.150013
60.1488152
60.6648788
60.3579369
60.2102318
60.1562767
60.200016
60.1587677
60.1488647
60.129261
60.1262779
60.1811409
60.4150963
79.4099731
92.7050781
83.8939819
73.6681366
70.1237106
111.793884
100.246056
79.2052002
70.0994949
73.9479599
73.0298157
71.4137573
79.9314194
76.9851151
72.1431732
215.831787
179.777008
514.89801
493.994141
544.444946
324.938507
153.59108
218.068405
174.443909
103.238258
74.1446457
72.1661835
70.6300354
75.2737045
73.8496933
88.9115219
309.11499
564.275452
504.925232
591.598816
448.08902
194.358414
100.235184
100.251892
147.232727
144.522949
113.567657
108.075684
124.230774
117.844582
115.385201
110.657394
102.965904
100.232086
100.231956
100.24929
100.231262
100.231049
124.32959
192.931
170.387833
118.694839
118.983627
232.778168
595.871216
578.510986
286.939453
63.0050926
40.3232956
90.5452271
136.503326
101.25351
112.601105
144.75386
164.206879
126.211014
70.6041412
44.2402077
55.2162323
61.4625473
50.8510895
42.2592316
40.3232956
40.3232956
40.3232956
40.3232956
40.3232956
40.3232956
40.3232956
40.3232956
40.3232956
40.3232956
40.3232956
40.3232956
40.3232956
45.1961021
45.2514038
102.713943
100.662445
100.383385
100.323303
100.352844
100.332687
100.323303
100.323303
100.323303
101.61499
103.232903
102.14312
100.489258
40.9323959
40.6148338
40.4159126
40.3232956
40.3232956
41.8125534
43.1515465
41.8146248
73.2517242
73.2030106
54.2663002
112.290115
179.111664
318.016022
328.64209
169.112061
59.8748703
40.3232956
100.314934
100.308105
100.309525
100.318733
100.282127
100.293007
100.282059
100.271324
100.278984
81.2903595
296.125549
421.110077
442.230774
225.162476
120.469261
100.223999
100.330582
100.209625
100.178711
100.174942
144.320251
259.992218
453.438477
450.636902
273.617737
137.598434
102.921005
100.0793
100.040375
100.056969
54.6720695
52.5645866
137.695312
674.956482
580.9552
211.726089
52.1334915
52.7117691
50.1098595
50.0782127
50.0440063
50.0069618
50.0031281
49.9999123
49.9973335
50.7624817
50.047821
50.0019836
49.9911461
49.9907799
49.9909286
49.9915733
49.9928322
50.0326538
50.0724144
71.1600647
87.9256668
69.2443771
55.7669373
50.0736542
100.086914
156.158005
170.494949
129.632996
105.324638
100.117012
118.364044
108.21431
102.692963
100.108917
100.113457
100.11805
100.123062
100.144562
100.139
100.136391
100.139587
100.142815
100.146164
108.044945
52.3839569
50.8968964
50.1558113
50.1572533
50.1612625
50.1665382
50.163002
50.1575584
50.1619339
50.1747513
50.1622505
50.2204208
50.1566734
50.1658859
50.1737213
50.1778412
50.1802139
50.1794815
53.3288193
50.9066582
50.4619713
50.1758881
50.174984
50.1738091
50.172699
50.1720581
50.1711197
50.1699066
50.1686554
50.167408
50.1662788
50.1651649
50.1640701
50.1628799
50.1615067
50.1602211
50.1589737
50.1577225
50.1564713
50.1552277
50.0422745
54.1546669
52.9861794
51.0011368
50.2254562
50.0578728
50.0325279
50.0313911
110.153473
96.2423401
64.555069
50.0295677
50.0284882
50.0275993
50.0263405
50.0253334
50.0245857
50.045784
50.0226936
77.6885986
68.3296585
55.9634933
50.0180244
50.0165482
50.0158005
57.6169815
53.5465393
51.2412643
51.497654
50.3469124
50.1597137
80.1098938
80.1082611
80.1064835
81.2239609
80.252121
80.1583176
80.1530228
86.6893311
106.693344
164.330536
306.437195
393.572113
310.929688
176.785126
107.448959
84.5965118
81.5240936
80.1508179
80.1532288
80.1543579
96.7995911
90.9121094
83.8746262
80.1534424
80.1521149
81.2207336
80.17379
80.1484528
80.1470947
80.1454697
100.143654
100.141777
100.140053
131.272537
127.660988
108.638741
100.151482
100.132935
100.131332
100.12944
100.127701
100.125732
100.123596
102.424141
133.858627
146.056854
124.410309
148.829315
211.953827
219.95401
209.615997
205.441788
174.055908
129.010513
104.831062
100.142159
134.519455
616.063599
923.592957
731.578003
360.620361
118.310257
65.0922394
60.5698242
60.257019
60.2413216
60.2406425
60.2406616
60.2408905
60.2572556
60.2573967
101.742081
90.3833466
69.6713333
60.2406693
60.2939262
60.2459831
73.2328033
67.1352692
62.4263344
60.2364159
60.2351837
60.2337837
90.7675705
79.4835205
66.2162247
61.921608
222.255981
173.047913
96.6369019
61.6531258
137.151276
262.643188
251.000061
274.547668
173.991318
97.2479095
70.2405014
70.2406921
70.2560196
70.240181
70.23983
70.2396011
70.2394333
70.239296
70.2393951
71.2864761
71.2505112
70.5283813
93.0014954
86.789566
75.0672302
70.2371521
70.2526016
70.2357025
70.2350235
70.2341232
70.233017
70.2481308
70.2299728
70.2281876
70.2263718
51.1861534
51.4700279
50.5365028
50.2192116
50.2174759
61.5302162
58.116272
52.7856445
53.337841
52.5187263
50.7605286
61.3516502
125.180779
143.531036
94.0442734
58.9810944
50.19804
50.1966972
51.8423691
79.3359528
77.3941803
61.2419777
57.49189
54.4413261
51.2737274
50.1873016
86.2597275
75.6435852
166.41983
118.310516
71.1579742
40.7975426
40.2829819
40.2834816
40.2831268
40.282795
40.2821274
40.2812462
40.2802734
40.2791977
70.942749
63.2489319
47.7343216
40.8722649
48.7059212
163.516296
166.5672
92.4039001
48.1281548
40.5452271
40.2794304
40.33255
40.5097389
40.404068
40.7370605
40.7252808
40.4727173
40.2807617
40.2801552
40.2795677
40.2788086
40.2780457
40.2771454
40.27631
41.0968895
42.1602821
41.4544067
40.3750992
40.2707405
52.1460266
67.7401581
62.8801804
48.6472664
41.1710396
40.2642822
40.263134
40.2620201
40.2609482
40.2598534
40.258625
40.2576294
40.2565727
43.6725006
45.0428123
42.5252533
40.436203
40.2517128
40.4124718
42.0802956
41.9239578
40.4027596
40.2394028
37109.0625
100.243927
119.550888
157.222458
138.379456
110.034729
100.186943
100.182365
100.181427
100.16758
102.096939
100.984856
100.43718
100.128113
100.11927
100.109924
100.753372
100.286949
100.184479
100.09063
100.085777
100.072533
100.032356
100.01944
107.832436
103.755394
101.081688
99.9484329
99.9646225
99.9541092
49.97892
50.0314522
50.0239449
50.5729065
55.0257721
56.4920883
67.3104095
73.2625885
102.770309
82.4641724
58.8689232
49.8769684
49.8702431
49.8634644
49.8566551
49.8506165
49.8449326
49.8815384
49.8795242
49.8350258
49.8667259
49.8636131
49.8217888
49.8170815
49.8520164
49.8867645
49.8488884
49.8109512
49.8098679
53.1722984
50.8299599
50.1742287
59.2206306
103.486946
126.112442
87.7288208
58.2722969
49.943573
49.9135475
49.9106026
49.9118919
49.8884277
49.8876114
49.8911781
49.9142761
49.9203377
49.908535
49.9139709
49.921402
49.9292336
49.9373856
49.9457436
49.9543114
49.9714813
49.985878
49.9849396
49.9854012
50.7715645
50.1082497
50.0592308
50.0146446
50.0206299
50.0164185
50.0407982
50.0460548
50.0360451
50.0666084
50.0698624
50.0725517
50.0731583
50.0728798
50.0726891
50.0724144
50.0720978
50.071907
50.0716324
50.071434
50.0711632
50.0709724
50.070816
50.0705414
50.0702286
50.070034
50.0698814
50.0697212
50.0695648
50.0694122
50.0691376
50.068943
50.0687904
49.9552116
49.9551964
49.9551506
49.9551926
49.9551888
49.9549789
49.9547234
49.9541283
49.9531212
49.9517517
49.9516182
49.9516754
49.9518929
49.9520302
49.9521294
49.9523468
49.9526024
49.9528351
49.9530334
49.953289
49.9537239
49.954834
62.2174721
58.9799004
52.9302216
50.1675949
49.9582214
49.980484
50.0027885
49.9580116
49.9581032
22.3218269
78.3980713
82.8403091
80.064064
80.0637512
80.0634384
80.1278534
80.0626602
80.0623474
80.0620346
80.0615616
80.0610962
80.0607834
80.0603104
80.0599976
80.0594101
80.0589066
80.0585938
80.0581207
80.2685089
80.0594406
80.0570297
80.0565567
80.4151382
88.858017
88.2988586
83.2831116
80.403038
136.052307
131.451233
116.017868
100.053116
100.05265
101.24115
101.507133
100.46727
100.050972
100.050613
100.067589
100.055328
100.049362
100.049049
102.058868
149.954865
193.727158
182.99736
137.301422
107.091957
100.047256
100.047028
105.36982
150.688965
161.993561
128.800812
104.49527
100.050621
104.326218
104.922852
101.47802
100.045883
100.045609
59.9588661
69.0541382
82.4534836
145.898361
197.897034
152.36908
132.230698
216.004059
292.726349
208.634048
98.9570312
62.0495758
60.0644608
68.4112015
87.2813644
85.9591217
90.7508316
77.6210632
64.9682236
135.157684
163.292175
110.368782
69.2385025
60.1397247
91.4112244
128.144684
174.402618
266.373016
256.36441
143.738403
85.255188
88.428421
84.6670761
78.110817
91.8929596
85.168541
74.3936768
70.2619171
70.2048874
72.5466385
76.0569229
80.0901184
146.136841
134.275894
249.940704
188.85466
161.304626
202.133759
270.062042
172.066376
94.6752548
70.2179947
70.2362289
70.2216492
133.456741
134.629379
241.610504
283.541534
252.105469
147.493118
87.1103897
200.385849
214.217133
123.159973
64.4157639
51.8842239
51.7049904
50.9566002
50.6715355
50.3249397
50.2323914
81.4398346
169.453735
165.033112
369.176208
298.186462
153.340988
103.856148
104.956932
177.797424
205.722382
158.514084
126.418396
111.604568
145.234482
142.501816
116.41581
104.557762
103.606064
101.91996
72.5866547
68.766655
118.120712
134.021896
99.5481567
60.6281281
44.2027321
40.4092255
147.435806
155.432663
111.0289
68.7202377
48.2401047
43.891922
45.8013763
43.5547104
41.2333298
41.2508888
41.5823479
62.5351028
60.8744278
47.3565521
44.1274338
91.6990356
87.2456741
54.2785225
40.3232956
45.1841011
101.764206
103.946373
64.355217
50.3918037
48.147934
49.633358
45.7339058
85.781662
125.184631
105.577934
85.0353241
99.455101
270.777771
316.268799
233.195282
177.116608
109.486313
54.2559357
40.4160118
40.7651711
43.2780838
43.6987572
40.663414
40.6026115
40.4120293
40.3232956
40.3232956
41.1192436
68.5900116
67.4147568
57.4079781
94.2400894
83.9232712
91.9917831
