0.0
0.0
0.0
0.0
0.0
0.0
0.0
0.0
0.0
0.0
0.0
0.0
0.0
0.0
0.0
0.0
0.0
0.0
0.0
0.0
0.0
0.0
0.0
0.0
0.0
0.0
0.0
0.0
0.0
0.0
0.0
0.0
0.0
0.0
0.0
0.0
0.0
0.0
0.0
0.0
0.0
0.0
0.0
0.0
0.0
0.00329907588
0.00468546059
0.00468546059
0.00468546059
0.00468546059
0.00468546059
0.00468546059
0.00468546059
0.00468546059
0.00468546059
0.00468546059
0.00468546059
0.00468546059
0.00468546059
0.00468546059
0.0
0.0
0.0
0.0
0.0
0.0
0.0
0.0
0.0
0.0
0.0
0.0
0.0
0.0
0.0
0.0
0.0
0.0
0.0
0.0
0.0
0.0
0.0
0.0
0.0
0.0
0.0
0.0
0.0
0.0
0.0
0.00468546059
0.00468546059
0.203745916
30.6947479
46.8878632
63.4493561
42.271019
14.6653042
10.0023451
2.6339972
0.00468537211
0.00468546059
0.00468546059
0.00468546059
0.00468546059
0.00468546059
0.00468546059
0.00468546059
3.15857601
9.86313248
6.73024273
2.05210567
0.00468546059
0.00468546059
0.00468546059
0.00468546059
0.00468546059
0.00468546059
1.47841549
1.05753791
0.467929482
0.224524692
0.0687972307
0.00468546059
10.9556856
11.1986132
3.40253377
0.00468546059
0.00468546059
0.0114342375
0.00682941452
0.00468546059
0.00468546059
0.00468546059
0.00468546059
0.00468546059
0.228935421
0.491020113
0.14357233
0.0924911872
0.316901535
0.0961984694
0.232486099
0.491461158
0.734442651
0.848865271
2.07028842
2.15082765
8.54420757
8.552104
2.61463261
0.0
0.0
27.1646404
28.3405151
18.4388733
22.8266373
12.1335278
4.92704248
13.5389166
37.4503326
22.5778732
19.1265793
12.0953503
7.43311214
0.0553583503
0.0
0.0
0.0
29.5969353
102.01165
111.872665
46.6000977
10.5278606
42.0477524
21.8184109
11.3566141
36389.8828
99.9298859
99.9309235
99.9321213
100.03157
100.138336
100.608238
103.777695
106.886383
113.222
141.188736
130.271301
108.207474
99.9339676
99.9340515
99.9342575
99.9344406
99.9346008
99.9351883
99.9521408
99.9981766
105.250175
104.444366
101.184013
100.22921
152.3685
182.804993
174.49408
153.347443
139.02478
127.040527
114.438576
104.569588
100.916763
100.237206
70.0064392
100.499008
100.80291
100.17025
99.950943
99.9508896
99.9514313
109.157639
141.261871
167.314621
148.98877
216.69043
214.503571
178.713013
162.334763
140.706848
114.02459
108.088242
106.737305
102.53582
100.346817
100.155724
100.110451
115.72345
65.3088531
54.3481903
51.0025597
51.4717026
50.3991814
50.0402222
50.0211182
50.1170006
40.1163712
42.0149689
41.6488647
47.5012703
48.2472267
45.1549187
55.8067818
106.729172
204.633209
201.003387
109.776642
51.7400665
131.657196
154.538712
101.773834
56.6783943
54.0004044
49.7805405
43.2489166
40.1970673
40.1995926
40.2013435
40.2025261
42.4496498
145.747726
154.042389
86.6957932
52.0041275
44.9909286
41.7379265
40.2254028
40.2275772
40.2289925
40.2298851
40.2305489
40.6755447
72.5846558
66.7312012
47.5822296
58.803875
61.12146
56.2948341
47.3322487
41.4745712
120.362686
108.254616
60.615387
42.2504005
41.0640259
40.3021469
40.2421417
117.160431
182.715027
121.835243
116.452408
164.530212
142.071579
77.1181107
45.9196014
40.8641777
40.3113861
16624.1309
100.266556
100.263733
100.257866
102.930222
115.150917
233.836884
263.840088
167.090836
111.954178
100.251457
100.23217
100.22522
100.207314
100.199173
227.221298
190.133148
128.25705
331.559998
318.745605
179.910278
110.30909
100.11187
100.119095
100.110931
115.632767
194.085449
167.157333
118.097374
100.079033
50.1260834
50.0914688
53.6128235
84.346756
193.779633
187.181427
98.6171417
269.105927
198.467834
93.4810257
50.0083847
50.0424995
110.950058
153.262054
185.961792
130.259201
265.2995
417.606232
468.789032
439.031982
279.406616
163.154449
359.502747
281.906708
99.9994736
100.03907
100.079681
100.049316
100.016716
100.050949
102.006187
170.649536
197.664658
144.297913
186.818726
167.250534
122.887939
102.121613
124.166473
112.199959
107.444588
101.17012
100.620209
100.830116
100.199318
100.189629
100.188942
100.194939
100.200363
100.205078
100.208984
100.211937
100.21537
100.217949
100.220833
100.538559
100.23288
100.228714
100.230843
100.230682
100.229607
100.186768
100.212471
100.198036
100.205788
100.230637
100.582253
100.978981
100.348595
100.290642
100.228851
102.957893
101.385338
102.967331
51.2561722
50.5258217
51.3443909
51.4042244
50.5162277
50.321064
50.2192078
50.218132
50.2170448
50.2158279
50.2145767
50.2133293
50.2121773
52.3965492
51.1852264
50.5632553
100.126839
100.096489
100.095299
100.094185
100.093025
100.091782
100.090546
100.089195
100.088028
101.145966
100.679619
100.806252
100.117767
100.094452
100.080605
105.503677
118.390785
110.746941
103.41362
100.093948
136.9487
172.156219
140.58812
110.595367
100.064354
101.324142
101.367424
102.841072
100.927238
51.1400337
50.1782417
80.1596069
80.4448853
80.1505432
80.148407
80.1463623
80.1441879
80.1418839
80.1395416
80.1372147
80.1347122
80.1322174
80.1299744
80.128067
80.1260376
80.1238785
80.1216965
80.1195068
85.5769348
124.123703
134.932358
107.947601
119.652527
298.021729
266.509094
247.212769
166.540695
106.857353
80.9595871
80.1408463
80.143837
100.237709
100.495766
100.251289
100.146141
100.145409
100.330688
100.783852
100.377914
100.155907
100.140442
100.139091
100.137711
100.169785
101.216217
214.345551
358.534607
411.44754
508.037415
615.788147
453.527191
263.698303
166.130417
120.77684
112.805153
187.716553
238.85968
192.190613
127.216324
103.009293
101.725845
100.679565
60.2402687
60.2561035
111.618149
102.79184
73.6738968
60.2570724
143.450851
279.266602
198.054382
96.8969193
60.3364601
60.2412071
60.2568092
60.2568588
60.2568474
60.2568779
94.6522141
255.753784
453.849976
365.691162
201.68808
108.348076
106.756737
414.642273
494.072327
282.537292
171.276428
107.967064
74.5327759
60.241272
70.2411423
70.2410812
70.2410126
70.2409439
70.24086
70.2407761
70.2406921
70.2406006
70.2405014
70.2403946
70.2402802
70.2403488
70.2557602
70.239975
70.2397919
70.23983
70.2555008
75.3748779
74.353241
71.2830429
70.2387772
70.2387085
159.284332
181.375458
122.192719
79.607338
73.3760452
90.3145447
105.288834
89.3953552
75.1120148
101.085144
100.525314
100.317841
100.269081
100.234634
100.234215
100.233818
100.233276
100.341103
100.768349
100.925346
100.394356
149.797546
135.241577
110.373886
100.661255
102.789383
230.146698
223.970383
149.878006
107.443565
100.223114
100.223495
104.205101
103.67778
101.083862
50.2219887
51.1842461
51.6112633
52.0856552
65.7495804
49.9206924
82.7039795
79.8171158
339.721588
246.466827
283.349182
285.514587
229.121368
167.87117
97.405571
59.9110832
452.236206
817.672363
533.319885
152.362717
40.3232956
40.3232956
40.3232956
40.3232956
40.3232956
40.3232956
40.3232956
46.3934097
118.461014
317.862518
339.411743
476.208679
516.805542
325.818359
158.242584
628.992798
739.142639
404.478271
158.643967
497.862518
697.628784
448.950836
406.333862
441.739288
402.379028
166.111359
100.323303
100.323303
100.323303
100.323303
100.323303
100.323303
100.323303
100.323303
100.323303
100.323303
100.323303
118.204788
136.519791
122.218277
104.355026
100.323303
100.323303
100.323303
102.551544
105.92704
102.048309
100.885941
102.127525
101.658409
100.75621
100.3489
100.283524
100.273773
113.131027
107.100731
102.340721
100.636337
100.271721
305.701721
302.082184
161.166672
110.412926
105.040894
101.762108
100.182945
100.177444
100.166649
104.575989
102.552612
101.019646
100.105438
100.066574
100.050423
100.040169
111.908478
55.4478989
51.7771034
50.1233864
50.1170387
50.0788231
50.0410576
50.0328941
50.0267639
50.0212517
51.0355682
109.999435
98.3877182
64.5392303
50.0490913
50.0355148
50.0317078
49.9940529
49.9917564
49.9907074
49.9898872
49.9895668
49.989502
49.9895477
49.9899101
49.9902344
49.9906425
49.9911728
49.9919434
49.9932823
78.0143509
68.7820435
56.3450432
50.2082443
50.0523148
50.0531654
50.0813065
72.2731705
63.8741684
54.395752
50.0854645
50.0668526
50.0675125
50.0688095
50.0702782
50.0720863
50.0741997
50.0770912
50.0803337
50.0840988
50.095295
50.0916595
50.0912209
50.0912819
50.0917969
50.0933151
50.9189377
50.2049026
50.1538849
50.1006584
50.1032906
50.1064339
50.0937462
50.1015205
50.1101761
50.1211166
50.1055794
50.1325645
50.1341782
50.1336555
50.133049
50.1321869
50.1312447
50.1304283
50.1295242
50.1289482
50.1282616
50.127346
50.1262665
50.125309
50.1241341
50.1230049
50.1218109
50.1205254
50.191803
66.7178802
61.3566818
53.648243
50.1150398
50.1138306
49.9953766
49.993988
49.992775
49.9918022
49.9906731
49.989502
49.9886856
49.9877472
49.9868622
49.9858704
49.9849205
49.9825325
49.9789314
49.9776459
49.9768715
49.9761124
49.9754906
49.9748039
49.9742966
49.9739265
49.9735756
49.9742699
50.2399902
49.9779091
49.9982414
49.9720078
49.9724236
52.1103249
51.9586716
50.6902428
50.1306458
50.0843239
80.0833206
80.0823288
80.0814133
80.5672226
80.0891876
80.0786896
80.0777664
80.0768661
80.0758743
80.0752182
80.0743103
88.6213837
85.8469925
130.213852
120.430908
92.647438
80.0699081
80.0691605
80.068222
82.3548813
84.1482849
82.2387695
80.6631851
80.0649033
90.9914398
89.4278564
38.5219574
12.6652098
72.0217209
80.6449051
54.1374359
53.973877
54.0650063
53.0975227
51.9785156
56.0189362
61.24897
107.00589
99.6633072
126.967178
454.281342
656.340942
408.625092
127.559402
104.175247
104.674721
102.728127
102.071144
100.755714
100.24781
100.248268
100.247459
100.246223
100.244812
100.242722
100.26226
100.360931
56.7043228
57.1195107
52.6995583
50.2997169
60.1583557
60.1389046
60.6014786
61.3381653
62.018055
76.2536545
81.0501404
72.8326416
64.0151062
60.8027687
66.9528122
64.3516006
61.4119987
108.000008
124.288239
150.595459
176.691315
181.613037
251.283798
208.286224
136.02951
82.0103073
66.7809601
143.781006
361.096985
245.555435
111.899055
65.2988968
62.6550369
61.1964226
10.1116152
70.9319382
94.9197235
84.6585541
73.7598267
70.2213593
72.1410294
72.2490158
70.9221802
70.9055862
70.7892456
70.3696289
70.2741623
70.2301941
70.2155762
70.2106552
88.9495163
94.5912323
88.2218628
76.9699097
71.4100037
70.2790985
82.308754
83.6564789
76.8450089
71.611908
77.4320679
216.822113
249.140656
156.408936
91.3829117
102.011818
100.339363
100.191986
51.5825386
51.8607559
50.6136436
50.1915703
50.190731
50.1895676
50.1884308
56.0834579
54.3936653
51.2351494
50.1831512
50.1993103
52.3709641
52.2071533
58.6490936
91.640686
124.51899
107.014168
131.631561
145.193695
95.3044586
74.7853088
94.0244293
150.447479
130.307159
81.1950455
138.671524
103.004227
55.2075691
40.6135559
41.0408134
40.8217163
40.5037651
40.2959404
40.2958755
40.2957001
40.2954483
40.2950172
75.9723816
187.089813
574.184692
398.835693
238.840759
323.629639
216.293884
84.6507645
40.3232956
40.3232956
40.3232956
40.3232956
40.3232956
323.968262
305.459778
133.951523
60.8896675
49.8616447
70.3143539
74.7277222
57.0376244
44.9117699
43.9913368
42.8009453
94.0507202
88.1949387
100.050438
82.9958725
50.6422997
40.3232956
95.9365158
205.605377
226.008118
145.476151
115.240166
100.323303
100.323303
100.323303
82.2310791
94.446701
79.3990707
45.8185806
116.780701
220.28244
166.598618
181.092255
206.327682
127.535652
171.748993
174.043121
120.806541
101.230164
100.701195
100.321846
100.312973
114.877983
107.440483
102.455505
164.658356
200.952103
337.716919
266.337524
147.1362
101.358528
100.389946
100.215347
100.214592
100.2099
100.191376
100.179733
100.174477
10.4471245
6.173491
89.7533188
53.3470459
167.728348
143.501297
110.141983
106.187691
103.363304
9.98322105
41.3636169
50.0705261
50.0620537
50.0540543
50.0465355
50.0395966
50.0661507
126.27327
342.406616
300.779266
133.667572
58.8222084
84.0041809
1036.58618
1258.56323
629.017212
146.13414
50.0826836
50.4643555
50.0843239
50.0417442
49.9953384
49.993145
49.9946442
49.9966621
49.9992218
50.0022507
50.005764
50.0097466
50.0143204
106.06002
234.006775
505.449127
503.802795
272.404755
129.108765
100.141586
100.12252
100.897781
100.238052
100.19519
100.158363
100.16555
100.174149
100.182762
100.190331
100.197975
100.205528
100.212273
100.217873
100.222565
100.226173
100.236244
100.239326
100.233398
100.236198
100.236984
100.23909
100.239792
100.241211
100.2472
100.202606
100.209801
100.237541
100.242493
100.230621
57.8602333
52.9359703
51.1634521
52.9350929
50.9914474
54.4134712
57.6219215
60.9976273
61.3432465
62.9578705
55.1139412
51.5365944
100.237434
50.2365379
52.9008942
51.0143814
50.5676727
50.2320251
50.230957
50.4357147
50.2287827
55.0853119
51.8836288
55.5128174
107.328644
105.534546
107.291031
117.663124
110.427567
103.209465
112.736198
116.528709
125.00444
112.026566
103.676193
100.104507
102.153992
102.135201
100.614708
100.215714
100.096893
100.93811
100.160774
100.109184
100.113121
105.806076
102.236328
100.904617
101.084038
133.163895
148.350479
223.530609
293.574219
267.397156
166.396912
95.0952682
80.3808212
80.192009
80.1928635
80.1930847
80.1933975
80.1928711
80.7733612
80.191597
80.1905975
80.1891327
80.1877441
80.1861649
80.1841278
80.1822281
80.1800842
80.1778946
80.1754913
80.173172
80.1706848
80.1680832
80.1655197
136.85199
188.256714
173.388367
129.582184
302.070923
303.319336
246.817337
158.131882
130.718475
104.337509
100.455368
100.671097
100.362511
100.236008
100.236404
101.186523
101.847115
100.779343
100.259064
100.23288
100.231834
100.230392
100.229233
100.2276
100.225914
100.224083
100.221756
100.219513
100.217018
100.214485
102.420723
138.808731
145.092606
139.069946
122.010643
106.058243
133.051453
257.062683
334.710022
203.694809
98.1825943
63.4951324
60.5461273
60.1686096
60.3841934
60.5139732
60.2978592
64.9971237
97.5692596
113.900154
97.8487015
72.163414
62.1229973
60.1525192
60.1512642
60.1496162
60.1479492
60.146389
60.6623993
60.3546638
60.2072601
60.1535606
60.1970863
60.1560059
60.1463661
60.1266289
60.1232681
60.1781158
60.4122505
79.4046707
92.6997299
83.889328
73.6620865
70.1206665
111.81134
100.262764
79.1981812
70.0962982
73.9490814
73.0305557
71.4113998
79.93647
76.9890671
72.1396637
216.127563
180.03299
516.379517
495.640686
544.69751
325.004883
153.531494
217.495773
174.057358
103.124496
74.1191559
72.1545334
70.6273575
75.2407455
73.8284988
88.8103638
308.032043
562.744568
504.045563
591.316772
448.282318
194.338516
100.235191
100.251892
147.144485
144.541855
113.556099
108.061722
124.199638
117.845963
115.356789
110.658363
102.963104
100.232086
100.231956
100.249298
100.231262
100.231049
124.258293
192.727936
170.303223
118.655052
118.939255
232.585541
595.796265
579.928772
287.146332
63.0183144
40.3232956
90.4704742
136.375473
101.181023
112.518181
144.649384
164.128891
126.182411
70.6003952
44.2394562
55.1964188
61.4347496
50.8375664
42.2568054
40.3232956
40.3232956
40.3232956
40.3232956
40.3232956
40.3232956
40.3232956
40.3232956
40.3232956
40.3232956
40.3232956
40.3232956
40.3232956
45.1772919
45.2328911
102.705002
100.661148
100.383156
100.323303
100.35273
100.332649
100.323303
100.323303
100.323303
101.609062
103.218765
102.133774
97.4966125
40.3232956
40.6134109
40.4154587
40.3232956
40.3232956
41.8049583
43.1361656
41.8061485
73.0545959
73.0023117
54.1860123
111.926819
178.488922
317.284546
328.224091
168.976425
59.8559494
40.3232956
100.314941
100.308113
100.30954
100.318733
100.282143
100.293022
100.282066
100.271339
100.278999
81.162056
345.993958
521.615356
442.871368
225.475952
120.533669
100.224014
100.330437
100.209641
100.178726
100.17498
144.284729
260.036835
453.643372
450.765259
273.653503
137.590149
102.915771
100.079323
100.040405
100.056999
54.6644173
52.5604439
137.542313
674.881104
581.094299
211.772171
52.1302147
52.7080803
50.1098938
50.0782471
50.0440292
50.0069847
50.0031509
49.999939
49.997364
50.7611008
50.0478477
50.0020103
49.9911728
49.990799
49.9909592
49.9915924
49.9928551
50.0326843
50.0724449
71.0606003
87.7443542
69.1414948
55.7397003
50.0735207
100.086639
155.933548
170.225708
129.50795
105.301933
100.115944
118.327187
108.183144
52.6803322
50.1074219
50.1116524
50.1163597
50.1212578
50.1427155
50.1370087
50.1338921
50.1368523
50.1405525
50.1438217
58.0246849
52.3743782
50.8915825
50.1532936
50.1543961
50.1581535
50.1635704
50.1599655
50.1543388
50.1585693
50.1712532
50.1586418
50.2165871
50.1534843
50.1627922
50.1702271
50.1742516
50.1768799
50.1759415
53.3157387
50.901123
50.4574547
50.1724358
50.1715508
50.1703758
50.1691246
50.1681328
50.1673965
50.1663132
50.1650658
50.1638184
50.1628189
50.1616287
50.1604805
50.1592865
50.157917
50.1564865
50.1552277
50.1539803
50.1528282
50.151638
50.0385284
54.1366272
52.9748917
50.996376
50.2220726
50.0547523
50.0293045
50.0282364
110.066681
96.182663
64.5304184
50.0264282
50.0257187
50.0244713
50.0235291
50.0220947
50.0216217
50.0429955
50.0196304
77.6494751
68.3082657
55.9568024
50.0149765
50.0132866
50.0126419
57.6008873
53.5435448
51.2386475
51.4910355
50.3439445
50.156662
80.1067734
80.1051636
80.1035995
81.2172318
80.2496643
80.1559906
80.1507568
86.6613007
106.603821
164.176178
306.622375
394.444946
311.676086
177.128571
107.505547
84.5942612
81.5224762
80.1501846
80.152771
80.154068
96.7821884
90.8959579
83.8696213
80.1531067
80.1519318
81.2172318
80.1730652
80.1477737
80.1462326
80.1445465
100.142815
100.14064
100.138893
131.207504
127.650063
108.633072
100.150253
100.131744
100.130219
100.128479
100.126488
100.124512
100.12233
102.416061
133.767853
146.028473
124.422668
148.754456
211.945343
220.096741
209.78775
205.637573
174.150558
129.02948
104.83165
100.141571
134.500473
617.583557
925.316956
732.515503
360.870728
118.35479
65.0854874
60.5667839
60.257019
60.2413216
60.2406464
60.2406654
60.2408905
60.2572594
60.2574005
101.649368
90.3038635
69.6353607
60.2406693
60.2936745
60.2457848
73.1978836
67.1108093
62.4140625
60.2359848
60.2348557
60.2335892
90.7041397
79.4341507
66.1929855
61.9182587
222.274689
172.99147
96.5966492
61.6521759
137.09581
262.55249
250.915741
274.554077
173.987061
97.2243958
70.2405014
70.2406921
70.2560196
70.2401886
70.23983
70.2396011
70.2394333
70.239296
70.2394028
71.2843933
71.2489319
70.5279007
92.9564972
86.7375107
75.0472565
70.2370377
70.252449
70.2355499
70.2347488
70.2335815
70.2325363
70.2472687
70.2292938
70.2273483
70.2254028
51.1835403
51.4669952
50.5346527
50.2179489
50.2163048
61.4959259
58.100975
52.7799377
53.3291359
52.5144844
50.7585258
61.3208008
125.045792
143.46524
94.0474243
58.9825287
50.1963768
50.1952133
51.8403206
79.322731
77.4054718
61.2507858
57.4910965
54.4450073
51.2735329
50.1857033
86.2509766
75.6652374
166.51152
118.433983
71.1926498
40.7972183
40.2810097
40.2816505
40.2818413
40.281311
40.2804489
40.2795906
40.2786102
40.2775993
70.9123611
63.2599258
47.7361832
40.8710327
48.6943817
163.550385
166.787201
92.5279999
48.1488876
40.5442543
40.2782669
40.3310013
40.508358
40.4027367
40.7349663
40.7239952
40.471508
40.279274
40.2786331
40.2779922
40.2773819
40.276619
40.2755051
40.2744522
41.0940628
42.1568184
41.4522552
40.3732262
40.2689667
52.1189156
67.7048111
62.8715668
48.6496773
41.1696358
40.2621765
40.2611008
40.2600098
40.2587776
40.2576675
40.2564354
40.2554626
40.2543869
43.6627007
45.0379105
42.5238304
40.4340477
40.2495079
40.4100456
42.074791
41.9220276
40.4008636
40.2373123
36857.3438
100.24157
119.506828
157.175507
138.425156
110.047943
100.184357
100.180077
100.179001
100.165108
102.088829
100.982719
100.435059
100.125679
100.117004
100.107536
100.74762
100.284668
100.182243
100.088379
100.083534
100.070053
100.030006
100.017151
107.813095
103.752533
101.079132
99.9459457
99.9622345
99.9519196
49.9765739
50.0290604
50.0214844
50.566658
55.0098381
56.475441
67.2801132
73.2429428
102.762184
82.5064163
58.8759499
49.8739662
49.8673286
49.8604507
49.8538895
49.8476372
49.8415451
49.8784866
49.8764305
49.8316116
49.8636398
49.8605728
49.8187027
49.8141479
49.849102
49.8834991
49.8459015
49.8080139
49.8066902
53.1609726
50.825901
50.1702461
59.2018394
103.474068
126.214401
87.8269348
58.2918816
49.9405556
49.9100647
49.9070892
49.9082222
49.8845749
49.883461
49.8873558
49.9109001
49.9174919
49.9058495
49.9112854
49.9185867
49.9263878
49.9348488
49.9434624
49.951973
49.9695129
49.9841309
49.9834709
49.9840088
50.7669907
50.107048
50.0579376
50.0134354
50.0197868
50.0155296
50.04002
50.0454788
50.0355186
50.0661201
50.069149
50.0718842
50.0724144
50.072216
50.0719452
50.0717506
50.0714722
50.0712814
50.0710106
50.070816
50.0706596
50.0703888
50.0701904
50.070034
50.0698814
50.0697212
50.0694427
50.0692596
50.0690994
50.068943
50.0687904
50.068512
50.0683212
49.9547424
49.954731
49.954689
49.9547272
49.9547234
49.9546318
49.9544144
49.9538193
49.952713
49.9513817
49.9514236
49.9515228
49.951622
49.9518356
49.9520912
49.9523468
49.9526062
49.9528351
49.9530334
49.9532928
49.9537277
49.9548378
62.1769981
58.9780312
52.9312439
50.1670647
49.9581642
49.9804878
50.0024948
49.9578552
49.9580879
22.3065414
98.412674
82.8454971
80.064064
80.0635986
80.0632858
80.127388
80.0626602
80.0621872
80.0618744
80.061409
80.060936
80.0606232
80.0600357
80.0595322
80.0592194
80.0587463
80.0582809
80.0579681
80.2670975
80.0591278
80.0568695
80.0564041
80.4133987
88.8497772
88.3023529
83.2861481
80.4031906
136.16713
131.611359
116.071648
100.052811
100.052338
101.244705
101.511131
100.468185
100.050613
100.050301
100.067276
100.055016
100.049049
100.048737
102.06086
150.062958
194.008255
183.302399
137.449524
107.121941
100.046791
100.046555
105.388382
150.880203
162.202866
128.896744
104.510918
100.050346
104.340576
104.934067
101.481499
100.045609
100.045296
59.9585533
69.0726471
82.496254
146.101776
198.285431
152.631805
132.471085
216.568939
293.487427
209.104477
99.06604
62.0526581
60.0655212
68.4136887
87.2940979
85.9730225
90.7514191
77.6365891
64.973053
135.13974
163.397049
110.453712
69.2567062
60.1405067
91.3924789
128.160461
174.493439
266.668823
256.745422
143.90184
85.2806625
88.4594193
84.6777039
78.1230621
91.9396362
85.1828308
74.3961868
70.2625351
70.2052612
72.5528259
76.0664215
80.1039734
146.288971
134.387787
250.472717
189.182358
161.555939
202.523102
270.780396
172.439102
94.7609329
70.2182693
70.2364197
70.2218094
133.690796
134.861816
242.381744
284.782471
253.465057
148.035858
87.2071381
201.598038
215.12027
123.554398
64.5002365
51.8912964
51.7119141
50.9594002
50.6733818
50.3253593
50.2323914
81.4448318
169.601044
165.339996
420.568146
299.421692
153.665909
103.857414
104.977524
177.809631
206.047379
158.808823
126.512604
111.662437
145.244492
142.653702
116.493057
104.565216
103.618416
101.922379
72.5697784
68.8147964
118.087296
134.155029
99.6677704
60.6900215
44.2162628
40.4095078
147.3414
155.61084
111.135544
68.7980499
48.2625809
43.8910713
45.8032188
43.5611649
41.2356796
41.2490959
41.582634
62.4975281
60.877121
47.3609238
44.1214714
91.6022873
87.2428741
54.2854042
40.3232956
45.1731758
101.649307
103.924667
64.3652191
50.3806915
48.1483002
49.6224365
45.7268715
85.6866913
125.088333
105.553055
85.0132599
99.4268341
270.928406
316.7435
233.710266
177.343445
109.636536
54.2977409
40.4158821
40.7645798
43.2733841
43.6929321
40.6628113
40.6020203
40.4118423
40.3232956
40.3232956
41.1174622
68.535759
67.383728
57.3835907
94.1551895
83.8911896
91.9378967
