0.0
0.0
0.0
0.0
0.0
0.0
0.0
0.0
0.0
0.0
0.0
0.0
0.0
0.0
0.0
0.0
0.0
0.0
0.0
0.0
0.0
0.0
0.0
0.0
0.0
0.0
0.0
0.0
0.0
0.0
0.0
0.0
0.0
0.0
0.0
0.0
0.0
0.0
0.0
0.0
0.0
0.0
0.0
0.0
0.0
0.0017372556
0.00312364008
0.00312364008
0.00312364008
0.00312364008
0.00312364008
0.00312364008
0.00312364008
0.00312364008
0.00312364008
0.00312364008
0.00312364008
0.00312364008
0.00312364008
0.00312364008
0.0
0.0
0.0
0.0
0.0
0.0
0.0
0.0
0.0
0.0
0.0
0.0
0.0
0.0
0.0
0.0
0.0
0.0
0.0
0.0
0.0
0.0
0.0
0.0
0.0
0.0
0.0
0.0
0.0
0.0
0.0
0.00312364008
0.00312364008
0.202184081
30.6931858
46.8862991
63.4477997
42.2694626
14.663743
10.0015631
2.63165498
0.00312372856
0.00312364008
0.00312364008
0.00312364008
0.00312364008
0.00312364008
0.00312364008
0.00312364008
3.15701461
9.86157036
6.72868156
2.05054402
0.00312364055
0.00312364008
0.00312364008
0.00312364008
0.00312364008
0.00312364008
1.47685349
1.05597603
0.466367722
0.222962856
0.0672354102
0.00312364008
10.9541235
11.197053
3.40097165
0.00312364078
0.00312364008
0.0098724179
0.00526759494
0.00312364008
0.00312364008
0.00312364008
0.00312364008
0.00312364008
0.22737357
0.489458323
0.142010525
0.0909293666
0.315339684
0.0946366489
0.230924249
0.489899307
0.73288089
0.84730345
2.0687263
2.14926577
8.54264545
8.55054283
2.61307073
0.0
0.0
27.1630821
28.3389492
18.4373131
22.8258553
12.1327457
4.92392015
13.5373554
37.4487724
22.576313
19.1250191
12.0945692
7.43076992
0.0537964553
0.0
0.0
0.0
29.5953751
102.010872
111.870308
46.5985374
10.5270405
42.0455475
21.816555
11.3543653
36395.1016
99.9271469
99.9283676
99.9293365
100.028481
100.135231
100.605118
103.774506
106.882996
113.218445
141.185257
130.267731
108.203995
99.9304047
99.9305954
99.9307632
99.9309769
99.9310455
99.9315872
99.9486771
99.9947281
105.246613
104.440636
101.180115
100.225456
152.364746
182.801086
174.489883
153.343079
139.019897
127.035217
114.433083
104.563889
100.910637
100.230865
69.9996033
100.492386
100.796249
100.163124
99.9436188
99.9436646
99.9442444
109.150452
141.254944
167.307465
148.981583
216.684021
214.495773
178.703598
162.323242
140.694061
114.009537
108.071968
106.720116
102.517845
100.3283
100.136551
100.091034
115.706085
65.2890244
54.3280945
50.9826431
51.4515991
50.3790474
50.019928
50.0006676
50.0966759
40.0961952
41.9955177
41.629158
47.483757
48.228775
45.1361275
55.7919655
106.726303
204.647766
201.001068
109.758286
51.7178116
131.662262
154.52536
101.750778
56.6490211
53.973587
49.7476921
43.2152901
40.163147
40.1650085
40.1664696
40.1675377
42.4154358
145.752533
154.018433
86.6605911
51.9714661
44.9535751
41.6998329
40.1864777
40.1880341
40.1893005
40.1902122
40.1905212
40.6361122
72.5632477
66.6936188
47.5424004
58.77565
61.0879555
56.2613945
47.2933235
41.4347801
120.373299
108.221901
60.5770721
42.2108917
41.0229721
40.2605019
40.2004585
117.186745
182.770279
121.816971
116.477791
164.620392
142.12178
77.0957413
45.8763466
40.8164711
40.2620659
16645.4863
100.216599
100.213539
100.207428
102.882996
115.116638
233.983673
264.07605
167.107803
111.910034
100.198807
100.179031
100.171745
100.153381
100.145126
227.300934
190.175262
128.229507
331.671173
318.971497
179.971954
110.269981
100.056259
100.063263
100.055023
115.588501
194.154404
167.2229
118.073097
100.022812
50.0698586
50.0352478
53.5591431
84.316452
193.848831
187.249969
98.6145325
269.179749
198.577499
93.4772339
49.9521599
49.9862709
110.93956
153.288696
185.999741
130.276093
265.378845
417.901306
469.189575
439.340027
279.56601
163.138824
360.044861
281.873627
99.9432526
99.9828568
100.023453
99.993103
99.960495
99.9947205
101.95105
170.629913
197.689499
144.265594
186.799759
167.234222
122.845085
102.066307
124.122009
112.150185
107.392784
101.115097
100.565231
100.775543
100.144722
100.135384
100.135201
100.141975
100.148308
100.153587
100.158249
100.162079
100.166046
100.169632
100.173439
100.492195
100.186836
100.183647
100.186829
100.187592
100.187576
100.145561
100.171768
100.157814
100.165474
100.190338
100.542801
100.939514
100.308739
100.251053
100.189323
102.92067
101.347015
102.930099
51.2176857
50.4873009
51.307045
51.3671761
50.4781761
50.2828484
50.1813164
50.1804733
50.179512
50.1784668
50.1776047
50.1766853
50.1758041
52.3623123
51.1496391
50.5276108
100.091232
100.060875
100.059952
100.058998
100.057999
100.056938
100.055962
100.055031
100.054192
101.113998
100.647079
100.774361
100.08532
100.06237
100.048607
105.477272
118.375023
110.720978
103.384186
100.063362
136.952667
172.180298
140.572525
110.569862
100.035652
101.297516
101.341034
102.817039
100.899849
51.1140671
50.1514397
80.1331329
80.4192963
80.1247635
80.123085
80.1212234
80.1191788
80.1174698
80.1156998
80.1137085
80.1116486
80.1097488
80.1080322
80.106041
80.1046219
80.1026459
80.1008224
80.0990906
85.5618591
124.136368
134.935364
107.93441
119.65905
298.157166
266.532928
247.342529
166.534821
106.837753
80.9365768
80.1167603
80.1191254
100.212624
100.470757
100.226181
100.120964
100.120651
100.305916
100.75972
100.353676
100.131531
100.116249
100.115082
100.113953
100.146156
101.19326
214.389587
358.651855
411.589447
508.184662
615.922546
453.831299
263.771881
166.107986
120.734192
112.760429
187.740356
238.925629
192.217102
127.183304
102.954987
101.669991
100.623444
60.1840477
60.1998787
111.617111
102.77726
73.6320572
60.2008476
143.489227
279.47229
198.139206
96.8812103
60.2804604
60.1849861
60.2005882
60.2006378
60.2006226
60.2006569
94.635231
255.909607
454.187317
366.002289
201.824921
108.364456
106.764069
415.202148
494.490784
282.716553
171.282379
107.935326
74.4817581
60.1850471
70.1849136
70.1848526
70.1847839
70.1847153
70.184639
70.1845551
70.1844635
70.1843719
70.1842728
70.184166
70.1840591
70.1841202
70.1995316
70.1837463
70.1835632
70.183609
70.1992722
75.3219757
74.3003464
71.2276611
70.1825485
70.1824799
159.30574
181.422852
122.178398
79.5585022
73.3221283
90.2793808
105.269363
89.3559494
75.0598679
101.029732
100.469437
100.261772
100.213005
100.178673
100.178192
100.17775
100.177429
100.285591
100.71315
100.870583
100.339279
149.802917
135.218048
110.326714
100.607002
102.737511
230.323792
224.015961
149.864105
107.394188
100.168076
100.16848
104.153419
103.626625
101.029877
50.1669884
51.1301537
51.558506
52.0328178
65.7100143
49.878109
82.6869812
79.8066559
339.915283
246.647583
283.508301
285.839355
229.333099
167.990173
97.4586182
59.8847771
452.526459
818.716919
533.734009
152.375778
40.2670708
40.2670708
40.2670708
40.2670708
40.2670708
40.2670708
40.2670708
46.3390732
118.432045
317.95578
339.621857
476.414001
517.018799
325.910797
158.21991
629.010254
739.240601
404.489929
158.59845
496.192657
697.63208
448.91925
406.343506
441.69751
402.340271
166.019928
100.267067
100.267067
100.267067
100.267067
100.267067
100.267067
100.267067
100.267067
100.267067
100.267067
100.267067
118.157745
136.483032
122.173996
104.300987
100.267067
100.267067
100.267067
102.496857
105.874779
101.993256
100.83007
102.072449
101.603111
100.700249
100.292664
100.227295
100.217537
113.085403
107.050354
102.286308
100.580421
100.215599
305.85318
302.226105
161.170471
110.368866
104.990608
101.707771
100.126724
100.121208
100.110428
104.525047
102.499252
100.96447
100.04921
100.010353
99.994194
99.9839325
111.867599
55.3988991
51.7231483
50.0671616
50.0608063
50.0226021
49.9848289
49.9766655
49.9705353
49.9650307
50.9805946
110.017357
98.389328
64.500351
49.9928589
49.97929
49.9754753
49.9378319
49.9355278
49.9345741
49.9339561
49.9336548
49.9336853
49.9341621
49.9346199
49.9352875
49.936058
49.9369011
49.9382553
49.9400826
77.9966507
68.7495499
56.3002853
50.1580696
50.0026855
50.0045586
50.0333748
72.2553482
63.8424683
54.3550987
50.0408707
50.0233727
50.0246735
50.0272141
50.029686
50.0324249
50.0354156
50.0394745
50.0434494
50.0482216
50.0604706
50.0574989
50.058094
50.0592918
50.0608597
50.0633507
50.8913269
50.1765785
50.1262741
50.0743408
50.0778465
50.0817223
50.0695686
50.0775604
50.0868034
50.0975761
50.0821571
50.1092606
50.111145
50.1106987
50.1100693
50.1095009
50.1088371
50.1082001
50.1076279
50.1067276
50.1061401
50.1054153
50.104538
50.1037369
50.1027031
50.1019821
50.1009789
50.1000023
50.1716042
66.7166138
61.3422585
53.630249
50.0952072
50.0941124
49.9760895
49.9749908
49.9742546
49.9732552
49.9724693
49.971386
49.9705505
49.9698563
49.9689598
49.9681664
49.9674873
49.9654312
49.9617691
49.9606056
49.9599533
49.9594994
49.9589386
49.9584656
49.9581718
49.95784
49.9575806
49.9584961
50.2247925
49.962368
49.9826393
49.9567604
49.9572716
52.098835
51.946022
50.6754036
50.1160469
50.0698051
80.0691681
80.0682907
80.0676117
80.5546951
80.0757065
80.0652695
80.0644684
80.0637131
80.0628891
80.0622406
80.0615005
88.6168213
85.8348465
130.238495
120.41893
92.6351242
80.0574036
80.056778
80.0561523
82.3449249
84.1388779
82.2270203
80.651474
80.0533447
90.9873428
89.4182892
10.2357731
76.3571854
81.6882324
77.3912354
54.1287918
53.9632568
54.0557823
53.0869026
51.9680481
56.0109673
61.2418709
107.0187
99.653595
126.981445
454.382996
656.339233
408.605743
127.527534
104.140404
104.634468
102.687172
102.028847
100.713112
100.205063
100.205307
100.204651
100.203499
100.202087
100.200478
100.22068
53.2243233
56.6690712
57.0792542
52.6594391
75.0290909
60.1194725
60.100563
60.563549
61.300724
61.9812241
76.2302475
81.0214539
72.7987671
63.9800644
60.7683334
66.9238205
64.3181839
61.3791046
108.012436
124.277367
150.617798
176.715454
181.634186
251.394882
208.285614
136.028046
81.9712677
66.7403564
143.907791
361.426544
245.511475
111.851059
65.2513199
62.6046906
61.1447601
10.0841351
70.8611145
94.8831558
84.6140594
73.7090836
70.1685638
72.0897751
72.1979294
70.8698578
70.8540344
70.7375412
70.3177567
70.2224274
70.1787338
70.1643295
70.1597824
88.9155273
94.5574951
88.1832047
76.9232788
71.3608932
70.2300949
82.2716293
83.6165085
76.800087
71.5645142
77.3916016
216.999115
249.172485
156.39476
91.3425293
101.964722
100.29158
100.143814
101.535141
101.812668
100.565277
100.143257
100.142464
50.1415367
50.140461
56.0415764
54.34729
51.1876869
50.1359215
50.1523933
52.3263474
52.1610641
58.6102829
91.6331787
124.541519
107.006943
131.666504
145.184097
95.2667389
74.7536087
94.0183563
150.464203
130.297668
81.1520081
138.696976
102.990189
55.1609459
40.5635223
40.9913597
40.7717972
40.453022
40.2445908
40.2445908
40.2444916
40.2442169
40.2440033
75.9587784
187.207748
574.842651
399.296265
239.054367
323.950287
216.761261
84.7619781
40.2670708
40.2670708
40.2670708
40.2670708
40.2670708
324.185577
305.942047
134.040375
60.8455048
49.8119812
70.2733002
74.6957397
56.9942207
44.858223
43.9364662
42.7458
94.0350037
88.1911163
100.050591
99.0376205
82.2905426
73.5835724
130.553528
223.700684
238.846725
162.351028
115.208931
100.267067
100.267067
100.267067
87.6317444
96.127655
79.8878403
45.7704468
116.804909
220.450653
166.726562
181.221298
206.473175
127.607437
172.843018
174.088715
120.786217
101.175865
100.645958
100.26561
100.256737
114.835075
107.393913
102.403152
164.669128
201.028824
338.076691
266.595367
147.1866
101.306854
100.334457
100.159111
100.158356
100.153664
100.135147
100.123497
100.118248
29.7473621
10.0063324
90.2409439
143.466904
177.62796
143.514694
110.104248
106.136925
10.7212534
93.8003998
50.0273209
50.0142975
50.0058289
49.9978294
49.9903107
49.9833717
50.009922
126.287827
342.697083
301.061951
133.74913
58.7819481
83.9730682
1037.13403
1259.60999
629.324463
146.085327
50.0264549
50.408287
50.0281029
49.9855194
49.9391174
49.9369125
49.9384155
49.9404297
49.9430008
49.9460258
49.9495354
49.9535179
49.9580917
106.007057
234.072586
505.519836
503.916779
272.418945
129.063385
100.085365
100.066299
100.841858
100.181938
100.139023
100.102142
100.109329
100.118149
100.126945
100.13472
100.142624
100.150711
100.157974
100.163872
100.169212
100.17366
100.184662
100.18856
100.18367
100.186951
100.188637
100.191704
100.193115
100.195518
100.202377
100.15876
50.1662102
50.1943665
50.1994705
50.1874199
57.8228683
52.8942909
51.1213036
52.8948822
50.9492607
54.3741989
57.5850945
60.9630241
61.3083992
62.9246292
55.0746956
51.4960594
50.1963997
50.1955223
52.8628311
50.9742241
50.5275269
50.1920052
50.1910629
50.3960724
50.1892929
55.0502968
51.8452644
55.4784393
107.295197
105.499519
107.25779
117.638573
110.395126
103.173447
112.710564
116.503845
124.986641
111.994942
103.641167
100.068352
102.121002
102.101753
100.579468
100.180656
100.062134
100.904861
100.126358
100.074829
100.079247
105.779678
102.203529
100.872124
101.053413
133.173004
148.365906
223.810394
293.578705
267.401184
166.379135
95.0668945
80.3487778
80.1587982
80.1597137
80.159996
80.1600342
80.1598358
80.7404404
80.1583481
80.1577072
80.156723
80.1553955
80.1542206
80.1525421
80.1507492
80.1491852
80.147644
80.1457062
80.1435928
80.1415253
80.1394958
80.1373291
136.839996
188.247208
173.365982
129.555634
302.126038
303.32373
246.842514
158.121704
130.697403
104.302803
100.416077
100.631569
100.322311
100.195152
100.195595
101.146172
101.807724
100.739479
100.218819
100.192924
100.192009
100.190956
100.189865
100.188614
100.187149
100.18557
100.183533
100.181755
100.179779
100.177513
102.384521
138.780731
145.086426
139.055511
121.992676
106.029297
133.02301
257.075134
334.794006
203.757111
98.1708374
63.4578667
60.5062943
60.1280518
60.3431091
60.4730721
60.2570839
64.9570465
97.5416107
113.890259
97.8349991
72.1344299
62.0848808
60.1119919
60.1109467
60.1096916
60.108593
60.1071854
60.6235123
60.3165169
60.1694832
60.1160736
60.1601677
60.1191254
60.1098747
60.0906067
60.0879364
60.1432304
60.3779106
79.3749237
92.6713104
83.8526382
73.6304626
70.0883713
111.805161
100.22374
79.1704559
70.0655212
73.920311
72.9993439
71.3817978
79.9129181
76.9586792
72.1118927
216.249908
180.009048
516.568115
495.616577
544.953613
325.131073
153.562729
217.747864
174.217697
103.136719
74.0760422
72.1029968
70.5725555
75.1989059
73.7800369
88.7937851
308.586212
563.704102
504.90625
592.351929
448.658386
194.36586
100.178955
100.195656
147.117722
144.498566
113.507263
108.009933
124.156982
117.796356
115.310738
110.606094
102.908638
100.17585
100.175728
100.193062
100.175026
100.174812
124.221649
192.757202
170.28421
118.611351
118.90361
232.657364
596.106567
580.254639
287.279785
62.9943962
40.2670708
90.4361115
136.361725
101.15387
112.499237
144.648483
164.148438
126.183693
70.5664902
44.1858788
55.1470413
61.3880081
50.7860451
42.2014046
40.2670708
40.2670708
40.2670708
40.2670708
40.2670708
40.2670708
40.2670708
40.2670708
40.2670708
40.2670708
40.2670708
40.2670708
40.2670708
45.1238976
45.1796532
102.650215
100.605118
100.326965
100.267067
100.296494
100.276413
100.267067
100.267067
100.267067
101.553772
103.164856
102.078995
59.9333191
40.2670708
40.5574265
40.3593102
40.2670708
40.2670708
41.7500381
43.0825233
41.7513542
73.0341492
72.9807281
54.1443214
111.951904
178.588531
317.578674
328.578522
169.104401
59.8259163
40.2670708
100.258705
100.251884
100.253304
100.262497
100.225906
100.236786
100.225838
100.215103
100.222763
81.2236099
346.298828
522.369263
443.511047
225.701965
120.522896
100.167778
100.274208
100.153404
100.12249
100.118759
144.274979
260.246155
453.969055
450.974487
273.709137
137.552795
102.860474
100.023102
99.984169
100.000771
54.6102905
52.5052376
137.52713
675.059509
581.366272
211.813416
52.0741081
52.6526871
50.0536652
50.0220222
49.9878006
49.9507637
49.9469337
49.943718
49.9411316
50.7053413
49.9916229
49.9457855
49.9349403
49.9345818
49.9347343
49.9353752
49.9366341
49.9764595
50.0162125
71.0176315
87.7122955
69.095871
55.6871033
50.0174561
100.030823
155.924057
170.225815
129.471176
105.251213
100.062668
118.292503
108.135704
102.630165
100.056709
100.061821
100.067207
100.073181
50.0955276
50.0903702
50.088192
50.0921326
50.0965347
50.1006699
57.9892578
52.3336296
50.8511963
50.113678
50.1156578
50.1204567
50.1266899
50.1239662
50.1190948
50.1243095
50.1379318
50.1260338
50.1849861
50.1221733
50.1316719
50.1394806
50.143692
50.146328
50.1457596
53.2888603
50.8713112
50.4277954
50.1426392
50.1417351
50.1412506
50.1402283
50.1392365
50.1383743
50.1376381
50.1367416
50.135643
50.1346893
50.13377
50.1328163
50.1319771
50.1308594
50.129612
50.1286011
50.1275597
50.1263313
50.125412
50.0127983
54.1148911
52.9513893
50.9712715
50.1969185
50.0297432
50.0046539
50.0039673
110.09201
96.1824265
64.5146942
50.0030975
50.0022163
50.0013924
50.0006943
50.0000229
49.9992371
50.0205002
49.9976463
77.6545334
68.2930069
55.9379044
49.9941673
49.9928551
49.9923401
57.5895958
53.5248032
51.2194519
51.4746475
50.3250618
50.1382599
80.0887375
80.0874481
80.0858078
81.2015991
80.232254
80.1387558
80.1338348
86.6515045
106.610733
164.227661
306.834686
394.67511
311.687622
177.117401
107.488152
84.5727844
81.4976959
80.1244125
80.1264038
80.1274109
96.7572556
90.8754807
83.844986
80.1264648
80.1254883
81.1916199
80.1472626
80.122261
80.1209106
80.119606
100.117981
100.11644
100.115059
131.190704
127.637749
108.613312
100.127182
100.109001
100.107498
100.106194
100.104805
100.103195
100.101341
102.395821
133.758591
146.024094
124.411301
148.7509
211.962189
220.115067
209.800568
205.64328
174.164948
129.026917
104.811432
100.117287
134.485046
617.776001
925.828979
732.657471
360.833496
118.30806
65.0324783
60.5111198
60.200798
60.1851006
60.1844215
60.1844406
60.1846695
60.2010345
60.2011757
101.620422
90.2693634
69.5877609
60.1845665
60.2378616
60.1899147
73.1521072
67.0613022
62.3611717
60.1809425
60.1797409
60.1787186
90.6729126
79.3918381
66.1439972
61.8661041
222.393372
172.990982
96.5643082
61.5997429
137.08847
262.587158
250.981934
274.632843
174.008194
97.1939545
70.1843185
70.1844711
70.199791
70.18396
70.183609
70.1833725
70.1832047
70.1830673
70.1831741
71.2293472
71.19384
70.4720993
92.9237671
86.7004852
74.9972687
70.181221
70.1966934
70.1797943
70.1791077
70.1783371
70.1775208
70.1926727
70.1746521
70.1729202
70.171524
51.1307182
51.4147606
50.4818001
50.1649628
50.1637154
61.4566078
58.0547523
52.7298241
53.2808342
52.4648819
50.7079239
61.283062
125.086594
143.522263
94.0306091
58.939209
50.1467934
50.1459427
51.792984
79.315712
77.3807983
61.2078629
57.4511833
54.3984337
51.2255859
50.1375961
86.2602539
75.630394
166.622101
118.418617
71.1546783
40.7493553
40.2329025
40.2334442
40.2334023
40.2329903
40.2324409
40.2314224
40.2308044
40.2299805
70.8806152
63.2205353
47.6918716
40.8245621
48.6530571
163.57019
166.789429
92.4972076
48.1038055
40.4964371
40.2302551
40.2831116
40.4604492
40.3545532
40.6874542
40.6760063
40.423069
40.2311974
40.2307854
40.2300797
40.2295723
40.2289467
40.2282448
40.2274246
41.0486755
42.1124496
41.406456
40.3267174
40.2226601
52.0869827
67.6854935
62.8444405
48.6090813
41.1249924
40.2170753
40.2162018
40.215519
40.2145576
40.2135849
40.2125282
40.2114983
40.21101
43.6252403
45.0007591
42.4823189
40.391407
40.2066765
40.368
42.0364304
41.8811035
40.3587112
40.1951218
37027.2812
100.200165
119.486557
157.18869
138.404175
110.010933
100.143578
100.139198
100.138329
100.124847
102.050781
100.943718
100.395264
100.085663
100.077026
100.067505
100.708679
100.245087
100.14296
100.048996
100.043938
100.03083
99.9910355
99.9780045
107.783882
103.717484
101.041397
99.9072495
99.9236374
99.9134598
49.9381332
49.9909248
49.9838562
50.5304832
54.9793282
56.447155
67.2638702
73.23069
102.779633
82.4905472
58.8476677
49.8409843
49.8347435
49.828476
49.8222847
49.8167381
49.8113098
49.8486252
49.8468666
49.8028107
49.8352089
49.8327904
49.7913628
49.7871857
49.8228149
49.8577805
49.8206902
49.783062
49.7822456
53.1415939
50.8035698
50.1478424
59.1914902
103.510101
126.250946
87.8196716
58.2756462
49.9216042
49.8918724
49.8894005
49.890995
49.867897
49.8674355
49.8715439
49.8953133
49.9021835
49.890461
49.8963776
49.9040146
49.9122696
49.9208031
49.9296837
49.9382362
49.9559784
49.9706345
49.9702148
49.9706955
50.7559967
50.0940323
50.0450134
50.0006752
50.0070343
50.0029678
50.0275345
50.0329933
50.0229111
50.0537033
50.0569267
50.0595779
50.0600739
50.0597572
50.0596848
50.0594444
50.0592575
50.0590973
50.0586853
50.0584908
50.0583153
50.0580368
50.0578461
50.0576935
50.0575371
50.0573769
50.0572243
50.0570679
50.0569077
50.0567551
50.0565987
50.0564461
50.0562859
49.9427147
49.9428177
49.9428291
49.942852
49.9428482
49.9427528
49.9423981
49.941925
49.940937
49.939415
49.9393959
49.9396133
49.9397507
49.9399605
49.9402199
49.9404755
49.9407349
49.9409637
49.9411621
49.9414177
49.9418526
49.9429626
62.1820488
58.9683533
52.9194565
50.1553459
49.9462891
49.9686089
49.990757
49.9461365
49.9463654
22.3112106
98.3981018
102.834251
80.0528107
80.0524979
80.0521851
80.1166077
80.0517197
80.0514069
80.0510941
80.050621
80.0503082
80.049881
80.0495377
80.0492249
80.0487518
80.048439
80.0481262
80.0478134
80.2577286
80.0491333
80.046875
80.0465622
80.4043427
88.8471298
88.2943802
83.2766113
80.3936691
136.189514
131.601822
116.062279
100.043594
100.043121
101.235954
101.50219
100.459435
100.04187
100.041557
100.058525
100.046425
100.040619
100.040306
102.053368
150.073425
194.014999
183.301147
137.441177
107.113907
100.038689
100.038727
105.381844
150.885056
162.19902
128.889038
104.503036
100.042656
104.334099
104.926826
101.473984
100.037971
100.037659
59.9509087
69.0684814
82.495285
146.121307
198.304871
152.631485
132.471466
216.573029
293.486267
209.093735
99.0465317
62.0290146
60.0398254
68.3872452
87.2672653
85.9459991
90.7315674
77.6089172
64.9450302
135.169998
163.397278
110.425461
69.2272339
60.1102715
91.388443
128.168396
174.531036
266.795532
256.817505
143.864807
85.2388153
88.4492188
84.6327057
78.080658
91.93013
85.1368332
74.3490372
70.2153702
70.1579819
72.506691
76.0241394
80.0667114
146.406403
134.379898
250.746109
189.153976
161.53569
202.518005
270.806641
172.430664
94.7204361
70.1656265
70.1835098
70.1686249
133.692596
134.857132
242.444519
284.887756
253.580185
148.049957
87.1661301
201.711166
215.192764
123.554359
64.4564896
101.837036
51.6574287
50.9043427
50.6178589
50.269619
50.1766319
81.4095688
169.654205
165.368378
420.785919
299.569702
153.66275
103.802971
104.925606
177.811279
206.078522
158.814438
126.48037
111.618492
145.220306
142.640198
116.455002
104.512505
103.565666
101.867584
72.5299072
68.7773743
118.10598
134.18454
99.669548
60.6566048
44.1646729
40.3533936
147.353424
155.668945
111.148674
68.774559
48.2155952
43.8376503
45.7516556
43.5085182
41.1805458
41.1935043
41.5277138
62.4567566
60.8414192
47.3123131
44.0680695
91.5858002
87.2370148
54.2454834
40.2670708
45.1207466
101.645523
103.938202
64.3382721
50.3338203
48.1008759
49.575264
45.6762466
85.6734314
125.123825
105.573631
85.0091095
99.4417267
271.196167
317.069641
233.945206
177.436951
109.659882
54.2620697
40.3596535
40.7084732
43.218029
43.6376572
40.606678
40.5459137
40.3556557
40.2670708
40.2670708
41.0615959
68.5008163
67.3519135
57.3414917
94.1465149
83.8815994
91.937088
