0.0
0.0
0.0
0.0
0.0
0.0
0.0
0.0
0.0
0.0
0.0
0.0
0.0
0.0
0.0
0.0
0.0
0.0
0.0
0.0
0.0
0.0
0.0
0.0
0.0
0.0
0.0
0.0
0.0
0.0
0.0
0.0
0.0
0.0
0.0
0.0
0.0
0.0
0.0
0.0
0.0
0.0
0.0
0.0
0.0
0.0
0.0
0.0
0.0
0.0
0.0
0.0
0.0
0.0
0.0
0.0
0.0
0.0
0.0
0.0
0.0
0.0
0.0
0.0
0.0
0.0
0.0
0.0
0.0
0.0
0.0
0.0
0.0
0.0
0.0
0.0
0.0
0.0
0.0
0.0
0.0
0.0
0.0
0.0
0.0
0.0
0.0
0.0
0.0
0.0
0.0
0.0
0.0
0.0544504933
28.6453705
64.5402679
116.484665
91.5809021
34.5635376
9.99620819
6.00423622
0.0
0.0
0.0
0.0
0.0
0.0
0.0
0.0
7.67659235
24.9489059
12.9929867
9.41056442
0.000101030106
0.000146001112
0.000170877785
0.000194699969
0.000634507043
0.000183119322
3.9421134
2.84403086
1.25600231
0.527674079
0.165723011
0.00128043583
30.9568386
19.0171509
9.9983387
9.75878048
0.00112877158
0.0218031984
0.00679013319
0.000545942341
0.000543798204
0.000539658475
0.000533267274
0.000689590815
0.613587499
1.19204021
0.364123374
0.240127608
0.755151272
0.238082141
0.591669023
1.15304375
1.82821107
1.98716378
5.04965591
5.04819632
21.4830685
13.4689331
10.0097418
4.38896036
0.0913692117
78.9947205
105.200096
56.5701332
51.7919846
32.6579361
10.0102291
50.9756279
107.824196
104.578903
36513.2656
120.073761
105.292114
100.377876
100.027298
100.027596
100.027939
177.659576
437.297577
445.237183
236.813629
119.098518
166.96109
168.635864
124.051376
102.057167
100.063156
100.06205
100.061005
100.211266
100.42424
101.32885
107.404243
114.088036
127.370979
191.967072
176.294281
120.919121
100.062485
100.062622
100.0625
100.062233
100.061676
100.060982
100.060135
100.152679
110.952454
110.652084
103.049583
100.654228
227.631104
322.30719
298.883484
232.697449
188.175598
158.211121
130.635315
109.704155
101.920128
100.612961
100.191704
101.0606
101.771919
100.528664
100.082916
100.081757
100.080719
117.228706
186.737854
255.151428
219.308197
363.591064
368.386017
260.897766
211.248535
172.195236
124.606354
113.240082
111.107704
104.283424
100.637779
100.346214
100.238091
126.037659
126.71167
107.726646
101.791428
102.653404
100.778801
100.113495
100.112328
100.111664
40.1098862
43.2109299
42.8302536
52.6609955
55.0480881
49.5651665
69.4550171
181.743515
416.571991
404.322998
189.653076
61.9198265
194.360947
243.522171
146.988159
67.6120758
59.4135094
55.501564
45.0360336
40.1359596
40.1342316
40.1326141
40.1305046
43.2987556
225.0242
261.746765
131.646698
58.7757187
47.8130646
42.5855598
100.138435
100.136833
100.135391
100.133865
100.132301
100.76162
147.410339
146.563812
113.010551
128.322891
136.415665
127.16507
112.971619
102.409729
233.669983
235.379044
86.1625214
82.5306015
96.2550125
40.2353592
40.134964
153.802032
276.487274
195.49144
145.986969
207.356033
221.282578
117.510773
107.878601
100.685684
100.211922
100.170494
100.169815
100.168938
100.168404
102.227142
114.438103
253.047333
304.355042
199.488983
118.203346
100.216637
100.202217
100.182518
100.182175
100.181725
222.225769
115.887001
137.733414
308.445496
351.389862
200.388763
112.102936
100.209267
100.209602
100.209373
113.526367
184.217407
163.507355
118.318047
100.212471
50.2116852
50.209549
53.3752098
82.5176392
201.497971
204.229828
107.702026
289.781189
233.477402
105.741241
50.2083855
50.2066269
110.800461
157.391632
196.378448
140.260406
280.416992
440.215393
463.882202
393.940552
233.063858
96.8213959
54.3269691
50.2304192
50.2277832
50.2253799
50.2219734
50.2189941
50.215374
50.2124748
101.923531
170.07547
199.676544
145.496353
198.385422
176.104141
125.788063
102.392426
127.347916
113.290115
107.751823
101.296707
100.668732
100.77066
100.167793
100.160812
100.15271
100.14904
100.145294
100.142021
100.138672
100.135384
100.132668
100.129951
100.127144
100.37455
100.122101
50.1196861
50.1177139
50.1154861
50.1133385
50.1116409
50.1100922
50.1094284
50.1088219
50.1079063
50.3897705
50.7146149
50.2713661
50.1903229
50.1042099
52.7886543
51.5348244
52.9798012
51.4069023
50.552597
51.1378136
51.307579
50.5516319
50.2524834
50.0956764
50.0944099
50.0943336
50.0933952
50.0923119
50.0914612
50.0901566
52.4750443
51.4112015
50.761879
100.132385
100.083595
100.08284
100.082085
100.081345
100.080711
100.079849
100.079056
100.078407
101.217171
100.773849
50.8841515
50.1357956
50.0962372
50.0744629
56.8190002
76.261055
66.3822098
55.268631
50.0748444
112.939621
192.90712
144.474304
76.0544357
50.0807343
51.5118866
51.7372246
53.9035606
52.238472
51.6784935
50.1306496
80.0880737
80.3268356
80.076767
80.0740433
80.0731277
80.071991
80.0708694
80.0695038
80.0686188
80.0676193
80.0669403
80.0669556
80.0692978
80.0683746
80.0639496
80.0672607
80.0669403
90.1742401
183.682434
227.51059
162.039444
182.772842
711.142029
680.374939
430.87619
244.184067
130.478104
81.4452591
80.1043854
80.1017303
100.249016
100.682068
100.266418
100.093361
100.091042
100.399269
101.200317
100.479355
100.105957
100.081741
100.079872
100.07811
100.131325
101.745277
330.264313
688.680298
749.410156
762.389282
888.347778
634.732239
319.764557
179.902206
124.095215
114.591354
211.241852
278.749512
214.646286
131.88739
103.091446
101.55954
100.563812
60.1562462
60.1537476
121.602737
114.779015
76.6184998
60.1460648
169.873962
359.504272
279.732361
117.138397
60.2620773
60.1532059
60.1507416
60.1481438
60.1455345
60.1429787
98.9763947
319.361359
613.380249
501.856079
235.764038
106.212074
102.343323
405.940247
476.506897
258.289764
146.944565
96.670166
110.835716
100.179398
100.177094
100.174637
100.172264
100.169792
100.16729
100.164787
100.162064
100.159348
100.1567
100.154305
100.151833
100.1492
100.147057
100.14463
100.142258
100.139862
100.137985
104.919937
104.379234
101.221817
100.129257
100.127197
198.112213
245.526642
177.994415
115.326073
104.009872
124.559746
146.314941
129.400482
107.663277
101.392464
100.528641
100.240395
100.145317
100.117882
100.116707
100.115273
100.113892
100.231789
100.809952
101.112991
100.360725
161.82103
158.287567
117.484146
100.848991
103.69381
289.281372
325.425171
198.042175
114.021843
100.119911
100.11953
105.023491
105.115417
101.414291
100.116096
101.357788
102.117561
102.596199
118.509979
54.5696259
94.8093567
101.747108
520.78186
491.123871
396.4422
348.870026
259.891785
169.248077
95.655014
58.0407181
444.436035
768.207947
478.778442
198.201279
333.858978
513.507935
160.948792
100.17749
100.175705
100.173759
100.171471
104.957588
167.787781
367.662781
382.836121
443.518311
457.219177
473.319733
531.308044
862.540466
696.50354
590.810852
568.549683
629.744446
564.975586
324.541046
297.098816
330.279877
350.615509
138.706451
100.244011
100.243744
100.242821
100.241844
100.241028
100.239868
100.238762
100.237724
100.236565
100.235321
100.234192
114.688034
129.665588
118.026054
103.487282
100.229576
100.228607
100.227737
102.07119
104.949493
101.650093
100.686737
101.803947
101.377609
100.589249
100.266335
100.219116
100.217987
111.653755
106.194122
102.061729
100.589043
100.231621
346.161133
336.414642
171.704895
109.086876
104.241737
101.493324
100.227417
100.227043
100.22654
103.847809
102.095909
100.887642
100.224686
100.222923
100.222359
100.221748
109.970795
54.4643936
51.5141335
50.213932
50.210495
50.2072563
50.2035294
50.2000237
50.1966171
50.1929932
51.020256
114.505676
103.24369
66.0229034
50.1783867
50.1754761
50.1725159
50.1694565
50.1662102
50.1628113
50.1596107
50.156765
50.1535416
50.1506462
50.147583
50.1447449
50.1417007
50.1385231
50.135994
50.1328392
85.8937149
76.3184204
58.9328232
50.3676834
50.1173744
50.114151
50.1112518
81.5954742
72.348732
56.9987335
50.1016159
50.0991974
50.0970268
50.0950775
50.0930099
50.0912895
50.0897675
50.0882835
50.0871735
50.0859222
50.084713
50.0836449
50.0826874
50.0815926
50.0807381
50.0799942
50.8404884
50.2717056
50.1872978
50.0770073
50.0763969
50.0754814
50.0706902
50.0703239
50.0696182
50.0691452
50.069252
50.0688591
50.0673141
50.0669518
50.0664406
50.0660896
50.0652657
50.0647888
50.0643196
50.0636902
50.0630646
50.0626678
50.0622406
50.0615082
50.0611229
50.0607872
50.0603027
50.0598984
50.142067
73.4597015
67.467247
55.734417
50.0604439
50.0601654
50.0563698
50.0562096
50.0560722
50.0558929
50.0559082
50.0557098
50.0554695
50.055481
50.0554962
50.0553474
50.0553436
50.0550308
50.0547256
50.0545044
50.0544815
50.0543022
50.0542717
50.0540848
50.0540428
50.0540886
50.0537338
50.0536537
50.3949318
50.0640259
50.0555801
50.0555344
50.0527115
53.0008125
52.8760223
51.097496
50.292202
50.0522156
80.051506
80.0509415
80.050415
80.7932968
80.0711823
80.0482635
80.0471802
80.0508881
80.0502853
80.0474472
80.0469971
92.0737991
87.628067
182.703339
160.107178
105.779472
80.0518799
80.051712
80.0515671
85.1813354
89.8197937
85.7290421
81.6295319
80.0543594
107.089615
105.252747
89.9719238
87.5626373
84.8018494
81.7560196
110.81955
110.621292
61.0112457
58.4323807
55.4559288
66.3574753
81.7264023
235.602264
219.442398
283.087128
1199.54053
1588.24854
855.076477
237.142822
105.663063
106.825371
103.840904
102.981697
100.905365
100.101265
100.098984
100.096657
100.093704
100.09108
100.088249
100.121811
100.284737
110.109482
111.599754
104.229507
100.31617
60.0735054
60.0707092
60.8451958
62.1319427
63.3494492
88.2421799
99.1776428
85.0809402
68.0190735
61.4608231
73.8405914
69.0081406
62.832798
169.021759
210.549438
269.411072
321.329529
312.258057
412.330933
343.951172
189.027527
94.833931
70.5196381
177.884354
514.536011
436.874634
165.569382
66.6101151
63.4761658
61.4511414
70.25737
81.9357376
101.060875
92.528801
75.6179733
70.1143646
72.8072662
73.1760178
71.2380295
71.0626602
70.965065
70.3560333
70.1677704
70.1270981
70.1049805
70.0979919
92.8107224
107.173912
99.897789
82.6520081
72.3699646
70.1922684
86.6013718
93.6182098
82.828476
72.8365021
80.6221466
302.726868
405.959961
260.246582
114.344673
103.446098
100.382446
100.108734
101.974777
102.801659
100.810799
100.104645
100.103134
100.101982
100.100746
106.843666
107.062012
101.898239
100.096077
100.095474
102.905411
103.541237
110.509232
155.237289
216.386963
205.765991
216.879517
247.082001
190.085571
137.208588
153.633652
226.271896
226.39801
155.444733
194.37619
188.480453
66.4300461
40.6157265
41.0529175
40.8705902
40.4445801
40.1282272
40.1260223
40.1236572
40.1213531
40.1193886
81.7093353
259.602692
844.888672
743.146851
321.077759
280.84314
223.528214
89.1930771
40.1626472
40.1619301
40.1606407
40.159111
40.1576118
321.236328
320.922272
137.189743
54.6221886
46.6727219
63.7030525
65.4957962
112.931137
103.571449
102.838463
101.937569
143.980743
141.818604
151.229309
138.704849
110.200516
100.16436
147.07193
247.669632
269.619507
180.886475
114.270958
100.176704
100.176437
100.175751
107.370453
128.452087
121.404716
104.904579
163.776001
253.360596
208.399414
212.970276
225.850098
165.891464
172.652817
150.870422
116.097404
100.872658
100.487755
100.196388
100.195969
111.589867
105.287163
101.763321
152.141617
182.429367
298.372711
236.842865
139.311203
100.933311
100.313354
100.205727
100.205589
100.20504
100.204926
100.204353
100.203751
100.55838
100.202873
100.202248
134.170639
161.648972
133.500977
107.874794
105.423294
102.549713
100.995331
50.2004318
50.1975861
50.1946602
50.1914787
50.1882095
50.1849899
50.1819229
123.13031
388.838562
352.359528
148.904312
58.7564888
82.3205566
1066.96899
1265.07532
554.032959
116.08709
50.206543
50.5815773
50.2018394
50.1991272
50.1958542
50.1927147
50.1896553
50.1864586
50.1833611
50.1801453
50.1769905
50.1738777
50.1707382
105.554184
252.225006
630.467163
617.215454
303.36145
129.159668
100.174858
100.171082
100.879555
100.204163
100.18261
100.155228
100.151466
100.147789
100.144165
100.140434
100.136978
100.133484
100.130447
100.127556
100.124657
100.122078
100.119316
100.116997
100.11483
100.112762
100.110687
100.108917
100.107079
100.105461
100.103897
100.102371
100.101425
100.100601
100.099457
100.099495
108.021652
103.577332
101.267906
102.75058
101.12603
104.62513
108.866997
113.81855
114.934479
117.81916
107.859383
102.210693
100.091057
100.090179
53.0969887
51.5138702
50.7007637
50.0876503
50.0870934
50.2758522
50.0860786
56.3638992
53.1647835
57.788559
111.095123
108.819321
111.338753
129.183319
118.339478
105.632103
120.662949
129.338287
145.733307
124.8022
107.310486
100.082397
102.466476
102.941368
101.149239
100.315857
100.079964
100.923286
100.170525
100.107979
100.07785
108.266762
104.865326
101.801918
101.101692
157.079224
195.725647
356.016602
493.917664
446.220886
247.692596
130.040085
100.414268
100.108406
100.106567
100.104866
100.103134
100.101318
80.5755386
80.0974579
80.0956421
80.0939102
80.0917206
80.0896149
80.0873413
80.0851212
80.0829315
80.0811005
80.0791626
80.0768433
80.075386
80.0736542
80.0724792
177.813782
308.904022
291.81665
188.282181
527.079956
569.518555
363.840179
223.152634
150.110687
106.531609
100.430244
100.71701
100.284233
100.111221
100.109123
101.503738
102.476425
100.853462
100.128708
100.098549
100.096336
100.094124
100.092331
100.09053
100.088615
100.086349
100.084473
100.082695
100.08065
100.078636
103.369392
164.617096
183.003632
176.444336
146.821136
112.331642
167.946777
472.291382
620.584412
351.034149
128.863419
65.3322906
60.6798439
60.1063919
60.4412575
60.6371002
60.2838821
67.1979065
115.937088
147.979263
125.11554
82.0951538
63.6663208
60.0922432
60.0900764
60.0876732
60.0852585
60.0832596
60.9351234
60.4233513
60.1828537
60.0767136
60.15308
60.0852165
60.0734749
60.0724525
60.0713615
60.1423416
60.5510979
83.539917
106.337151
96.1794281
76.7313004
70.0994873
141.65686
137.381607
89.8622208
70.0703354
77.1763229
76.8150558
72.9723129
87.1857452
86.0505524
74.7194672
375.140289
390.055084
854.918701
950.879517
848.155396
542.624756
237.193344
272.47937
245.559265
145.950729
104.220116
102.52478
100.651634
105.008987
104.52536
119.32753
411.106995
722.291382
647.782959
600.064636
388.665344
174.98288
100.190186
100.189644
138.543884
134.168015
110.327263
106.533684
119.984215
114.316368
112.877609
108.718956
102.407799
100.178482
100.176666
100.175621
100.173828
100.171867
122.064911
190.843994
170.224258
118.865318
118.65609
238.505493
630.38678
587.787903
272.291779
116.096962
100.195465
140.191727
176.864365
148.611496
160.328903
186.151703
202.187363
167.749863
122.957008
102.94088
111.762352
115.961845
107.896149
101.591599
100.191856
100.18988
100.187599
100.185364
100.183418
100.181061
100.179077
100.176796
100.174576
100.172401
100.170258
40.1683044
40.1659813
44.5236626
104.499886
102.278145
100.471664
100.212975
100.155792
100.181656
100.160889
100.150284
100.14843
100.146736
101.410339
103.064079
102.001793
100.310913
100.138885
100.443993
100.233322
100.134338
100.132774
101.753723
103.262581
101.809639
139.156235
139.433807
117.10099
205.583618
314.234741
536.075195
515.780396
270.635834
123.236786
100.16526
100.165512
100.1651
100.164574
100.163811
100.163246
100.162148
100.16111
100.160362
100.159546
165.861481
360.558563
494.018616
385.34198
195.613037
113.135544
100.195427
100.264229
100.195724
100.195251
100.194565
129.050995
208.928314
325.68222
330.188721
209.495941
122.536873
101.821968
100.216896
100.215805
100.216644
54.0145454
52.076561
124.336494
621.008911
521.61853
193.239548
51.6674423
52.5580063
50.2367821
50.2216263
50.207222
50.2038727
50.2005844
50.1975746
50.1943245
50.8356323
50.187912
50.1845436
50.1815109
50.1781158
50.174942
50.1716805
50.1687889
50.1657143
50.1625214
70.6104202
89.5381393
70.2097244
55.9880333
50.1485214
100.145477
170.682541
192.641876
140.486298
107.659561
100.131744
124.628906
112.075035
103.836998
100.121063
100.118546
100.115936
100.113571
100.111343
100.109283
100.107315
100.10511
100.103577
100.101891
109.664406
104.116898
101.40918
100.09639
100.094978
100.09404
100.093056
100.092178
100.091049
100.089874
100.089188
100.088264
100.139099
50.0841789
50.0835991
50.0831223
50.0823631
50.0817375
50.0810394
53.4517288
51.461956
50.6176147
50.0788612
50.0781288
50.0774765
50.0770378
50.0762901
50.0756874
50.0751114
50.0744934
50.0739098
50.0731583
50.0729218
50.0720406
50.0714684
50.0708427
50.0702019
50.0697021
50.0693054
50.0688667
50.0683479
100.066521
105.342697
104.309837
101.684586
100.35199
100.067642
100.067047
100.063881
210.8255
139.893707
78.8473206
100.066399
100.066368
50.0662766
50.0661736
50.0658722
50.0657043
50.0661774
50.0666046
106.026138
96.6136169
65.1965103
50.0681419
50.0680542
50.0679321
64.3294983
59.7567101
53.4869194
52.0405159
51.0535965
50.506958
80.0679092
80.0688705
80.0689697
81.4804535
80.4353256
80.2053986
80.1214905
92.7221909
140.747162
310.545227
714.22229
838.063782
572.580627
261.754761
122.968079
86.8771515
81.851944
80.1160126
80.1132278
80.110611
101.472031
97.0286636
85.9666748
80.1002274
80.0972824
81.1802292
80.1323395
80.0892181
80.0867767
80.0843506
100.082176
100.08017
100.078316
151.156433
152.313538
115.979935
100.104919
100.073235
100.072037
100.070976
100.069962
100.069023
100.067993
104.371376
169.441925
205.411957
159.153305
215.092148
373.584076
383.248352
325.297791
296.071106
232.279251
149.85611
107.800125
100.109917
153.222198
1096.33264
1561.7627
1054.5625
439.522369
130.618088
65.5959854
60.5205727
60.1506462
60.1481895
60.1448212
60.1416359
60.1383133
60.1357613
60.1329536
107.012955
99.7572403
72.0988083
60.1215897
60.1769104
60.1245766
76.2613678
70.5894012
63.3143692
60.1048012
60.101902
60.0988808
100.327103
91.9914703
69.7621689
63.10149
316.593658
303.665405
137.895386
62.6800194
180.250763
387.605591
415.150299
403.930664
267.35788
142.641434
100.129272
100.127907
100.126526
100.124786
100.122765
100.120819
100.118958
100.117058
100.114937
101.252937
101.339745
100.497116
125.584106
122.890869
106.67543
100.103432
100.10228
100.100731
100.09922
100.097855
100.096558
100.095642
100.094307
100.093079
100.092056
101.399765
101.992691
100.581032
100.087982
100.08744
113.570892
112.778648
104.169258
104.426041
104.03553
101.03566
114.402878
213.626984
274.899506
199.128586
120.719734
100.0933
100.09343
102.649384
142.641754
149.098236
121.838753
111.637741
108.034241
102.149376
100.095154
152.146851
149.248383
280.531616
247.788773
146.412704
41.074707
40.1078377
40.1062698
40.1045723
40.1026154
40.100647
40.0986366
40.0968246
40.0951843
81.9093475
81.4202881
53.8739967
41.175869
51.8463821
261.736023
303.791077
152.499054
55.3632774
40.5454903
40.1034813
40.1732063
40.4628296
40.29599
40.7162781
40.7847061
40.4079971
40.0941505
40.0927811
40.0910454
40.0896187
100.087761
100.086342
100.085075
101.114807
102.695251
101.949409
100.255661
100.078568
116.578583
143.678284
140.336945
116.259857
101.906235
100.075729
100.07515
100.074387
100.073631
100.072998
100.072144
67.2046432
40.0712395
45.129818
48.1821709
44.2590866
40.4288826
40.0685081
40.3105164
42.9109802
43.1149445
40.3728905
40.0659332
100.065918
100.065308
132.70752
213.346008
185.13649
22.7647953
100.073967
100.074348
100.074295
100.072861
102.919891
101.590805
100.650574
10.0427847
90.0986786
100.069756
100.921608
100.371994
100.227943
50.0707855
10.0427589
90.0970917
100.066032
100.066757
112.850845
107.05127
10.0378618
92.2282562
100.064621
100.064323
50.0670929
50.066761
50.0663109
50.8499069
58.6215477
61.7945442
83.2478867
98.2243805
169.202347
130.668655
73.0238495
50.072052
50.071991
50.0713882
50.0710945
50.0705452
50.0699234
50.0696106
50.0691566
50.0685768
50.0681229
50.0676804
50.0671196
50.0668259
50.0664635
50.0660172
50.0658035
50.0653076
50.0650291
55.4576683
52.0529747
50.7092171
66.9603882
171.397644
246.445831
162.323303
75.7198029
50.0749702
50.0747643
50.0743103
50.0738258
50.0733376
50.0726509
50.0718689
50.0714302
50.0707779
50.0703354
50.0697021
50.0691032
50.0689468
50.0684738
50.0679245
50.0675621
50.0671921
50.0666618
50.0665436
50.0661583
50.8890495
50.2994347
50.1978302
50.0650024
50.0646477
50.0623512
50.0622101
50.0581474
50.0610008
50.060894
50.0575142
50.0572701
10.0310192
40.0829506
50.0568314
50.0565147
50.0562286
50.0560188
50.0560036
50.0557289
50.055584
50.0554085
50.0552025
50.0549202
50.0547638
50.0545197
50.0543251
50.0541725
50.0540085
50.0538635
50.0534668
50.0532646
50.0531158
50.0513954
50.0512466
50.0512466
50.0512428
50.0512238
50.051033
50.0509758
50.0508766
50.0507011
50.0503159
50.0502663
50.0502205
50.0500069
50.0499458
50.0497322
50.049633
50.0493851
50.04916
50.0487213
50.0488167
50.0483627
50.0481987
66.7928925
63.2204819
54.5287132
50.3587799
50.0540695
50.0503235
50.0878296
50.0532188
50.0497589
100.034851
94.0749283
84.8597412
80.0500259
80.0492249
80.0490341
80.1687393
80.0534363
80.0480118
80.0474777
80.0472717
80.0468903
80.0465088
80.0460968
80.0456696
10.0202646
70.0698853
80.0446167
80.0440521
80.4317169
80.0540924
80.0452728
80.0426941
80.6825333
93.8297272
92.3074112
10.2824888
75.1613693
215.364349
192.758499
86.2181931
100.050217
100.050278
103.15934
53.850708
51.1608238
50.049305
50.0494347
50.0969849
50.0628853
50.0480003
50.0476189
55.3152809
207.460739
356.749207
314.560333
161.511642
119.351006
100.075371
100.074265
111.675949
224.778244
255.107254
121.432755
110.869484
100.087723
108.89341
110.154137
53.0179482
50.0729752
64.487709
60.0682983
79.7852936
112.113571
292.705536
418.722656
294.294678
209.663849
371.568512
511.673401
341.966492
130.344055
63.1411285
60.1185074
73.2524948
105.48584
104.02803
113.865753
91.301857
68.7935104
202.760437
257.345367
157.334045
77.5020065
60.1930199
109.835732
177.760834
263.995636
425.576447
406.964447
208.497742
94.9589691
93.1225586
93.0866852
82.075592
98.7566833
95.0409317
77.1280518
70.2552338
70.1611633
73.6984024
78.8283844
84.6193314
176.965881
187.591446
320.05896
303.61911
205.015808
232.369232
331.785461
242.1745
112.098129
70.1705093
70.1694489
70.1675186
136.966766
154.203644
274.883301
348.656006
301.713562
172.907196
92.4020157
236.036835
274.632355
186.714661
117.351929
101.634476
101.684784
100.843628
100.641525
100.295189
100.188316
127.922821
219.245575
229.924255
426.918671
350.967957
172.657867
102.885277
104.039986
165.291245
194.291824
154.632889
123.601456
109.90406
138.187653
137.072647
114.913589
103.751984
103.076019
101.550964
119.31675
116.69146
111.294579
129.035904
97.0223999
59.6561165
43.9261017
40.2759705
142.447266
157.131409
109.71666
66.4416656
47.5107117
42.9803658
44.5265236
42.8037987
40.9381905
40.924099
41.2082214
59.4619675
58.8925781
46.7197227
43.5009346
90.9219284
89.4069977
55.1762009
40.1835938
44.5632744
104.675926
110.245651
66.6524963
49.6877861
107.62188
108.767647
105.709381
147.976486
196.140015
176.209976
148.770386
161.637497
353.380127
408.913452
296.572388
223.569382
157.285278
111.998154
100.268288
100.634277
103.024109
102.707634
100.433594
100.461372
100.286919
100.20504
100.203911
100.881752
124.297104
123.376595
115.121216
150.147079
115.99659
90.3786011
