0.0
0.0
0.0
0.0
0.0
0.0
0.0
0.0
0.0
0.0
0.0
0.0
0.0
0.0
0.0
0.0
0.0
0.0
0.0
0.0
0.0
0.0
0.0
0.0
0.0
0.0
0.0
0.0
0.0
0.0
0.0
0.0
0.0
0.0
0.0
0.0
0.0
0.0
0.0
0.0
0.0
0.0
0.0
0.0
0.0
0.0017372556
0.00312364008
0.00312364008
0.00312364008
0.00312364008
0.00312364008
0.00312364008
0.00312364008
0.00312364008
0.00312364008
0.00312364008
0.00312364008
0.00312364008
0.00312364008
0.00312364008
0.0
0.0
0.0
0.0
0.0
0.0
0.0
0.0
0.0
0.0
0.0
0.0
0.0
0.0
0.0
0.0
0.0
0.0
0.0
0.0
0.0
0.0
0.0
0.0
0.0
0.0
0.0
0.0
0.0
0.0
0.0
0.00312364008
0.00312364008
0.270207226
40.814743
65.2840881
82.9957428
54.9344559
18.9779568
10.0015631
3.27074146
0.00312372856
0.00312364008
0.00312364008
0.00312364008
0.00312364008
0.00312364008
0.00312364008
0.00312364008
4.11646891
12.8252335
8.72952843
2.65903234
0.00312364055
0.00312364008
0.00312364008
0.00312364008
0.00312364008
0.00312364008
1.93376589
1.37868035
0.6082111
0.293339968
0.0874149054
0.00312364008
14.4489594
12.4243031
6.84625053
0.0031238175
0.00312364008
0.0120036099
0.00594463293
0.00312364008
0.00312364008
0.00312364008
0.00312364008
0.00312364008
0.301319957
0.649344087
0.187484935
0.119881518
0.418576419
0.12478365
0.306658208
0.651152134
0.976290822
1.12760472
2.75902629
2.86220813
11.3769255
11.3696079
3.47300696
0.0
0.0
35.8976364
40.6409454
24.2578011
26.7435856
12.805747
9.39996719
17.6094723
47.3969955
33.362896
24.6648903
12.7087212
9.46167946
0.0938451886
0.0
0.0
0.0
38.2374687
131.520477
143.344925
59.1326904
10.6726255
30220.5195
140.405411
114.251465
101.175018
99.9239578
99.9245529
99.9253998
100.046127
100.181595
100.777641
104.808205
108.777466
116.832306
152.157745
138.563766
110.465889
99.9254074
99.9255753
99.9258041
99.9258652
99.9259033
99.9264374
99.9432373
100.001053
106.69931
105.750114
101.543488
100.296646
166.797623
205.459961
194.238602
167.051758
148.837402
133.786758
118.030724
105.70903
101.142082
100.29615
100.005623
100.619934
101.013191
100.212379
99.9343567
99.9345932
99.9350586
111.655075
152.283691
184.796188
161.562881
243.674194
240.81105
196.716797
176.518143
150.08638
117.282928
110.120338
108.453186
103.157074
100.389297
100.151413
100.088074
119.505974
119.461266
105.482315
101.224152
101.82933
100.461235
99.9988174
99.9800034
100.076057
40.0758514
42.4118423
42.0265083
49.108448
50.3253593
46.4035263
59.3186646
121.568176
238.788956
234.543274
124.551537
54.0775566
146.828323
179.103912
115.373703
60.5868835
56.36166
52.3211212
44.002903
40.1245079
40.1264305
40.1276588
40.1284142
42.8351212
164.037643
181.519119
98.6329117
54.1782837
46.1604805
42.0642853
100.145409
100.147102
100.148132
100.149223
100.149704
48.6753922
77.4980469
73.6383667
49.4944305
61.3844528
65.5292892
59.2731247
48.9446487
41.7140579
130.495056
124.364693
65.4199524
42.343029
41.12463
40.238163
40.161171
123.730759
201.169846
139.249985
121.441246
170.108871
149.957153
81.5314331
101.864799
100.705948
84.2965469
100.208862
100.189217
100.186432
100.180534
102.761917
115.14299
228.884003
256.680908
169.983551
112.8647
100.177422
100.15506
100.144386
100.126549
100.118904
217.601807
190.960434
129.278854
292.00177
302.789673
176.940109
109.790817
100.045326
100.054253
100.046837
115.739105
188.151184
161.041229
116.589706
100.016907
50.0642128
50.0299034
53.7650032
85.3979645
187.729568
183.981033
97.4794464
262.106598
192.802216
91.4861298
49.9502029
49.9852791
113.272003
150.473083
183.371902
128.352615
258.335999
386.289551
409.16333
373.020782
234.786118
100.819054
55.2436638
49.9407997
49.9433136
49.9828835
50.0234718
49.9931221
49.9605179
49.9947472
102.296616
179.848114
204.397156
146.883392
189.28775
170.766586
124.201134
102.269165
126.813278
113.218933
108.059402
101.233116
100.612701
100.852921
100.13755
50.1267242
50.1249733
50.1310539
50.1366005
50.1417236
50.145874
50.1486931
50.1519318
50.1542511
50.1582794
50.5386848
50.1722107
50.1681976
50.1714935
50.1725082
50.1730804
50.132122
50.1582985
50.1444702
50.1519394
50.1772156
50.6091919
51.0942192
50.3223
50.2518196
50.176136
53.5319252
51.6035843
53.5401649
51.442955
50.5442429
51.5505409
51.6240082
50.5317192
50.2925758
50.1681938
50.1673546
50.1662636
50.1654243
50.1645432
50.1637039
50.162571
52.8773727
51.3709984
50.6240883
50.0849991
50.0480766
50.047245
50.0463562
50.0453415
50.0443878
50.0434723
50.0424423
50.0415421
51.3566933
50.7775803
50.9347153
50.0804596
50.0523033
50.0354309
56.8643265
73.1096497
63.496357
54.230175
50.0505104
96.1622162
139.392029
101.007301
63.1780586
50.0233307
51.4845085
51.5471153
53.2942314
51.1176491
51.3034019
50.1459084
80.1238022
80.4549637
80.1146545
80.1128769
80.1113739
80.1094742
80.1075516
80.1059647
80.1038895
80.101944
80.1002045
80.0983429
80.0966339
80.0948563
80.0929184
80.0914001
80.089859
87.0010223
135.770355
149.674973
115.40023
129.211212
340.600342
308.036346
270.947083
183.863373
112.337715
81.0951614
80.0950699
80.0971451
100.215553
100.541924
100.23233
100.099228
100.098961
100.334976
100.913475
100.397232
100.114349
100.095871
100.094917
100.093834
50.1358223
51.4314003
187.750015
358.315125
412.488403
489.783295
674.072266
476.835846
277.9375
170.72612
121.637924
114.472511
198.196014
248.199585
192.872726
126.647446
102.925217
101.731857
100.625854
60.1744652
60.1902313
115.438766
105.464432
74.0437012
60.1897163
148.770828
278.841675
205.035416
97.5596848
60.2640228
60.1772194
60.1930695
60.1930237
60.1929703
60.1927643
96.1333084
249.685944
452.519104
361.768738
194.646545
103.861237
103.229919
362.08136
421.741516
241.166245
156.651321
103.556175
73.3088684
60.1850471
70.1849136
70.1848526
70.1847839
70.1847153
70.184639
70.1845551
70.1844635
70.1843719
70.1842728
70.184166
70.1840591
70.1841202
70.1995316
70.1837463
70.1835632
70.183609
70.1992722
76.0063171
74.6337738
71.3239365
70.1817245
70.1810455
171.43248
192.785675
127.698509
80.602951
73.6665802
92.2035065
108.522751
91.2897873
75.6033936
51.1078072
50.4923363
50.2631378
50.2071075
50.170414
50.1696396
50.1684761
50.1676712
50.288208
50.7739105
50.9457016
50.3494072
106.200882
90.4502411
61.9948921
50.6520462
53.0731888
184.971298
186.897552
107.268227
58.4692192
50.1525612
50.1527176
54.605999
54.0500832
51.139267
50.1507721
51.2306404
51.7174301
52.2633667
67.7618103
51.0572128
88.5884552
85.1001511
351.162598
270.424011
294.43573
285.472931
224.253143
160.550934
92.4124374
58.9742317
399.77771
696.494141
435.758057
130.632812
40.2670708
40.2670708
40.2670708
40.2670708
40.2670708
40.2670708
40.2670708
47.7337379
129.902298
337.819122
343.395508
424.666992
455.222565
300.14621
156.626709
592.678833
691.321472
388.124176
159.523849
183.650085
445.643188
420.022095
208.296417
162.290817
152.325119
113.448433
100.267067
100.267067
100.267067
100.267067
100.267067
100.267067
100.267067
100.267067
100.267067
100.267067
100.267067
121.942101
143.898788
126.576477
105.128365
100.267067
100.267067
100.267067
102.907997
107.029877
102.361588
100.954735
102.47525
101.903122
100.798897
100.305092
100.227295
100.217545
116.026398
108.617622
102.77063
100.671104
100.220177
342.571899
339.666534
172.758011
111.612175
105.569717
101.900383
100.126762
100.121254
100.110466
105.131287
102.81926
101.083046
100.049232
100.010384
99.9942322
99.9839554
113.72834
56.2120705
51.9717865
50.067173
50.0608253
50.0226097
49.9848442
49.9766808
49.9705505
49.9650345
51.1461792
121.454895
108.48304
67.5443726
49.9928665
49.9792938
49.9754829
49.9377365
49.9352837
49.9341316
49.9333534
49.9330368
49.9327126
49.9324417
49.9323769
49.9324341
49.9328575
49.9332924
49.9341736
49.9356842
83.9411926
123.313965
107.833443
100.193367
99.9969025
99.997879
100.026337
126.790115
117.247932
105.406868
100.03434
100.015297
100.016243
100.018105
100.020401
100.022987
100.026169
100.029991
100.03476
100.039734
100.05275
100.050163
100.051086
100.052284
100.053757
100.056625
101.01796
100.198578
50.1360741
50.0678673
50.0715485
50.075737
50.0654984
50.0735931
50.08255
50.0934372
50.0780945
50.1057892
50.1076508
50.1071014
50.1064758
50.1058884
50.1053619
50.1046524
50.1040115
50.1032715
50.1025696
50.1017265
50.1007881
50.099987
50.0990906
50.0982361
50.0973549
50.0961723
50.1819763
71.1501389
64.859314
54.7251549
50.091423
50.0905037
49.9722252
99.9708481
99.9701614
49.9694328
49.9687614
49.967968
49.9671516
49.96632
49.9659386
49.965374
49.9648094
49.9626579
49.9593124
49.9585037
49.958046
49.9576263
49.9573021
49.9569054
49.9565353
49.956089
49.9560051
49.9568024
50.2747841
49.9622116
49.9813805
49.9553604
49.9557686
52.6447487
52.5021935
50.9182892
50.1698112
50.0685501
80.0677643
80.066864
80.0660477
80.6674271
80.0775757
80.0638275
80.0630264
80.0624008
80.0616608
80.060997
80.0603714
91.1182327
87.7860641
144.568878
133.442017
96.6826401
80.05616
80.0555344
80.0549088
82.9459839
85.2885056
82.9089508
80.8380966
80.0519409
94.027359
92.2961349
84.7321243
13.3639908
72.6192551
80.8179932
105.304016
105.229759
105.254776
104.068481
52.573307
57.7714386
64.644783
123.057205
114.865334
147.343781
533.051025
770.87793
470.839905
190.016235
104.985191
105.873978
103.324936
102.533234
100.831406
100.174202
100.174301
100.173798
100.172806
100.171249
100.16964
100.196442
100.326317
108.259705
109.180115
103.391029
100.27047
60.0872803
60.0684776
60.6721611
61.6415138
62.5363388
80.4479523
87.0426178
76.5775604
65.1294861
60.9394226
68.6749802
65.5675049
61.7419434
119.551788
141.725555
172.103851
203.037872
207.141052
282.803772
238.176346
150.560898
87.2429047
68.3968353
153.121124
370.477783
287.634308
123.399117
65.8245697
62.9889069
61.27034
10.0730181
71.5461197
97.4294128
87.4535599
74.3699722
70.1316223
72.2086182
72.4760284
70.9823074
70.8680725
70.7912369
70.3139877
70.1871338
70.1402359
70.1228561
70.116806
90.9529877
98.8253174
91.6385422
78.4867096
71.6142502
70.1902542
83.6730499
86.1948929
78.2746124
71.8575668
78.2944489
223.999649
266.283508
173.625702
95.5706863
52.3078613
50.2757874
50.0945511
51.6329575
52.1474152
50.6229897
50.0922165
50.090847
50.0895081
50.0880623
56.7669296
55.3216133
51.4200172
50.0822105
50.098526
52.5907822
52.6137199
19.2005863
88.7692413
135.866837
117.522141
135.947845
154.915161
105.001358
78.6328201
98.0777588
159.179413
143.300995
87.9245529
142.536621
113.476593
58.6450882
40.5710716
40.9712524
40.7948418
40.4425659
40.1928978
40.1928978
40.1929169
40.1924248
40.1920738
79.8516235
201.651779
557.790405
424.294922
237.028076
274.981201
184.053955
77.0162659
40.2477188
40.2502365
40.2520638
40.2530899
40.2539101
302.408417
255.030106
117.447441
57.7630615
47.8921661
70.1725922
70.6168137
114.747971
104.941284
103.607002
102.901474
155.007202
143.429108
158.882263
137.720093
93.9592361
77.2524109
131.592255
211.104584
215.143219
144.462097
112.427391
100.26606
100.266365
100.266571
78.8851852
93.5205841
76.8775253
56.9095726
135.507874
224.252121
160.154785
202.759399
240.115173
172.962723
187.917053
162.240829
117.553429
101.042763
100.568184
100.265617
100.25676
115.233925
106.805809
102.089905
165.619385
197.717545
302.730408
241.75946
138.808746
100.996155
100.286026
100.159142
100.158386
100.153694
100.135178
100.123573
100.118324
100.587669
100.133575
100.113815
146.007645
178.334015
141.351837
109.168404
106.494827
103.072464
101.0532
50.0273781
50.0143433
50.0058556
49.9978485
49.9903259
49.983387
50.0099411
134.170731
342.271027
301.133728
130.957809
58.0646439
85.6851959
919.214111
1078.50439
545.956055
137.540482
50.0264626
50.4689598
50.0281067
49.9855194
49.9391174
49.9369125
49.9384155
49.9404373
49.9430008
49.9460297
49.949543
49.9535179
49.9580917
107.397652
259.122742
556.219727
546.626099
288.417786
131.360825
100.085365
100.066299
100.962875
100.189003
100.143021
100.101944
100.108536
100.116852
100.125443
100.132881
100.140388
100.147621
100.154091
100.159309
100.164398
100.168434
100.17923
100.181999
100.176285
100.178795
100.180382
100.185349
100.186554
100.18853
100.19603
100.152481
50.1600418
50.1882553
50.1932678
50.1811485
59.7567444
53.6165924
51.360775
53.5512581
51.1434097
55.4109612
59.4356499
63.6482124
64.0660248
66.0089417
56.3436432
51.8303108
50.1899948
50.1892929
53.4561119
51.1706314
50.6072502
50.1859779
50.1850281
50.4353409
50.1830673
56.2128792
52.2761765
56.7792664
109.073723
106.86306
108.988197
121.775337
113.182365
104.022598
115.480789
120.38121
130.54129
115.201607
104.594009
100.062012
102.456276
102.480354
50.7064629
50.204525
50.0556908
51.0310707
50.1312065
50.0721626
50.0726929
56.8552208
52.7747383
51.0888062
51.2044182
89.3616028
108.462738
186.048782
257.85202
245.451294
131.194534
98.3085861
80.3757935
80.1453247
80.1451416
80.1447906
80.1446075
80.1438599
80.859642
80.1421432
80.1412048
80.1400681
80.1390152
80.1376038
80.1359634
80.134346
80.1330566
80.1313553
80.1295776
80.1274872
80.1251984
80.1230774
80.1214218
151.904053
215.615662
196.342102
141.262329
338.718384
343.95108
271.053619
172.948669
136.781738
105.050064
100.429489
100.675896
100.31424
100.16552
100.16571
101.378029
102.11264
100.813522
100.19146
100.16256
100.160965
100.159821
100.158562
100.157013
100.155701
100.153969
100.152107
100.150078
100.148064
100.146172
102.995689
149.388641
155.905685
148.420471
126.819061
107.208115
141.313736
291.714111
379.026062
227.969025
104.317322
64.0899963
60.5481682
60.0855827
60.3615608
60.523941
60.2405777
66.1294479
105.641663
125.528412
106.092804
74.7966156
62.4656334
60.0677795
60.0666046
60.0653687
60.0634003
60.0618668
60.725193
60.3239746
60.1384201
60.0700378
60.1271133
60.0752487
60.0639915
60.0454369
60.0432014
60.110218
60.4154549
19632.1387
127.562515
117.26902
104.454483
100.049377
149.466293
137.595322
111.297546
100.02401
104.685188
103.690048
101.673431
111.745865
108.619514
102.56427
264.751404
233.953751
556.954224
586.598755
633.223877
400.957855
196.892792
243.651062
209.039597
134.502426
103.735451
102.178833
100.588531
104.770584
103.874763
118.778709
339.188324
547.835632
498.152588
534.020508
574.079712
384.212738
229.527924
100.195656
148.16954
142.986603
112.908424
108.216499
124.713158
117.606453
115.721367
110.603485
102.869499
100.17585
100.175728
100.193062
100.175026
100.17482
126.44455
198.241959
172.839645
119.1987
119.84713
230.895111
561.509521
512.416016
257.27533
119.05201
100.267067
153.968369
198.610184
159.768829
174.700531
205.219971
221.648865
181.642212
127.881676
103.682709
116.163445
121.902397
110.655731
102.124496
100.267067
100.267067
100.267067
100.267067
100.267067
100.267067
100.267067
40.2670708
40.2670708
40.2670708
40.2670708
100.267067
40.2670708
46.0360184
45.8048477
102.929665
100.669029
100.339172
100.267067
100.302658
100.278374
100.267067
100.267067
100.267067
101.831314
103.707504
102.363441
100.454964
100.267067
100.620308
100.37928
100.267067
100.267067
102.074554
103.604088
101.998024
139.118515
138.440994
116.490707
183.732986
258.499756
403.599426
400.534027
232.284042
120.400169
100.267067
100.258705
100.251892
100.253319
100.262497
100.225914
100.236794
100.225845
100.215111
100.222771
175.992874
352.970764
485.739502
393.292908
203.920898
115.808342
100.167816
100.273308
100.15345
100.122528
100.118828
145.133591
251.747528
394.775696
390.685486
246.138031
132.881775
102.836243
100.023132
99.9842072
100.000801
55.2611389
52.8535347
148.774155
646.478394
537.662903
197.934525
52.4417915
103.05233
100.06031
100.025177
69.5554886
49.9507637
49.9469337
49.943718
49.9411392
50.8387108
49.9916267
49.9457893
49.9349442
49.9345818
49.9347343
49.9353752
49.9366341
49.9764595
50.0162125
76.2056351
96.820282
74.0220947
57.0569687
100.016983
100.030243
167.74762
185.38063
136.628281
106.482918
100.061165
121.239853
110.132759
103.257957
100.054497
100.059395
100.064774
100.070305
100.092514
100.087753
100.085487
100.089203
100.093742
100.097755
109.528297
102.989914
101.067902
100.110573
100.112419
100.117088
100.123329
100.120514
100.115929
100.121162
100.13456
100.122917
100.194267
50.1197891
50.1294403
50.1372871
50.141304
50.1440353
50.1432228
53.9845085
51.0994301
50.5144615
50.1403923
50.139534
50.1386108
50.1379929
50.137085
50.1361122
50.1352386
50.1345329
50.1334763
50.1326065
50.1316032
50.1305275
50.129776
50.1287727
50.1275787
50.1264305
50.1252403
50.1242256
50.1234016
100.010773
105.224899
103.805809
101.286781
100.249886
100.028191
100.00309
100.002403
175.923706
160.244446
118.89621
100.00116
100.000298
99.9994888
99.9988251
99.9976425
99.9970093
50.0184174
49.9955025
84.2978516
73.8557816
57.7243729
49.9919243
49.9906616
49.9899368
59.2874107
54.5774727
51.590229
51.7384949
50.4265404
50.1826363
80.0863953
80.0849533
80.0837021
81.4126434
80.2754059
80.1541977
80.1415558
88.2722015
113.431671
184.776184
349.816956
431.038025
350.572388
196.864731
112.96875
85.5458221
81.7600861
80.110817
80.1126633
80.1135483
100.7192
93.4672546
84.7496796
80.1132431
80.1123276
81.4178314
80.1412659
80.1096649
80.1081238
80.1067047
100.105637
100.104332
100.102966
139.099106
134.719681
110.79953
100.118958
100.097725
100.096176
100.094894
100.093323
100.091843
100.090118
102.993828
142.466583
157.723236
130.521301
160.63913
237.826523
246.573822
232.207733
226.433731
188.752686
134.599319
105.67971
100.098907
141.742096
657.213074
996.828369
777.212463
385.976746
126.204559
65.5523376
60.5091515
60.1919899
60.1776009
60.1770821
60.1768417
60.176754
60.192421
60.1917
105.823914
92.9216843
70.1616745
60.1702919
60.2258415
60.1729736
74.7134476
67.6863098
62.4778824
60.1581421
60.1557198
60.1532021
95.218811
82.4142151
66.9589157
62.0635834
231.333374
191.051819
102.010117
61.7305489
141.526062
280.408813
273.929962
291.172211
186.954742
100.088348
70.1634979
70.1674194
70.184639
70.1698532
70.1699677
70.1696548
70.1693649
70.1686783
70.1680603
71.1906281
71.2211761
70.4809265
94.5574265
88.2716217
75.3660507
70.1590576
70.1735535
70.1555786
70.1537704
70.15168
70.1498184
70.1642609
70.1455841
70.1436081
70.1414566
51.153389
51.5902328
50.5060234
50.133358
50.1314087
62.8824615
59.3172913
53.0812111
53.6561508
52.8400574
50.7730713
62.8323326
134.908051
155.382019
100.913048
60.2337952
50.1095619
50.1081467
51.9300423
82.1329346
81.2798386
63.0423737
58.2183304
55.1379013
51.384903
50.0954857
89.4386978
80.1320343
166.731262
130.025696
74.5800629
40.797039
40.1849709
40.1841049
40.1831284
40.1820946
40.1809616
40.1793938
40.1782875
40.1769791
76.5355759
68.0314865
49.1327896
40.8806915
50.1278381
184.094589
189.923416
102.32476
49.4608727
40.4934731
40.1727066
40.2301369
40.4608231
40.3295822
40.6656036
40.7154541
40.4187737
40.173027
40.1723022
40.1716232
40.1706619
40.1695671
40.1687317
40.1676941
40.9681015
42.1623077
41.5812416
40.2970619
40.1621475
53.8447037
72.545433
67.2021332
50.3752327
41.2667007
40.1558609
40.1547318
40.153656
40.1526642
40.1516075
40.1505318
40.1497955
40.1486778
43.9111557
45.6237335
42.8970222
40.3795013
40.144371
40.3098106
42.0736122
42.1678658
40.3408813
40.1322975
16637.2598
100.136986
123.093948
168.09082
146.982086
112.249199
100.08046
100.076195
100.075516
100.061798
102.306587
101.008034
100.381287
100.022713
100.014122
100.004669
100.762672
100.203781
100.09185
99.9862595
99.9813843
99.9680862
99.9282684
99.9154892
109.128235
104.352386
101.193047
99.8447342
99.8612747
99.8507614
49.8727684
49.9228745
49.9155769
50.5733795
55.9390144
57.7065887
70.674118
78.0058823
113.097885
90.0443115
60.9448013
49.7786865
49.7701149
49.7637024
49.7575836
49.7519455
49.747364
49.78479
49.7834396
49.7392998
49.77174
49.7690086
49.7274208
49.7231178
49.7591896
49.7945175
49.7577438
49.7207375
49.720623
53.7388954
50.9664459
50.1578369
61.0398254
114.554764
143.530884
97.7931976
60.4290733
49.8669777
49.8432121
49.8435135
49.848732
49.8281326
49.8306961
49.8379593
49.8649635
49.8734093
49.8633919
49.8709297
49.8803406
49.8901825
49.9003258
49.9106331
49.9210434
49.9411392
49.9585342
49.9583664
49.9598999
50.8521881
50.1185875
50.0555916
49.9924583
49.9994392
49.9975243
50.0220528
50.0276375
50.0176926
50.0491791
50.0525284
50.0553055
50.0559769
50.0559387
50.0558167
50.0556641
50.0556259
50.0555077
50.0553513
50.0551987
50.0551567
50.0550385
50.0548859
50.0548477
50.0545921
50.0541611
50.0540657
50.0539474
50.0539131
50.0536385
50.0535965
50.0534401
50.0532837
49.9398651
49.9401245
49.9403915
49.9406281
49.9407806
49.9408379
49.9407806
49.9404793
49.9396477
49.9385376
49.9387321
49.9389839
49.9389648
49.9391785
49.9394379
49.9396935
49.9399529
49.9400253
49.9402237
49.9404793
49.9409142
49.9418678
65.6147614
61.9077721
53.917038
50.2086868
49.9451942
49.967514
49.9939232
49.9447289
49.9449615
25.7621193
81.1663742
83.7559586
80.0512543
80.0509415
80.0506287
80.1286469
80.0501556
80.0496902
80.0493774
80.0490646
80.0487518
80.048439
80.0481262
80.0476608
80.047348
80.0470352
80.0467224
80.0464096
80.3042908
80.0483856
80.0454712
80.0449982
80.4921875
91.4983597
90.9972534
84.3618622
80.5086899
152.543655
148.011505
121.141014
100.042183
100.04187
101.577621
101.951752
100.586105
100.040619
100.040306
100.062721
100.046898
100.039215
100.038902
102.646545
164.332092
220.886765
156.5112
97.7147675
59.0146294
100.037094
100.036865
56.7635269
113.899788
128.498032
86.420723
55.6399422
50.0415993
55.3881798
56.1839142
51.839798
50.0356178
50.0354614
59.9487228
71.4390945
88.4218292
167.458984
231.755981
175.101044
148.734009
249.453735
341.247284
238.977051
106.862091
62.4627151
60.0110931
70.7389908
94.9148178
93.1091461
99.131279
82.3590698
66.2517853
153.77774
188.899948
123.021431
71.4513397
60.093853
97.7605286
142.752686
197.298187
301.363708
292.451813
162.162018
18.5404587
120.561394
118.455994
109.834213
124.363235
119.087166
105.456436
100.191711
100.121284
102.923882
107.071777
111.71579
181.405579
178.144501
274.527161
242.549377
197.96553
232.576447
307.211365
220.467819
129.297821
100.139977
100.160332
100.147141
164.769501
168.280151
267.456116
313.141418
279.024353
177.360275
117.10508
233.794189
250.830841
169.431061
113.856598
101.715729
101.613976
100.873878
100.610138
100.264908
100.169113
132.56427
217.649643
212.679016
390.532898
283.768127
150.740082
103.587662
104.571983
175.730804
198.214462
153.758453
124.673904
110.545975
144.504791
139.500885
115.037323
104.31559
103.314789
101.804871
123.264587
117.788048
119.125366
131.071991
96.9512558
59.237999
43.8695946
40.3469048
151.95163
151.405792
108.53598
66.7063675
47.6349525
43.8463898
45.7150917
43.3420982
41.1183357
41.2408104
41.5243301
64.2529221
60.7630081
47.1666145
44.3130112
95.7405396
87.2831879
53.9857826
40.2646484
45.5630112
106.295319
104.63546
63.9230652
50.8080635
108.062836
109.986626
105.845657
149.096069
188.394241
166.408508
145.641953
160.046417
315.742493
350.480713
270.674316
220.096039
159.359695
112.414398
100.345375
100.774841
103.680969
103.806183
100.608971
100.592735
100.369469
100.265511
100.265633
101.213379
131.623703
128.720093
118.704323
158.423004
144.711929
154.374649
