0.0
0.0
0.0
0.0
0.0
0.0
0.0
0.0
0.0
0.0
0.0
0.0
0.0
0.0
0.0
0.0
0.0
0.0
0.0
0.0
0.0
0.0
0.0
0.0
0.0
0.0
0.0
0.0
0.0
0.0
0.0
0.0
0.0
0.0
0.0
0.0
0.0
0.0
0.0
0.0
0.0
0.0
0.0
0.0
0.000231849495
0.00486089569
0.00624728017
0.00624728017
0.00614768732
0.0060912678
0.00595406117
0.00593525451
0.00593525451
0.00593525451
0.00593525451
0.00593525451
0.00593525451
0.00593525451
0.00593525451
0.00593525451
0.0
0.0
0.0
0.0
0.0
0.0
0.0
0.0
0.0
0.0
0.0
0.0
0.0
0.0
0.0
0.0
0.0
0.0
0.0
0.0
0.0
0.0
0.0
0.0
0.0
0.0
0.0
0.0
0.0
0.0
0.0
0.00515383761
0.00515383761
0.27223739
40.8167725
65.2860184
82.9976044
54.9363251
18.9798298
10.0025015
3.27380753
0.00515374914
0.00515383761
0.00529134087
0.00531018851
0.00531018851
0.00531018851
0.00531018851
0.00531018851
4.1186552
12.8274202
8.73171425
2.6612184
0.00531018898
0.00531018851
0.00531018851
0.00517268479
0.00515383761
0.00515383761
1.93579626
1.3807106
0.610241234
0.295370191
0.0894451067
0.00515383761
14.4509897
12.4252415
6.84937286
0.00515383808
0.00505424431
0.0138777941
0.00781881716
0.00499782432
0.00499782432
0.00499782432
0.00499782432
0.00499782432
0.303194135
0.651218355
0.189359114
0.121755704
0.420450598
0.126657829
0.308532357
0.653026342
0.97816503
1.12947893
2.7609005
2.86408234
11.3788004
11.3714809
3.47488117
0.0
0.0
35.8995094
40.6428146
24.2596779
26.7445221
12.8066845
9.40371323
17.6113453
47.397934
33.3657074
24.6667633
12.7096586
9.46448994
0.0957194045
0.0
0.0
0.0
38.2397537
131.522949
143.347412
59.1351662
10.6744261
30206.5312
140.409653
114.255798
101.179871
99.9295273
99.9305725
99.9318161
100.05278
100.188622
100.784904
104.815819
108.785133
116.839958
152.165268
138.571579
110.473877
99.9333725
99.9338379
99.9343338
99.9346085
99.9346466
99.9351807
99.9521408
100.009956
106.708229
105.759171
101.552704
100.30571
166.806061
205.468842
194.247681
167.061691
148.848022
133.797958
118.043274
105.722321
101.15551
100.310303
100.020409
100.63517
101.028702
100.228096
99.950325
99.9507904
99.9514923
111.671616
152.300171
184.812714
161.57988
243.691956
240.830292
196.738663
176.543671
150.115875
117.316246
110.157455
108.493546
103.199448
100.433472
100.197166
100.134712
119.553146
119.509377
105.531296
101.273796
101.879211
100.511604
100.049568
100.030632
100.126717
40.1264381
42.4622307
42.0764236
49.1569519
50.373455
46.4520493
59.3651428
121.607414
238.816498
234.573364
124.596085
54.1326904
146.802536
179.132355
115.427689
60.6583023
56.425087
52.4002342
44.0848846
40.2080956
40.2113876
40.2136421
40.214859
42.9193954
164.010162
181.576965
98.7203751
54.2629776
46.2542038
42.1602783
100.243111
100.24588
100.247765
100.249016
100.250008
99.2552261
77.560379
73.7373962
49.5949898
61.4638557
65.6236038
59.366642
49.0459366
41.815834
130.497787
124.461311
65.5214081
42.4480934
41.2311554
40.3456726
40.2692871
123.694733
201.115112
139.338654
121.448845
170.075623
150.007111
106.836121
106.511391
100.841843
100.371803
100.350151
100.331802
100.329575
100.32457
102.897789
115.248474
228.70401
256.52771
170.04364
113.00013
100.32827
100.307426
100.298164
100.281532
100.274719
217.418945
190.9608
129.397018
291.549805
302.428558
176.949265
109.942368
100.216637
100.227516
100.221504
115.857422
188.006866
161.039444
116.720413
100.193901
50.2413216
50.207016
53.9283257
85.4562225
187.434418
183.735657
97.5276184
261.725677
192.605103
91.5531693
50.1299438
50.1655617
113.31636
150.394135
183.224579
128.323837
258.121094
385.72699
408.490662
372.431335
234.479446
100.858955
55.4110146
50.1219749
50.1244888
50.1640587
50.2046509
50.1742935
50.1416893
50.1759186
102.47419
179.869492
204.327789
146.943665
189.259949
170.77005
124.320374
102.442352
126.933792
113.362671
108.216629
101.404739
100.784271
101.022911
100.307098
100.294022
50.2905579
50.2940369
50.2971992
50.2994881
50.301281
50.3008308
50.300827
50.3006134
50.3016281
50.6786499
50.3102722
50.3032761
50.3038292
50.3017426
50.2993584
50.2556229
50.280407
50.2658043
50.2730217
50.297657
50.7278481
51.21101
50.440937
50.3699265
50.2940826
53.6411285
51.7172966
53.6482468
51.5556602
50.6586761
51.6610756
51.7339668
50.6449966
50.4057159
50.280571
50.2790337
50.2775879
50.2758865
50.2743111
50.2727776
50.2708321
52.9777145
51.4754524
50.7292862
50.1904602
50.1528549
50.1514206
50.1496506
50.1479607
50.146225
50.1444244
50.1427116
50.1409187
51.4503593
50.872982
51.0284576
50.1761818
50.1473618
50.1298218
56.938839
73.1480637
63.567028
54.3133011
50.1396523
96.1393127
139.305298
101.033356
63.246891
50.108139
51.5624962
51.6245689
53.3648758
51.1979408
51.3793869
50.2249565
80.2017136
80.5301514
80.1906433
80.1878891
80.1849899
80.1819077
80.1788635
80.1756744
80.1723938
80.1692505
80.1659927
80.1630859
80.1601486
80.157402
80.1545258
80.1515656
80.1487198
87.040451
135.710403
149.636658
115.419022
129.177841
340.244751
307.932037
270.75705
183.864822
112.380882
81.1555634
80.158371
80.1616211
100.280563
100.607513
100.298325
100.164818
100.164146
100.400024
100.97821
100.461403
100.178505
97.9430618
50.157692
50.1561203
50.1972389
51.4898148
187.539917
357.955109
412.155212
489.375854
623.669556
476.416656
277.817047
170.711975
121.732986
114.621948
198.304382
248.153687
192.79863
126.725388
103.086403
101.898727
100.797241
60.3479462
60.3638878
115.522171
105.521149
74.1712036
60.361927
148.800659
278.602814
204.860107
97.625206
60.4379578
60.3522453
60.3682899
60.3682632
60.3680878
60.3678474
96.2060699
249.282257
451.878113
361.240631
194.488113
103.917213
103.287018
361.519714
420.816071
240.728241
156.547852
103.600639
73.4473648
60.3662186
70.3660812
70.3660202
70.3659515
70.3658829
70.3658066
70.3657227
70.3656311
70.3655396
70.3654404
70.3653336
70.3652267
70.3652878
70.3806992
70.3649139
70.3647308
70.3646545
70.3801651
76.1688538
74.7977371
71.4999847
70.3617401
70.3605957
171.286011
192.575729
127.708168
80.7516022
73.8325043
92.30896
108.585938
91.417366
75.766655
51.2804375
50.6665421
50.4370918
50.3811798
50.344223
50.3426094
50.3409004
50.339344
50.4588699
50.9422531
51.1137619
50.5181007
106.165359
90.5376663
62.1410027
50.8171959
53.2286415
184.622711
186.724686
107.345963
58.622654
50.3167877
50.3171234
54.7533531
54.210331
51.3032722
50.3153954
51.3903313
51.8783569
52.4192696
67.8535767
51.1939507
88.5804596
85.1508942
350.293457
270.220001
294.049042
285.097229
223.868988
160.299026
92.3580093
59.0807571
398.904083
694.122192
433.624084
130.201996
40.4482422
40.4482422
40.4482422
40.4482422
40.4482422
40.4482422
40.4482422
47.908165
129.891907
337.2164
342.542603
423.651733
453.961212
299.530334
156.571182
591.692993
690.04126
387.648254
159.638
183.747574
445.346497
419.717438
208.324738
162.424866
152.452042
113.615067
100.448242
100.448242
100.448242
100.448242
100.448242
100.448242
100.448242
100.448242
100.448242
100.448242
100.448242
122.091652
144.012115
126.714539
105.301384
100.448242
100.448242
100.448242
103.083954
107.198486
102.538734
101.134598
102.652115
102.081017
100.978912
100.486084
100.40847
100.39872
116.169785
108.77829
102.94558
100.851189
100.401237
342.105072
339.182983
172.737808
111.760895
105.73526
102.076492
100.30793
100.302429
100.291641
105.296913
102.991882
101.261147
100.230415
100.191559
100.175392
100.165138
113.862442
56.3716698
52.1462822
50.2483406
50.241993
50.2037888
50.1660118
50.1578484
50.1517181
50.1462059
51.322979
121.383011
108.45063
67.6612625
50.1740456
50.1604691
50.1565552
50.11866
50.1159019
50.1144829
50.1132393
50.112072
50.1109085
50.1096458
50.1085014
50.1072159
50.1063309
50.1049423
50.1041489
50.1035233
83.992691
123.402695
107.970383
100.352394
100.153435
100.151596
100.177284
126.843338
117.337418
105.531235
100.173492
100.151474
100.14933
100.148254
100.147293
100.146759
100.14711
100.148026
100.149529
100.151718
100.161621
100.15593
100.153625
100.15168
100.15033
100.149788
101.103165
100.285973
100.220512
50.1496124
50.1507835
50.1524467
50.1402512
50.1473236
50.1561279
50.1664925
50.1507607
50.1779366
50.1795158
50.1785736
50.1776352
50.1763
50.1751747
50.1741943
50.1731415
50.1720695
50.1704636
50.1690979
50.1677704
50.1660881
50.1647263
50.1630173
50.1615028
50.1597176
50.2444229
71.1435013
64.9001312
54.7791634
50.1518173
50.1503105
50.031414
100.029778
100.028091
50.026722
50.0254097
50.0241623
50.0228844
50.0218201
50.0205574
50.0194931
50.0183754
50.0160942
50.0121384
50.0106621
50.0099525
50.0091438
50.0083275
50.00737
50.0064545
50.0058289
50.0053177
50.0058784
50.3212051
50.010273
50.029213
50.0030708
50.0031357
52.679718
52.5414886
50.9642868
50.2155151
50.1137886
80.1124191
80.1111145
80.1098785
80.7070236
80.1204147
80.1061172
80.1050873
80.1038742
80.1027756
80.101532
80.1005554
91.1283569
87.8251495
144.478165
133.480988
96.7211075
80.094017
80.0929413
80.0918503
82.9746094
85.3157501
82.944725
80.8732452
80.0866547
94.034317
92.3242874
10.3113384
78.2545395
82.2406464
80.8505249
55.3281021
55.2615051
55.2810135
54.099884
52.6034966
57.7926598
64.6641464
123.003235
114.89521
147.287399
532.730652
770.846375
470.89267
140.101547
105.079277
105.982788
103.436249
102.648331
100.947838
100.291199
100.291191
100.290245
100.288597
100.286209
100.283043
100.308563
100.437035
58.358345
59.2878876
53.497364
50.3752251
60.1903572
60.1699219
60.7721291
61.7398453
62.6327858
80.5233154
87.1255264
76.6667328
65.2195663
61.0275764
68.7551804
65.6528091
61.8253899
119.57933
141.780121
172.123474
203.063599
207.173553
282.537476
238.18045
150.58139
87.336235
68.4962082
152.983459
369.909637
287.733124
123.519089
65.951889
63.1260948
61.4107132
10.1525078
71.7226181
97.5203552
87.5974731
74.5138779
70.2752457
72.3499298
72.6170654
71.1237717
71.0081711
70.9305267
70.4528046
70.3248749
70.2766342
70.2579651
70.2506485
91.01548
98.9146881
91.7488937
78.6151886
71.7420883
70.3164368
83.7556
86.3036652
78.3961487
71.97892
78.3925858
223.563782
266.023682
173.714005
95.6833267
52.4273567
50.396595
50.2157974
51.751442
52.2675209
50.7437248
50.2125206
50.2106438
50.2087402
50.2066078
56.8619537
55.4351921
51.5355759
50.1972694
50.2125282
52.6978149
52.7244034
59.9979248
98.0139313
135.755981
117.531937
135.790344
154.714417
105.081787
78.6772995
98.0445099
159.01506
143.344879
88.0217133
142.540283
113.563133
58.762043
40.6953621
41.096138
40.9220428
40.5706596
40.3211937
40.3214417
40.321125
40.3201828
40.3193092
79.9225159
201.588516
557.315674
424.205688
236.886505
274.469482
183.728378
77.0608215
40.4145088
40.4189987
40.4218102
40.4235954
40.4248199
301.729706
254.416656
117.357025
57.8625603
48.0314941
70.2477264
70.665596
114.866684
105.104736
103.77034
103.071716
154.987701
143.448364
158.853592
138.261276
109.49678
100.443977
156.588043
252.638672
262.023529
173.642899
112.56974
100.446075
100.446571
100.446922
111.331886
137.805817
124.998322
105.323586
176.703568
263.666809
206.482895
223.783844
239.64386
172.769653
187.771759
162.091858
117.641571
101.22068
100.747787
100.446793
100.437935
115.3647
106.957359
102.261116
165.560471
197.462921
302.030212
241.18811
138.767868
101.172836
100.466469
100.340324
100.339569
100.334869
100.316353
100.304756
100.299507
100.767441
100.314743
100.294991
146.002472
178.147354
141.300095
109.293716
106.651138
103.237694
101.228455
50.2085495
50.1955109
50.1870308
50.1790199
50.1714935
50.164566
50.1911163
134.016937
341.167053
300.018433
130.68367
58.1999435
85.7245331
916.432434
1074.37732
543.456055
137.220505
50.2076378
50.6498222
50.2092743
50.166687
50.120285
50.1180878
50.1195908
50.1216087
50.1241684
50.1272011
50.1307106
50.1346931
50.139267
107.566505
259.034973
555.707825
546.115356
288.31665
131.502396
100.266541
100.247459
101.143112
100.370079
100.323952
100.28257
100.288857
100.296509
100.304047
100.310555
100.316689
100.322098
100.326439
100.329689
100.332092
100.33345
100.341728
100.341499
100.333305
100.333099
100.331604
100.333664
100.332161
100.331306
100.335953
100.289642
50.2956734
50.3230972
50.3276482
50.3150139
59.8709526
53.7452164
51.4917908
53.6753273
51.2740898
55.5305786
59.5478897
63.7530785
64.1698456
66.1087036
56.4640923
51.9559975
50.3175011
50.3161316
53.5734863
51.2950211
50.7318268
50.3100853
50.3087616
50.5577621
50.3054314
56.3194771
52.3950729
56.8846397
109.175819
106.970543
109.08812
121.847763
113.278946
104.133682
115.558586
120.454887
130.592163
115.294136
104.70079
100.173843
102.559158
102.58448
50.815361
50.3127861
50.1629562
51.1337585
50.2368011
50.1770973
50.1765099
56.9366989
52.8743515
51.1886482
51.2990532
89.3443909
108.431473
185.789383
257.339264
245.18277
131.232864
98.3927612
80.4723053
80.2420349
80.2417755
80.2412109
80.2403259
80.2394485
80.9543228
80.2365341
80.2350311
80.2333679
80.2313004
80.2287674
80.2259979
80.2235565
80.2210007
80.2181396
80.2152557
80.2118759
80.2086182
80.2051392
80.201561
151.898407
215.531097
196.281326
141.266785
338.495209
343.766541
270.97287
172.962891
136.841125
105.145882
100.535439
100.782845
100.423439
100.27549
100.276039
101.487877
102.21814
100.920837
100.299721
100.27021
100.268173
100.266144
100.263878
100.261765
100.259132
100.256203
100.252892
100.249832
100.246704
100.243729
103.089691
149.444656
155.931686
148.46051
126.878777
107.289307
141.3638
291.624451
378.871582
227.853302
104.357414
64.1860962
60.6480751
60.1872101
60.4639053
60.6267319
60.343399
66.2286148
105.699745
125.565254
106.154526
74.8899307
62.5655937
60.1677475
60.1655617
60.1629944
60.1601105
60.1574707
60.8191071
60.4171143
60.2300148
60.160305
60.2163544
60.1630592
60.1506462
60.1302299
60.1262207
60.1917801
60.4954948
19157.373
127.592834
117.320152
104.523651
100.124191
149.440491
137.614471
111.352623
100.094704
104.747719
103.754097
101.739731
111.788681
108.673325
102.626503
264.42688
233.83287
555.861328
586.27063
633.088501
400.992523
196.993805
243.550201
209.036713
134.61615
103.879272
102.33609
100.74984
104.913773
104.029785
118.884811
338.635193
546.785217
496.999146
536.345825
580.048523
383.479218
229.205597
100.376831
148.187225
142.999863
113.034378
108.369408
124.810989
117.725494
115.847122
110.749054
103.041214
100.357025
100.356903
100.374237
100.356201
100.355995
126.532753
198.065216
172.740784
119.299385
119.954117
230.54895
560.193726
510.93103
256.748199
119.143639
100.448242
154.014343
198.508224
159.751465
174.681534
205.104233
221.478439
181.571167
127.9702
103.852356
116.308723
122.023239
110.805237
102.300186
100.448242
100.448242
100.448242
100.448242
100.448242
100.448242
100.448242
40.4482422
40.4482422
40.4482422
40.4482422
100.448242
40.4482422
46.2024574
45.9685974
103.102249
100.849106
100.520164
100.448242
100.483719
100.459511
100.448242
100.448242
100.448242
102.007858
103.877884
102.537575
100.635483
100.448242
100.800415
100.56012
100.44812
100.448082
102.24929
103.772766
102.172173
139.146561
138.452927
116.59845
183.587646
258.052826
402.634949
399.501221
231.890976
120.489388
100.448242
100.43988
100.433075
100.434494
100.443672
100.407089
100.417969
100.407021
100.396294
100.403946
175.844437
352.006927
483.969116
392.054657
203.585083
115.904419
100.348999
100.454018
100.334625
100.303703
100.300003
145.135651
251.267639
393.518372
389.298767
245.450287
132.843964
102.997467
100.204308
100.165382
100.181999
55.4256744
53.0249252
148.671371
644.802979
535.890747
197.479385
52.6219444
103.231255
100.241486
100.206345
50.1689796
50.1319313
50.1281013
50.1248856
50.1223106
51.0184784
50.1727982
50.1269569
50.1161194
50.1157494
50.1159019
50.1165428
50.1178055
50.1576271
50.1973877
76.3358459
96.905426
75.8395996
107.222092
50.1970253
100.209534
167.776031
185.361847
136.721603
106.641884
100.232178
121.362869
110.280228
103.415833
100.216232
100.21859
100.221161
100.224174
100.243683
100.236084
100.231064
100.231934
100.233414
100.234497
109.639008
103.118469
101.195442
100.236076
100.235138
100.237114
100.24012
100.234558
100.227005
100.229362
100.239944
100.225349
100.294014
50.2182961
50.2269478
50.2344551
50.238102
50.2404671
50.2392578
54.0680237
51.193573
50.608593
50.2342529
50.2328949
50.2314644
50.2299385
50.2285004
50.2271233
50.2257042
50.2240219
50.2224426
50.2211342
50.2194176
50.2176399
50.2160606
50.2144814
50.2126808
50.2110634
50.2090874
50.2073097
50.2054939
100.092224
105.291161
103.879082
101.366058
100.328812
100.106606
100.080841
100.079399
175.821793
160.22702
118.940292
100.075142
100.073677
100.072159
100.070442
100.068573
100.067162
50.0877686
50.063961
84.2767639
73.9051132
57.7842712
50.056797
50.0547562
50.053299
59.3217087
54.6366577
51.6503029
51.790432
50.485508
50.2406845
80.1439285
80.1417618
80.1396332
81.4608841
80.3295441
80.2077789
80.1946564
88.2995987
113.402939
184.613754
349.39325
430.617584
350.355133
196.870712
113.013725
85.6125488
81.8305435
80.1854095
80.1884613
80.1900864
100.772186
93.5192795
84.8181152
80.1892471
80.1880264
81.4902954
80.215271
80.1828766
80.1804047
80.1781845
100.176186
100.174202
100.172005
139.121262
134.744873
110.8517
100.184845
100.163025
100.160782
100.158463
100.155846
100.152985
100.150146
103.049072
142.467651
157.717346
130.548523
160.6203
237.733093
246.490234
232.139252
226.38678
188.756897
134.646469
105.741493
100.164925
141.768402
656.694092
995.694824
776.247192
385.532379
126.255966
65.7195969
60.6815414
60.3661613
60.3526382
60.3527069
60.3524284
60.3516922
60.3665733
60.3655434
105.948502
93.0611572
70.3173447
60.3401146
60.3941154
60.3401375
74.8630524
67.84272
62.6370087
60.3192863
60.3153191
60.3113098
95.3283997
82.549942
67.1037216
62.2142372
231.200073
191.091858
102.11409
61.8762131
141.545654
280.331512
273.966431
291.238525
187.054596
100.233093
70.3289337
70.3353806
70.3541107
70.3401337
70.3405762
70.3402557
70.3394241
70.3382721
70.337059
71.3561554
71.3874893
70.6481628
94.6704102
88.418541
75.5259476
70.3227463
70.3359756
70.3169327
70.3140182
70.3105316
70.3076935
70.3205185
70.3006287
70.2971802
70.2937241
51.3026962
51.7387466
50.654232
50.2806168
50.2778931
62.9991341
59.4534531
53.2214432
53.7919579
52.9786949
50.9122887
62.9412842
134.854721
155.355957
101.015434
60.3616676
50.2431793
50.2404099
52.0587883
82.1869354
81.3762054
63.1637497
58.3312607
55.2629967
51.5107956
50.2211571
89.4624176
80.2416763
166.531891
130.11409
74.6910172
40.9192963
40.3072662
40.3060303
40.3042336
40.3022575
40.3002281
40.2979279
40.2961159
40.294239
76.6051407
68.1386566
49.2442665
40.9936295
50.2286758
184.025757
189.95813
102.420723
49.5708084
40.6063004
40.2865257
40.3444214
40.5754204
40.4441948
40.7802925
40.8303452
40.5333214
40.2870674
40.2856789
40.2846489
40.2831993
40.2815742
40.2798386
40.2779465
41.076252
42.2683296
41.688694
40.4043236
40.2687721
53.9278603
72.6088867
67.2841415
50.4731026
41.3684921
40.257843
40.2562218
40.2546616
40.2527618
40.2509346
40.2494698
40.2476082
40.246151
44.0028687
45.7166672
42.9918137
40.4744911
40.238678
40.4031944
42.1652679
42.2600441
40.4328423
40.2239418
13871.5039
100.227448
123.138336
168.075607
147.045792
112.330444
100.169029
100.16468
100.163292
100.149429
102.387329
101.09391
100.467567
100.109474
100.100273
100.090607
100.844826
100.288292
100.176575
100.07074
100.065826
100.052048
100.011902
99.998909
109.190132
104.431419
101.2742
99.927002
99.943222
99.9324799
49.9540329
50.0031395
49.9945793
50.6473465
55.9977226
57.7625313
70.7000732
78.0275421
113.047653
90.0847931
61.0049515
49.8453941
49.8358879
49.8280067
49.820446
49.813324
49.8074722
49.8439064
49.8411026
49.7957764
49.8269234
49.8232269
49.7807198
49.7755966
49.8105316
49.8453903
49.8077507
49.7700424
49.7693481
53.7699432
51.0130272
50.2044601
61.045929
114.414261
143.415924
97.8162231
60.4685936
49.9110489
49.8866959
49.8865814
49.8913612
49.8701973
49.8727646
49.8796959
49.9062042
49.9142075
49.9038544
49.91119
49.92033
49.9299812
49.9398537
49.9500961
49.9601593
49.9801636
49.9974327
49.9971352
49.9985275
50.8842392
50.1571007
50.0941772
50.0308685
50.0377693
50.0359306
50.0603409
50.0657654
50.0557671
50.0870819
50.0902214
50.0929642
50.0935097
50.0932159
50.0930061
50.0928497
50.0926971
50.0925369
50.0922623
50.0920677
50.0919113
50.0917587
50.0915985
50.0914459
50.0912895
50.0911293
50.0908203
50.0906639
50.0904655
50.0901909
50.0900002
50.0898438
50.0896873
49.9761162
49.9762383
49.9763489
49.9764481
49.9765663
49.9766235
49.9765663
49.976265
49.9754333
49.9743195
49.9743614
49.9746132
49.974865
49.9749641
49.9752197
49.9753227
49.9755783
49.975811
49.975853
49.9761086
49.976387
49.9774971
65.6213531
61.93964
53.9523468
50.2436829
49.9803543
50.0026741
50.0292015
49.9800453
49.9801178
25.7613373
101.211502
103.790794
100.085938
100.085312
100.084839
100.162392
100.083786
100.083115
100.082649
80.0820312
80.0814056
80.0809402
80.0803146
80.079689
80.079216
80.0785904
80.0779648
80.0774994
80.3339691
80.0790024
80.0759354
80.0753098
80.5207748
91.5149078
91.0238113
84.3912277
80.5379028
152.518158
148.040253
121.169617
100.070457
100.069984
101.604797
101.979416
100.613617
100.067795
100.067329
100.089439
100.073456
100.065605
100.06498
102.671066
164.327393
220.889069
206.526184
147.739929
109.039612
100.061668
100.061234
106.784103
163.889206
178.510056
136.444031
105.663406
100.064934
105.406586
106.206703
101.86277
100.058578
100.058525
59.9718323
71.4483337
88.4181137
167.368652
231.6745
175.101669
148.709061
249.390045
341.21698
238.997208
106.907112
62.5207825
60.0741158
70.8037491
94.9793091
93.1741104
99.1970901
82.4259186
66.3204269
153.840698
188.9543
123.083817
71.5240555
60.1703796
97.8361816
142.804306
197.166931
301.059021
292.344757
162.249146
88.6455841
90.6233444
88.5721054
79.9493713
94.4303894
89.2090759
75.5797958
70.3160629
70.2455902
73.0472183
77.1895981
81.8236847
151.289612
148.22554
244.160767
212.613113
167.922348
202.338379
276.620667
190.583679
99.4424286
70.291069
70.3146133
70.3031235
134.652374
138.332947
237.02478
283.114136
249.04689
147.47995
87.2590485
183.692139
200.725464
119.474129
64.0029297
51.885273
51.7845764
51.0460625
50.7833519
50.4391632
50.3435707
82.6600037
167.523254
162.567352
340.07251
283.507111
150.793823
103.755569
104.738922
175.724091
198.143341
153.802185
124.790962
110.700302
144.568176
139.57782
115.17923
104.484543
103.48745
51.9811745
73.3808823
67.9213181
119.078201
130.979446
96.9576035
59.357193
44.0387077
40.5275764
151.850296
151.2491
108.51252
66.7999039
47.7907295
44.0168343
45.879631
43.512413
41.2957153
41.4182129
41.7005692
64.3689117
60.8711128
47.3209839
44.4808426
95.7593689
87.2988205
54.1147995
40.4438515
45.7269821
106.271706
104.598953
64.019249
50.9541588
83.1367111
73.7042999
65.089325
107.602722
141.537018
117.933952
115.232399
154.353104
301.41745
320.366028
246.787018
219.821381
159.314957
112.547157
100.523811
100.952835
103.853714
103.974319
100.787148
100.77182
70.3367233
56.9545784
52.7294769
52.330864
82.2194824
79.1783905
69.1580353
117.829353
107.369377
109.658813
