0.0
0.0
0.0
0.0
0.0
0.0
0.0
0.0
0.0
0.0
0.0
0.0
0.0
0.0
0.0
0.0
0.0
0.0
0.0
0.0
0.0
0.0
0.0
0.0
0.0
0.0
0.0
0.0
0.0
0.0
0.0
0.0
0.0
0.0
0.0
0.0
0.0
0.0
0.0
0.0
0.0
0.0
0.0
0.0
0.0
0.0
0.0
0.0
0.0
0.0
0.0
0.0
0.0
0.0
0.0
0.0
0.0
0.0
0.0
0.0
0.0
0.0
0.0
0.0
0.0
0.0
0.0
0.0
0.0
0.0
0.0
0.0
0.0
0.0
0.0
0.0
0.0
0.0
0.0
0.0
0.0
0.0
0.0
0.0
0.0
0.0
0.0
0.0
0.0
0.0
0.0
0.0
0.0
0.0544504933
28.6453705
64.5402679
116.484665
91.5811844
34.5642014
9.99697113
6.00534868
0.0
0.0
0.0
4.19192947e-05
0.000191164203
0.000552466372
0.000599982566
0.000873500947
7.67815495
24.9504681
12.9939442
9.41263008
0.00148921134
0.00167054636
0.00173303625
0.00175685843
0.00229625846
0.00190129038
3.94371295
2.84559298
1.25756454
0.5293926
0.167441532
0.00299894554
30.9585571
19.0188713
9.99943352
9.7611227
0.00284772273
0.0235217083
0.00847069267
0.00226411363
0.00226196973
0.00225783
0.00225143856
0.00240776222
0.615305662
1.19375849
0.365841538
0.241845787
0.756869435
0.239800304
0.593387187
1.15476179
1.82992935
1.98888183
5.05137444
5.04991436
21.484787
13.4698706
10.0106792
4.39223957
0.0930874646
78.9964371
105.201965
56.5726624
51.7949753
32.6619682
10.0147839
50.9785881
107.831795
104.585861
35646.3477
150.309219
105.302513
100.38868
100.038124
100.038536
100.039017
177.671143
437.309967
445.253113
236.832657
119.119026
166.982147
168.65773
124.073997
102.079956
100.085617
100.084625
100.082947
100.232468
100.445374
101.349991
107.425407
114.109131
127.392189
191.987823
176.315598
120.941353
100.085083
100.085182
100.084862
100.084297
100.083359
100.083038
100.081856
100.174042
110.974007
110.673798
103.070618
100.6754
227.652557
322.329681
298.908508
232.725128
188.205124
158.241684
130.666443
109.736046
101.951904
100.64418
100.222542
101.090897
101.801819
100.558365
100.112144
100.110855
100.10923
117.257149
186.765915
255.180069
219.338654
363.623535
368.421417
260.93631
211.289108
172.237442
124.649239
113.283218
111.151047
104.326935
100.680885
100.389061
100.280632
126.079575
126.753471
107.768265
101.832596
102.694138
100.819008
100.153671
100.151894
100.150497
40.1480942
43.2489395
42.8676796
52.6972237
55.083622
49.6001701
69.4896698
181.777756
416.607849
404.362305
189.695496
61.9633904
194.405167
243.567963
147.036041
67.6608124
59.4622574
55.5501556
45.0845718
40.1840744
40.1815529
40.1790962
40.1765709
43.3441582
225.064423
261.793365
131.694641
58.8247032
47.8623619
42.6345062
100.187103
100.18541
100.183273
100.180969
100.178802
100.807533
147.452789
146.609177
113.055626
128.367294
136.46048
127.210175
113.016388
102.454659
233.714615
235.425003
140.430161
102.975212
101.412514
100.282913
100.182381
213.849457
336.53598
255.542648
206.039948
265.884247
244.859406
155.555832
107.938362
100.745674
100.271835
100.230209
100.229279
100.228401
100.227303
102.286194
114.496635
253.105896
304.41507
199.551224
118.267075
100.2808
100.266281
100.246979
100.246277
100.245705
222.289597
215.95192
137.799271
308.513092
351.141785
200.426392
112.176338
100.28318
100.283615
100.283287
113.517349
183.849304
163.528961
118.392708
100.287666
50.2864647
50.2833557
53.4278946
82.4824295
201.158447
204.283997
107.773384
289.834045
233.550293
105.814934
50.2818375
50.2792397
110.83252
157.426178
196.437103
140.327286
280.473694
439.924713
463.828491
393.999756
283.13385
146.90303
104.40863
100.311447
100.307983
100.303993
100.30014
100.295883
100.291275
100.287163
101.994225
170.098907
199.698441
145.565201
198.413696
176.167999
125.854126
102.458115
127.400658
113.35347
107.810699
101.357101
100.72818
100.82769
100.224136
100.215805
100.206436
100.201424
100.196495
100.191986
100.187347
100.183281
100.179138
100.175186
100.171608
100.417534
100.165169
100.162056
100.158875
100.155655
100.152611
100.150276
100.14872
100.147758
100.146835
100.145599
100.426758
100.751434
100.308174
100.226997
50.1405067
52.8238754
51.5706329
53.014946
51.441864
50.5875854
51.1722527
51.341877
50.5858231
50.2863388
50.1291428
50.1275787
50.1271553
50.1262321
50.1245842
50.1232529
50.1216087
52.5057526
51.4419327
50.7928352
100.162544
100.113922
100.113144
100.111984
100.111137
100.110107
100.1091
100.108032
100.107231
101.245918
100.802437
50.9124794
50.1640968
50.1242523
50.1023827
56.846447
76.287796
66.4079208
55.2956963
50.1022072
112.966675
192.929337
144.4944
76.0808716
50.1094513
51.5406303
51.765873
53.9321632
52.2668228
51.7067833
50.1588974
80.1161041
80.354248
80.1041031
80.100647
80.0992737
80.0975571
80.0962982
80.0945435
80.0933685
80.0923996
80.0913925
80.0910263
80.0931778
80.0921173
80.0875702
80.0904617
80.0900192
90.1972427
183.704956
227.533401
162.063217
182.797729
711.169067
680.405334
430.909851
244.21994
130.515427
81.4825668
80.1410675
80.1375275
100.283722
100.71624
100.29982
100.12616
100.123085
100.430367
101.230713
100.509026
100.135284
100.110649
100.108139
100.105873
100.15831
101.771606
330.290527
688.708374
749.442871
762.427734
888.391602
634.781555
319.817017
179.956284
124.149513
114.645844
211.296143
278.804443
214.702606
131.94487
103.148643
101.616112
100.619705
60.2117462
60.2079315
121.65596
114.831543
76.6704483
60.1975021
169.924896
359.014893
279.786011
117.19368
60.317234
60.207283
60.2039757
60.2005844
60.1968307
60.1932526
98.8802795
318.758026
613.421265
501.90036
235.816345
106.267899
102.392952
405.974823
476.55719
258.352417
146.994308
96.7343826
70.8996735
60.2428818
100.239807
100.236374
100.233353
100.229866
100.226303
100.222672
100.219368
100.21582
100.212341
100.208778
100.205559
100.202042
100.19912
100.195862
100.192741
100.189468
100.186653
104.965858
104.426285
101.268257
100.174889
100.172157
198.065872
245.513535
148.038605
115.370674
104.054108
124.586029
146.33429
99.4442139
77.7069473
101.436035
100.57164
100.283073
100.187988
100.159782
100.158043
100.156189
100.154213
100.271812
100.849701
101.152176
100.399445
161.788513
158.326035
117.522316
100.887138
103.73011
289.087616
325.454346
198.083267
114.064278
100.162682
100.162071
105.064362
105.157333
101.456017
100.157814
101.399025
102.158173
102.636505
118.538101
54.6093063
94.82061
101.777412
520.719971
491.164703
396.468445
348.907471
259.934723
169.294037
95.7081909
58.0932693
444.456299
768.255005
478.839233
138.264618
40.2451897
40.2441216
40.2421265
40.2400589
40.2374954
40.2344666
40.2319756
45.0174484
107.844711
307.721436
322.843109
383.509399
433.376648
291.037964
225.251358
771.453613
696.091431
590.786743
568.438721
629.192383
565.08667
324.673492
297.21048
330.16748
350.193085
138.873764
100.330269
100.329483
100.328407
100.327339
100.325851
100.324409
100.323097
100.321457
100.319901
100.318306
100.316772
114.759453
129.734055
118.102798
103.567673
100.310509
100.309097
100.307808
102.14772
105.026901
101.728668
100.765572
101.882607
101.455673
100.666817
100.343681
100.29567
100.294502
111.728462
106.268715
102.136986
100.664459
100.306473
346.214661
336.467804
171.776779
109.155853
104.318207
101.573242
100.307274
100.306961
100.306282
103.922127
102.173599
100.966988
100.303917
100.301727
100.301086
100.300217
110.041069
54.5394287
51.590168
50.2887573
50.2841644
50.2797928
50.2747574
50.2702446
50.2654457
50.2608643
51.0867882
114.550079
103.266273
66.0754929
50.2408333
50.2370529
50.2328377
50.2284279
50.2244873
50.2197876
50.2159767
50.211834
50.2075577
50.2031517
50.1993179
50.1954041
50.1911736
50.1871605
50.1832352
50.1794281
85.9363708
126.351456
108.971626
100.409859
100.158585
100.154053
100.150215
131.631271
122.378052
107.032768
100.136826
100.133766
100.130844
100.128334
100.125755
100.123589
100.121574
100.119492
100.117828
100.116096
100.114265
100.112732
100.111465
100.1101
100.109062
100.107765
100.868149
100.299126
100.214363
100.103859
100.102783
100.101967
100.09687
50.0962181
50.095665
50.0948563
50.0948105
50.0942039
50.0927353
50.0921555
50.0915909
50.0909309
50.0899429
50.0893593
50.0886421
50.0880241
50.0870476
50.0861435
50.0855255
50.084877
50.0841751
50.0837517
50.0831337
50.0825043
50.1643066
73.4719772
67.4891586
55.7567558
50.0826263
50.0822945
50.0784645
100.078232
50.0780945
50.0779152
50.0778122
50.0776291
50.0776443
50.0775032
50.077404
50.0772171
50.0771141
50.0767441
50.0764389
50.0762177
50.0760384
50.0758591
50.0758286
50.0756416
50.0754433
50.075489
50.0751343
50.0750542
50.4160156
50.0854073
50.077137
50.076931
50.0741119
53.0213928
52.8972092
51.1191978
50.3139076
50.0737724
80.0730667
80.0723419
80.0716553
80.8140717
80.0921097
80.0690384
80.067955
80.0715027
80.0707474
80.067749
80.0671463
92.0914841
87.6480255
182.712265
160.127167
105.799423
80.0715408
80.0712738
80.0709229
85.2005463
89.8390045
85.7481003
81.6485901
80.0732498
107.108353
105.271515
89.9904099
87.5810165
84.8202744
10.0354719
102.576935
60.6395645
61.0295181
58.450634
55.4740791
66.3757019
81.7446747
235.620773
219.462555
283.109375
1199.56628
1538.27979
832.028687
237.181366
105.701973
106.863876
103.87883
103.018845
100.941727
100.137138
100.133957
100.130379
100.12693
100.123199
100.119339
100.151993
100.314445
110.13797
111.627594
104.256783
100.342728
60.0993004
60.0959206
60.8696327
62.1555748
63.3722115
88.2645874
99.1995392
85.1024017
68.0401154
61.4820976
73.8612823
69.028511
62.8526039
169.041824
210.570099
269.433289
321.354248
312.28595
412.362427
343.986206
189.064728
94.8720474
70.5576706
177.92247
514.575684
436.917236
165.614395
66.6554718
63.5208702
61.4951668
70.3007889
81.9781189
101.102814
92.5703278
75.6590118
70.1552353
72.8473053
73.2153931
71.2768936
71.1007309
71.0025406
70.3932877
70.2042007
70.1628647
70.1401443
70.1322708
92.8446198
107.207611
99.9309998
82.6846466
72.4023666
70.2242661
86.6329041
93.6498795
82.8596725
72.8677216
80.652977
302.758118
405.993164
260.283142
114.383316
103.485298
100.421295
100.14756
102.013222
102.839569
100.848259
100.141609
100.139885
100.138206
100.13623
106.878654
107.096947
101.932556
100.130402
100.129242
102.938957
103.574356
110.542137
155.270294
166.419968
155.799683
216.914566
247.11882
190.124283
137.248642
153.674408
226.313431
226.441101
155.489594
194.421921
188.527283
66.4776382
40.6634865
41.10009
40.9172707
40.4901047
40.173233
40.1703796
40.1672363
40.1642876
40.1613579
81.7504044
259.643951
844.932007
743.194519
321.128235
280.21283
223.583344
89.2500458
40.2200279
40.2193146
40.2174683
40.2152443
40.2133141
320.915375
320.979218
137.246811
54.6812897
46.7323074
63.7571945
65.5549469
112.990227
103.630486
102.897125
101.996056
144.033127
141.876572
151.273499
138.762817
110.258759
100.222153
147.119751
247.682587
269.648254
180.947418
114.332954
100.238754
100.238434
100.237419
107.429222
128.503983
121.46608
104.965675
163.804962
253.370544
208.462219
212.9758
225.884445
165.958328
172.637436
150.918396
116.161797
100.940849
100.557106
100.265472
100.265099
111.634354
105.349937
101.83181
152.105255
182.385651
297.99942
236.801224
139.382065
101.005814
100.385979
100.278336
100.277878
100.277596
100.277039
100.276497
100.27578
100.629601
100.274353
100.273705
134.209747
161.67865
133.566696
107.945801
105.486282
102.620346
101.06675
50.2710419
50.2672997
50.2633591
50.2587891
50.2544632
50.2500954
50.2460518
123.123795
388.725281
352.411743
148.969788
58.8221321
82.373642
1067.0083
1265.13367
554.103638
116.159737
50.2791252
50.653286
50.2730942
50.2693443
50.2648621
50.2604942
50.2562294
50.2521706
50.2476082
50.243557
50.2392502
50.2350349
50.2309303
105.606621
252.119644
630.508118
617.263794
303.422852
129.221695
100.236336
100.231247
100.93792
100.261681
100.238541
100.210106
100.204788
100.199768
100.194511
100.18959
100.185081
100.180595
100.176437
100.172379
100.168442
100.164673
100.161507
100.15844
100.155548
100.152267
100.149269
100.147133
100.144699
100.142578
100.140266
100.13813
100.136833
100.135857
100.13414
100.133888
108.05352
103.611389
101.301994
102.783676
101.159187
104.657539
108.898888
113.850098
64.9661407
67.851181
57.8914871
102.242836
50.1224937
50.1217575
53.1283035
51.545269
50.7314758
50.1182518
50.1174889
50.3059959
50.1162224
56.3936615
53.1945992
57.8179893
111.124405
108.84861
111.367821
129.212204
118.36718
105.660637
120.691826
129.366653
145.762268
124.830467
107.33992
100.112076
102.496201
102.971046
101.178833
100.345108
100.10894
100.952194
100.199188
100.136421
100.106476
108.295021
104.893669
101.829964
101.129669
157.107086
195.718307
355.319458
493.9328
446.243835
247.729752
130.078857
100.453026
100.146637
100.144691
100.142014
100.13929
100.136879
100.610313
100.13166
100.129089
100.12674
100.124077
100.121239
100.118118
100.114983
100.112099
80.1094208
80.1068878
80.1041412
80.1018143
80.0997467
80.0978165
177.836349
308.928497
291.843903
188.311325
527.111206
589.552979
383.877747
223.19223
150.15184
106.573387
100.471443
100.758095
100.324173
100.150703
100.147614
101.541458
102.513458
100.889801
100.164345
100.13308
100.130188
100.127266
100.124702
100.122017
100.119621
100.116737
100.114342
100.111687
100.109192
100.106682
103.396263
164.638031
183.028381
176.468048
146.847504
112.358078
167.972794
472.318726
620.615601
351.069855
128.901794
65.3706665
60.717762
60.1440773
60.4781914
60.6730804
60.3191566
67.2324371
115.970619
148.012543
125.149223
82.1288147
63.6992569
60.1247063
60.1216621
60.1188354
60.1157646
60.112854
60.9637413
60.4514618
60.210247
60.1035538
60.1793747
60.110878
60.0992889
60.0979462
60.0964699
60.1669807
60.5755997
83.5642853
106.361458
96.203476
76.7552109
70.1235275
141.680908
137.406097
89.8871155
70.0954285
77.201355
76.8404465
72.9976578
87.2110519
86.0761108
74.7446671
375.166138
390.083435
854.950928
950.915894
847.3302
542.668518
237.239899
272.504822
245.610413
146.003433
104.273117
102.577156
100.703438
105.059875
104.576241
119.369926
411.0802
722.333984
647.830139
600.116211
388.730133
175.049744
100.257721
100.25666
138.593903
134.23439
110.393501
106.597328
120.042419
114.381523
112.937454
108.783081
102.47171
100.241928
100.239685
100.237709
100.235306
100.232895
122.107773
190.835785
170.284286
118.925285
118.698563
238.472412
630.438843
587.843018
272.359741
56.1658592
100.264137
140.253326
176.924805
148.679916
160.385361
186.208969
202.240891
167.816101
123.026993
103.010994
111.8283
116.02977
107.964867
101.659897
100.259491
40.2566223
40.2537346
40.250843
100.247719
40.2446136
40.2417068
40.2387581
40.2359276
40.2328835
100.230164
40.2272224
40.2246284
44.5812569
44.5568428
102.334709
100.527512
100.267906
100.210236
100.235527
100.214249
100.203133
100.200653
100.198059
101.46125
103.114616
102.051598
100.360359
100.187332
100.491905
100.280869
100.181427
100.179794
101.800346
103.308403
101.854866
139.199738
139.47847
117.145172
205.625259
314.279053
536.122314
515.832153
270.691589
123.294609
100.223434
100.223396
100.222824
100.222481
100.221313
100.220009
100.219002
100.217735
100.216537
100.215424
165.917191
360.615051
494.078186
385.405334
195.679657
113.203644
100.263954
100.332542
100.264282
100.263931
100.263176
129.119156
208.99646
325.350708
329.776611
209.447388
122.597839
101.898148
100.293114
100.292007
100.292862
54.0871048
52.1502113
124.343643
620.567139
521.547424
193.313614
51.7441521
102.632263
100.311821
100.295456
100.280312
100.275841
100.271446
50.2669334
50.2626762
50.9016533
50.2541695
50.2495346
50.2450752
50.2406654
50.2365494
50.2319794
50.2277679
50.2238731
50.2197571
70.6456528
89.5645218
70.263176
56.0391197
100.200485
100.196571
170.657623
192.637009
140.534012
107.706703
100.178261
124.644943
112.119553
103.880615
100.163727
100.160187
100.156853
100.153587
100.150597
100.147842
100.145111
100.142654
100.140038
100.137787
109.685966
104.15155
101.443169
100.13018
100.1287
100.127205
100.125504
100.124153
100.12262
100.121307
100.120201
100.119225
100.169579
50.1145287
50.1136436
50.1129723
50.1120148
50.1112556
50.1105995
53.4791794
51.4909592
50.6462517
50.1072845
50.1065369
50.1057625
50.1052666
50.1042633
50.1036453
50.1027641
50.1018486
50.1008873
50.1001472
50.0997581
50.098877
50.0979424
50.0973053
50.0965118
50.0955429
50.0949554
50.0943069
50.093586
100.091614
105.366631
104.334503
101.709518
100.377197
100.092674
100.091927
100.088722
210.8367
189.918365
128.872208
100.091782
100.091721
100.091736
100.091507
100.090866
100.090576
100.09111
100.091324
156.050827
146.638535
115.221588
100.093246
100.093079
100.092926
114.354477
109.781631
103.511635
102.065201
101.078156
50.5318184
80.092659
80.0932922
80.0931778
81.504425
80.4589691
80.2288132
80.1450195
92.7456284
140.770447
310.569336
714.249146
838.095276
572.617371
261.74588
122.979111
86.9191666
81.8911209
80.1565323
80.1533508
80.1497955
101.492844
97.0658493
86.0029297
80.1352844
80.1309967
81.2123947
80.16465
80.1205292
80.1172485
80.1140518
100.110947
100.108238
100.106018
151.174622
152.340179
116.006134
100.13089
100.098457
100.097191
100.095947
100.094475
100.093384
100.091797
104.394249
169.458679
205.433441
159.177383
215.115997
373.61087
383.277985
325.330688
296.106781
232.317123
149.89534
107.839287
100.148781
153.260437
1096.37122
1561.80493
1054.60999
439.574158
130.67244
65.6504593
60.5745354
60.2038193
60.2003822
60.1959763
60.1919441
60.1874809
60.1836052
60.1794357
107.058472
99.8021774
72.1428986
60.1645126
60.218586
60.1652412
76.3012466
70.6284866
63.3522987
60.1419373
60.1379547
60.133976
100.361359
92.0243607
69.7946396
63.133297
316.625427
303.698883
137.930298
62.7155609
179.941833
386.591614
415.178192
403.962646
267.402161
142.687149
100.175034
100.173279
100.171471
100.169037
100.166458
100.163551
100.160957
100.158241
100.155464
101.293106
101.379288
100.536102
125.607521
122.92868
106.712448
100.14006
100.13829
100.136368
100.134506
100.132668
100.130852
100.129547
100.127647
100.12632
100.124756
101.432274
102.024826
100.612656
100.119904
100.118896
113.593483
112.809639
104.199837
104.456154
104.065895
101.065453
114.429611
213.635193
274.796356
199.160629
120.752502
100.126457
100.126968
102.681168
142.605423
149.111923
121.872421
111.660454
108.068192
102.183151
100.128586
152.096985
149.282166
280.403809
247.824478
146.450424
41.1130028
40.1459122
40.143837
40.1417084
40.1389542
40.1360207
40.1332893
40.1311302
40.1287079
81.9400787
81.4523544
53.9059715
41.2076378
51.8774071
261.766571
303.824341
152.534821
55.4001122
40.5822372
40.1400528
40.2095032
40.498539
40.3309746
40.7509995
40.8188744
40.4414177
40.1270866
40.1250153
40.1229858
40.1210938
100.119125
100.116982
100.115005
101.144417
102.724174
101.978058
100.284073
100.106445
116.605156
143.704361
140.364105
116.28727
101.933472
100.10289
100.102196
100.101143
100.100082
100.099495
100.098434
100.097626
100.096817
105.155205
108.207344
104.284225
100.454025
100.093521
100.335258
102.935669
43.1393356
40.3971291
40.0902901
100.090019
100.089195
132.730682
213.368896
185.161514
122.790382
100.099976
100.100471
100.100594
100.09906
102.946251
101.616829
50.6762848
10.0584154
90.1341019
100.09549
100.946869
100.397263
100.252991
10.0581999
90.1317444
100.0942
100.09053
10.0547886
102.911224
107.075012
102.225685
100.087875
100.088631
100.087936
50.0909538
50.090168
50.089592
50.8729515
58.6443787
61.8172798
83.2704697
98.2469177
169.225357
130.692856
73.0484314
50.0968819
50.0969734
50.0964622
50.0960083
50.0951309
50.0946121
50.0938988
50.0934906
50.0924492
50.0922432
50.0912819
50.0903931
50.090004
50.0895805
50.0891151
50.0887833
50.0881882
50.0879021
55.4804115
52.0752525
50.7315216
66.9828339
171.420319
246.46904
162.34787
75.7454529
50.1011429
50.1010094
50.1005592
50.0996819
50.098896
50.0978394
50.0971794
50.0963364
50.0955963
50.0948524
50.0941353
50.0936661
50.0926857
50.0923233
50.0917282
50.0909081
50.0906029
50.0900879
50.0895882
50.0891151
50.912014
50.3223648
50.2204323
50.0875015
50.0872078
50.0849991
50.0846291
50.0803604
50.0829086
50.0827637
50.0793762
50.0790138
50.0787582
50.0783539
50.0783463
50.0777168
50.0773773
50.0772057
10.0426149
40.1113358
50.0765114
50.0763092
50.0759735
50.0758324
50.0755959
50.0752411
50.0751038
50.0747948
50.0746307
50.0743294
50.0741844
50.0738831
50.0737343
100.071869
100.071869
100.071716
100.071609
100.071518
100.071327
100.071274
100.071175
100.070839
100.07061
50.0705719
50.0703697
50.0703125
50.0700951
50.0700188
50.0697823
50.0696907
50.0694275
50.0693016
50.0694313
50.068821
50.0688133
66.8133545
63.2410774
54.549324
50.3793945
50.0745239
50.0707817
50.1085587
50.0738297
50.0705299
100.055313
94.0953827
84.8802032
80.070488
80.0695267
80.0691833
80.1887283
80.0732651
80.067688
80.0671539
80.0667877
80.0662613
80.0658722
80.0653076
80.0648804
80.0642776
80.0638123
80.0635071
80.0629501
80.4504547
80.0728302
80.0638504
80.0612793
80.7011108
93.8483124
92.3258438
84.8561401
80.6245651
215.382935
192.776962
86.2363739
50.0685501
50.0686836
53.1777077
53.869133
51.1788864
50.0673828
50.0673561
50.1148987
50.0808334
50.0659523
50.0654793
55.332943
207.47876
356.76886
314.582794
161.536957
69.377388
50.1017227
50.100174
61.7014809
174.803696
205.133286
171.460129
110.897652
100.115623
108.92083
110.180862
53.0443573
50.0987396
50.0962296
60.0929184
79.8088531
112.136658
292.72876
418.748291
294.323761
209.694824
371.601685
511.710083
342.006958
130.386398
63.1839256
60.16045
73.293335
105.525925
104.067986
113.905014
91.3409653
68.8319626
202.798615
257.38446
157.374649
77.543129
60.2339058
109.875656
177.800415
264.036072
425.619141
407.011108
208.54747
95.0099335
93.173378
93.1368027
82.1258698
98.8066711
95.090271
77.1775055
70.3040237
70.2092896
73.7457886
78.8751602
84.6657257
177.011795
187.637833
320.106842
303.669312
205.068466
232.423798
331.65448
242.233292
112.158287
70.2308578
70.2294235
70.2267227
136.929443
154.228912
274.84668
348.706879
301.766846
172.972641
92.4682846
236.074677
274.690186
186.78299
117.420998
101.703667
101.753601
100.912247
100.709633
100.362366
100.254868
127.973465
219.23114
229.980667
426.976135
351.037445
172.72963
102.957397
104.112236
165.328613
194.341965
154.704987
123.672379
109.977325
138.245758
137.143311
114.986359
103.824364
103.148041
101.623062
119.377884
116.762428
111.315002
129.091293
97.0884705
59.726799
43.9970016
40.3461533
142.488586
157.195053
109.778946
66.512558
47.5818672
43.0508842
44.5963364
42.873642
41.0076218
40.9929962
41.2761841
59.5277405
58.9591751
46.7860222
43.5666542
90.9853973
89.471962
55.2411232
40.2482414
44.6272354
104.739578
110.309502
66.7163696
49.7515182
107.685905
108.831024
105.772545
148.039047
196.202896
176.273315
148.834259
161.702057
352.753357
408.629944
296.55481
223.566788
157.35585
112.072037
100.342743
100.707939
103.095505
102.780167
100.506584
100.534111
100.359291
100.276947
100.275436
100.951935
124.351898
123.44001
115.181694
150.186569
141.150787
150.417801
