0.0
0.0
0.0
0.0
0.0
0.0
0.0
0.0
0.0
0.0
0.0
0.0
0.0
0.0
0.0
0.0
0.0
0.0
0.0
0.0
0.0
0.0
0.0
0.0
0.0
0.0
0.0
0.0
0.0
0.0
0.0
0.0
0.0
0.0
0.0
0.0
0.0
0.0
0.0
0.0
0.0
0.0
0.0
0.0
0.0
0.00329907588
0.00468546059
0.00468546059
0.00468546059
0.00468546059
0.00468546059
0.00468546059
0.00468546059
0.00468546059
0.00468546059
0.00468546059
0.00468546059
0.00468546059
0.00468546059
0.00468546059
0.0
0.0
0.0
0.0
0.0
0.0
0.0
0.0
0.0
0.0
0.0
0.0
0.0
0.0
0.0
0.0
0.0
0.0
0.0
0.0
0.0
0.0
0.0
0.0
0.0
0.0
0.0
0.0
0.0
0.0
0.0
0.00468546059
0.00468546059
0.271769017
40.8163033
65.2856445
82.9972992
54.9360199
18.979517
10.0023451
3.27308369
0.00468537211
0.00468546059
0.00468546059
0.00468546059
0.00468546059
0.00468546059
0.00468546059
0.00468546059
4.11803055
12.8267956
8.73108959
2.66059399
0.00468546059
0.00468546059
0.00468546059
0.00468546059
0.00468546059
0.00468546059
1.93532789
1.38024211
0.609772861
0.294901788
0.0889767334
0.00468546059
14.4505205
12.4250851
6.84859133
0.00468563801
0.00468546059
0.0135654304
0.00750645343
0.00468546059
0.00468546059
0.00468546059
0.00468546059
0.00468546059
0.302881777
0.650905967
0.189046741
0.121443339
0.42013824
0.126345471
0.308219999
0.652714014
0.977852702
1.1291666
2.76058817
2.86377001
11.3784885
11.3711681
3.47456884
0.0
0.0
35.8991966
40.6425056
24.2593651
26.7443657
12.8065281
9.40308857
17.6110325
47.3977776
33.365242
24.6664505
12.7095022
9.46402168
0.0954075754
0.0
0.0
0.0
38.2390289
131.522034
143.346481
59.1343994
10.6737204
30208.1035
140.407806
114.253906
101.177872
99.9270401
99.9278717
99.9289322
100.049599
100.185455
100.7817
104.812378
108.781555
116.836365
152.161758
138.568146
110.470276
99.9299393
99.93013
99.9303513
99.930397
99.9305573
99.9311295
99.948082
100.005898
106.704155
105.754959
101.548485
100.301483
166.802155
205.464798
194.243454
167.057327
148.843323
133.792877
118.037666
105.716385
101.149437
100.303818
100.013557
100.628166
101.021652
100.22094
99.9432449
99.9433517
99.9436951
111.663979
152.29248
184.805191
161.57222
243.68399
240.821594
196.728516
176.532135
150.102463
117.301224
110.140419
108.475456
103.180283
100.413322
100.176567
100.113716
119.531792
119.487434
105.509247
101.251167
101.856514
100.488556
100.026535
100.008087
100.103661
40.1033363
42.4396362
42.0536308
49.1352196
50.3517151
46.4299736
59.3437271
121.589645
238.803726
234.559341
124.576088
54.1080055
146.814148
179.119431
115.402908
60.6258163
56.3962784
52.3644676
44.0478287
40.1705208
40.1730042
40.1747169
40.1759262
42.8814735
164.022385
181.550964
98.6809158
54.2248306
46.2120743
42.1169777
100.198921
100.201172
100.202988
100.204094
100.204773
97.4775467
77.5319977
73.6927109
49.5495834
61.4282379
65.5812225
59.3245087
49.0002708
41.7698822
130.496597
124.417458
65.4753113
42.4006805
41.1830978
40.2972679
40.2203522
123.711235
201.139755
139.298767
121.445404
170.090698
149.984558
105.307579
106.45253
100.78067
100.309044
100.286713
100.267639
100.265457
100.25972
102.836739
115.201065
228.785614
256.597015
170.016754
112.939247
100.260284
100.238983
100.229141
100.211861
100.204781
217.501678
190.960815
129.344025
291.753845
302.591766
176.945236
109.874245
100.139633
100.149727
100.142952
115.804558
188.072632
161.04071
116.661835
100.114441
50.1619492
50.127552
53.8551254
85.4303207
187.567688
183.846573
97.5063858
261.899292
192.694351
91.5233612
50.0492668
50.0846939
113.297188
150.430573
183.292145
128.337509
258.218872
385.981842
408.795349
372.698242
234.618439
100.841614
55.3360825
50.0407524
50.0432739
50.0828438
50.1234283
50.0930786
50.0604706
50.0947037
102.394539
179.860596
204.359558
146.91687
189.272766
170.769165
124.267067
102.364632
126.879936
113.298431
108.146049
101.327675
100.7071
100.946388
100.23069
100.218674
50.215683
50.2205811
50.2247162
50.2283134
50.2310982
50.2323151
50.2335587
50.2347183
50.2370377
50.615593
50.2480011
50.2425041
50.2441483
50.2436905
50.2426758
50.1999283
50.2254715
50.2111015
50.2182388
50.2434387
50.6746635
51.1583939
50.3873062
50.3164635
50.2411575
53.5923004
51.6662521
53.5998764
51.5049515
50.6070328
51.6113548
51.6843491
50.5938683
50.354702
50.2298927
50.2286453
50.2273903
50.2261391
50.2248917
50.2236366
50.2222519
52.9328346
51.4287376
50.6822968
50.1430931
50.1057854
50.1042671
50.1032066
50.1019402
50.1003418
50.0991173
50.0976562
50.0963173
51.4084091
50.8300896
50.9864082
50.1329956
50.1046906
50.0872345
56.9058952
73.1324234
63.5356369
54.276123
50.099453
96.1519547
139.346893
101.022064
63.2159271
50.0699692
51.5274124
51.5896072
53.3333321
51.1620865
51.3452721
50.1894264
80.1666107
80.4964294
80.1563721
80.1541901
80.151886
80.1494217
80.1468048
80.1442413
80.1416473
80.1391144
80.136467
80.1337357
80.1316147
80.1292725
80.1268845
80.1245651
80.1222
87.0231171
135.738907
149.655594
115.411682
129.193787
340.408661
307.982788
270.845581
183.865295
112.361588
81.1282806
80.1299744
80.1329193
100.251366
100.578171
100.268707
100.135612
100.134865
100.371017
100.949203
100.432693
100.149933
50.1307793
50.1291161
50.1282272
50.169754
51.4634094
187.640808
358.125854
412.311707
489.564087
623.854065
476.600342
277.868164
170.716309
121.689301
114.554619
198.254974
248.172287
192.828979
126.68885
103.013718
101.823578
100.720116
60.2698708
60.2856636
115.489761
105.4963
74.1138535
60.2844162
148.792358
278.717529
204.93959
97.5959167
60.35989
60.2735634
60.2894402
60.2896461
60.2895317
60.2891502
96.1761627
249.474747
452.184723
361.484375
194.562042
103.893745
103.263794
361.788757
421.243103
240.927567
156.598297
103.581604
73.3854294
60.2850037
70.2848663
70.2848053
70.2847366
70.284668
70.284584
70.2845078
70.2844162
70.2843246
70.2842255
70.2841187
70.2840118
70.2840729
70.2994843
70.283699
70.2835159
70.2834396
70.2990723
76.0962296
74.7241058
71.420845
70.2808151
70.279953
171.35556
192.672684
127.704208
80.6848526
73.758049
92.262352
108.558304
91.357872
75.6924591
51.2030373
50.5882797
50.3589096
50.3030434
50.2661285
50.2647324
50.2633781
50.2618866
50.3822327
50.8666878
51.0382195
50.4421272
106.182991
90.4978638
62.0747414
50.7429428
53.1583481
184.781952
186.802673
107.310066
58.5535583
50.2427597
50.2432289
54.6868744
54.1382828
51.2296181
50.2415543
51.31884
51.8058395
52.3489227
67.8119125
51.130722
88.5842133
85.1248093
350.689056
270.295868
294.220581
285.270264
224.04512
160.414673
92.3836823
59.0331535
399.303223
695.204041
434.594269
130.39856
40.3670273
40.3670273
40.3670273
40.3670273
40.3670273
40.3670273
40.3670273
47.83004
129.897446
337.491913
342.931671
424.114685
454.537598
299.811676
156.597595
592.144775
690.623901
387.865448
159.586868
183.704346
445.482422
419.855957
208.312485
162.364883
152.395401
113.540428
100.367027
100.367027
100.367027
100.367027
100.367027
100.367027
100.367027
100.367027
100.367027
100.367027
100.367027
122.024582
143.961609
126.65287
105.223869
100.367027
100.367027
100.367027
103.005112
107.122925
102.459236
101.053947
102.572899
102.001328
100.898178
100.40493
100.327255
100.317497
116.105789
108.706497
102.867233
100.770439
100.320038
342.316833
339.402313
172.74762
111.694305
105.660995
101.99752
100.226715
100.221214
100.210426
105.222626
102.91452
101.181305
100.149193
100.110336
100.094177
100.083916
113.802582
56.3001556
52.0680733
50.1671333
50.160778
50.12257
50.0848007
50.0766335
50.070507
50.0649986
51.2436371
121.4161
108.465866
67.6090469
50.0928268
50.079155
50.0752907
50.0374374
50.0347939
50.0334091
50.0321579
50.0311546
50.0306396
50.0298615
50.0290871
50.0285072
50.0278702
50.0275002
50.0276184
50.0278206
83.9695892
123.363022
107.908775
100.280693
100.082748
100.082336
100.109047
126.819672
117.297256
105.475243
100.110664
100.090034
100.089432
100.089684
100.090302
100.091324
100.092758
100.094887
100.097939
100.101387
100.112595
100.108398
100.107498
100.106972
100.10688
100.108002
101.064537
100.246414
100.182602
50.1127663
50.1151695
50.1180649
50.1065636
50.1142082
50.1230431
50.1335297
50.1180687
50.1453934
50.1470222
50.1463165
50.1454582
50.1447792
50.143898
50.1429558
50.1419029
50.1409264
50.1398735
50.1386566
50.1375313
50.1364403
50.1352272
50.1338196
50.1323471
50.1310081
50.2163811
71.1467209
64.8816071
54.7547836
50.124485
50.1231956
50.0047646
100.003334
100.002281
50.0009956
49.9997368
49.9988213
49.9978065
49.9969521
49.9963112
49.9954414
49.9944458
49.9922943
49.9885368
49.9872932
49.9866829
49.9859734
49.9853363
49.9846497
49.9842758
49.9836693
49.9832535
49.9839973
50.3004913
49.9888191
50.0078278
49.9817772
49.9820137
52.6639099
52.5237808
50.9437904
50.1948929
50.0935364
80.0926437
80.0914459
80.0904541
80.6893311
80.1012039
80.0873337
80.0861816
80.0854034
80.084465
80.0835266
80.0825958
91.1242676
87.8078842
144.520111
133.463913
96.7040939
80.0772858
80.0763626
80.0754089
82.9619522
85.303688
82.9287949
80.857666
80.0713501
94.0323792
92.312233
84.7507553
13.3716335
72.64505
80.8363113
105.317757
105.247757
105.269615
104.086288
52.590332
57.7835999
64.6558762
123.027481
114.882507
147.312592
532.872314
770.859619
470.868591
190.063187
105.036453
105.933617
103.386192
102.596359
100.89521
100.238426
100.238503
100.237633
100.236183
100.234161
100.231918
100.257973
100.387321
108.313507
109.239288
103.44944
100.327866
60.1439552
60.1241913
60.7270164
61.6955566
62.5894699
80.4887772
87.0878372
76.626358
65.1788406
60.9877968
68.7187195
65.614357
61.7877731
119.565338
141.754456
172.11261
203.050491
207.153809
282.653931
238.178162
150.571899
87.294014
68.4511261
153.043304
370.159729
287.688446
123.464821
65.8942108
63.0643082
61.3471375
10.116684
71.6428604
97.4788971
87.5328598
74.4491882
70.2104797
72.2860413
72.5532913
71.0599747
70.9447784
70.867897
70.3901672
70.2629623
70.2151871
70.1971741
70.1903763
90.9869003
98.8742447
91.6989136
11.1883383
69.0532074
70.2597961
83.7181091
86.2545547
78.3413544
71.9240723
78.3477554
223.757156
266.138397
173.674088
95.6324615
52.3734016
50.3420296
50.1613388
51.6980667
52.2136192
50.6894379
50.1583557
50.1571198
50.154995
50.153244
56.8190384
55.383976
51.4836273
50.1455193
50.1612892
52.6497726
52.6742706
59.9612656
98.0314941
135.805359
117.527237
135.860764
154.803284
105.045517
78.6579742
98.0604095
159.093384
143.325043
87.9779053
142.539093
113.524429
58.7097015
40.6395226
41.0400238
40.8649139
40.5131531
40.2634315
40.2636833
40.2634277
40.2626419
40.2618217
79.8908234
201.617493
557.531494
424.246521
236.948792
274.692505
183.874603
77.0409546
40.3396111
40.3433151
40.3455658
40.3471222
40.3481712
302.031189
254.693237
117.39785
57.8179016
47.9689636
70.2134781
70.6437531
114.813538
105.031471
103.697128
102.995422
154.996353
135.719086
122.484924
110.960808
85.5369644
74.6674805
130.742737
210.665588
214.881287
144.42392
112.505997
100.365356
100.365707
100.36602
78.9666061
93.5896988
76.9807358
57.0622063
135.503342
224.00769
160.007446
202.562012
239.858002
172.858139
187.837372
162.16011
117.602547
101.140907
100.66729
100.365578
100.35672
115.306267
106.889488
102.18438
165.587097
197.578461
302.3461
241.447372
138.78714
101.093689
100.385582
100.259102
100.258347
100.253654
100.23513
100.223534
100.218285
100.686852
100.233536
100.213776
146.005249
178.232056
141.324295
109.237801
106.581253
103.163719
101.149925
50.1273346
50.1143036
50.1058121
50.0977974
50.0902863
50.0833473
50.1099052
134.087006
341.666412
300.524048
130.808594
58.1394501
85.7074509
917.693176
1076.24573
544.596436
137.369125
50.1264267
50.5687637
50.128067
50.0854797
50.0390625
50.0368767
50.0383759
50.0403938
50.0429573
50.0459824
50.0494919
50.0534782
50.0580521
107.490875
259.075378
555.940552
546.347412
288.36322
131.439102
100.185326
100.166252
101.062378
100.288765
100.24263
100.201492
100.207794
100.215828
100.223793
100.230667
100.237129
100.243286
100.248619
100.2528
100.256493
100.259048
100.268295
100.26947
100.262573
100.263405
100.263084
100.266724
100.266586
100.267151
100.273087
100.227844
50.2344933
50.2622604
50.2672806
50.2548256
59.8194847
53.6873779
51.4326744
53.6194611
51.2154007
55.4766998
59.4972916
63.7059174
64.1231613
66.0638428
56.4099464
51.8994255
50.260025
50.2589073
53.5205421
51.2388992
50.6756096
50.2540894
50.2529411
50.5028458
50.2503586
56.2715454
52.3413658
56.8372459
109.13002
106.922195
109.04319
121.815506
113.23542
104.083733
115.523544
120.421669
130.569382
115.252625
104.652878
100.12339
102.513153
52.5374985
50.7664032
50.2642784
50.1148186
51.0873642
50.189312
50.1300316
50.1298866
56.8998413
52.8295937
51.1438332
51.2567291
89.352272
108.445724
185.906586
257.568878
245.308426
131.215958
98.3551865
80.4289474
80.198349
80.1984024
80.1980057
80.1971817
80.1963425
80.9116669
80.1943283
80.1928787
80.1914749
80.1899261
80.1877594
80.1853333
80.1833115
80.1813507
80.1790848
80.1766281
80.1737518
80.1710205
80.1681671
80.1652985
151.900726
215.567932
196.307358
141.264282
338.594666
343.846954
271.00827
172.956314
136.81424
105.102646
100.487808
100.734619
100.374153
100.226189
100.226311
101.438484
102.170624
100.87233
100.250809
100.221809
100.220161
100.218208
100.216644
100.214874
100.212769
100.210205
100.207687
100.205215
100.202667
100.200089
103.047104
149.414825
155.918213
148.440292
126.851692
107.252777
141.337219
291.650452
378.929565
227.902191
104.339371
64.1430969
60.6030006
60.1413078
60.4179497
60.5804825
60.2972527
66.1838303
105.672325
125.547531
106.12619
74.8480225
62.5204086
60.1226311
60.1209297
60.119091
60.1167374
60.1145325
60.7770615
60.3753471
60.1887627
60.1198387
60.1761703
60.123642
60.1117821
60.0920067
60.0889244
60.1548843
60.4597206
20549.8301
127.579666
117.297882
104.492905
100.090691
149.452255
137.607346
111.328384
100.063042
104.719353
103.725471
101.709755
111.76915
108.649704
102.598793
264.571747
233.897125
556.355408
586.43512
633.159424
400.981903
196.949203
243.595154
209.030518
134.562714
103.814537
102.265259
100.677467
104.849289
103.95993
118.837273
338.883789
547.246826
497.495667
537.185486
580.723755
383.802063
229.350098
100.295616
148.175934
142.990616
112.977127
108.30027
124.765549
117.670868
115.789604
110.683128
102.964058
100.27581
100.275688
100.293022
100.274986
100.274773
126.491768
198.139175
172.781631
119.253532
119.905037
230.697113
560.761536
511.575409
256.976746
119.101631
100.367027
153.990677
198.550537
159.758667
174.687271
205.153381
221.55191
181.602112
127.930603
103.776375
116.242996
121.968765
110.738205
102.221436
100.367027
100.367027
100.367027
100.367027
100.367027
100.367027
100.367027
40.3670273
40.3670273
40.3670273
40.3670273
100.367027
40.3670273
46.127655
45.8951874
103.025009
100.768387
100.439018
100.367027
100.402618
100.378334
100.367027
100.367027
100.367027
101.928658
103.80159
102.459587
100.554573
100.367027
100.719673
100.47905
100.366905
100.366867
102.171036
103.69709
102.094109
139.13324
138.447433
116.550247
183.651428
258.251709
403.064484
399.962738
232.068008
120.449722
100.367027
100.358665
100.351852
100.353279
100.362457
100.325874
100.336754
100.325806
100.315071
100.322731
175.910522
352.438293
484.762848
392.612671
203.737183
115.86161
100.267776
100.372955
100.25341
100.222488
100.218788
145.134598
251.482391
394.081482
389.920715
245.759583
132.861389
102.925293
100.123085
100.084183
100.100777
55.3519592
52.9479446
148.718155
645.561096
536.694763
197.68721
52.5412979
103.151123
100.160263
100.12513
50.0877609
68.3970413
50.0468903
50.0436745
50.0410957
50.9378891
50.0915871
50.045742
50.0349045
50.0345345
50.0346909
50.0353279
50.0365906
50.076416
50.1161728
76.2778091
96.8673706
74.0930176
57.1479034
100.116074
100.128769
167.763336
185.370911
136.679459
106.570061
100.154984
121.307381
110.213493
103.344498
100.143219
100.146683
100.15065
100.154922
100.175507
100.169373
100.165535
100.167625
100.170479
100.17289
109.589249
103.060509
101.138008
100.179367
100.179962
100.182938
100.187561
100.183228
100.177078
100.180672
100.19252
100.179436
100.249016
50.1740837
50.1831245
50.1908379
50.1945229
50.1968918
50.1961479
54.0308418
51.1514778
50.5663795
50.1919289
50.1908798
50.1898766
50.1886482
50.1875381
50.186306
50.1850586
50.18367
50.1824036
50.1811562
50.1799965
50.1786766
50.1772842
50.1759987
50.1744957
50.1730499
50.1714096
50.170063
50.1687965
100.055809
105.261299
103.846115
101.330238
100.293266
100.071373
100.045837
100.044655
175.867889
160.234924
118.920563
100.041992
100.04068
100.039429
100.038055
100.036591
100.035912
50.0565796
50.0332375
84.2862167
73.8828735
57.757309
50.027504
50.0260429
50.0249557
59.3067398
54.6097641
51.6233139
51.767025
50.4591026
50.2147598
80.1179199
80.1162643
80.1145859
81.4394608
80.305336
80.18367
80.1710205
88.2874908
113.416115
184.687454
349.584686
430.807373
350.453247
196.867935
112.993385
85.58181
81.7985306
80.1518631
80.1543503
80.1555405
100.74852
93.4960632
84.7876816
80.1551895
80.1538239
81.4572983
80.1818466
80.1500015
80.1480408
80.1461563
100.144417
100.142693
100.140991
139.11116
134.733368
110.828171
100.155167
100.133423
100.131638
100.129738
100.127518
100.125298
100.12291
103.024124
142.467224
157.714447
130.530411
160.627258
237.76886
246.515793
232.160797
226.400681
188.748932
134.62236
105.713249
100.135223
141.756714
656.927856
996.199585
776.675537
385.736969
126.234253
65.6441498
60.6040878
60.2877884
60.273819
60.2737045
60.2736549
60.273098
60.28825
60.2874184
105.892105
92.9988174
70.2473602
60.2633743
60.3182793
60.2647629
74.7956619
67.7724304
62.5653343
60.2464714
60.243187
60.2401352
95.2787628
82.4889145
67.0388184
62.1461716
231.259674
191.075623
102.068115
61.8107071
141.536819
280.367798
273.951233
291.209473
187.010284
100.168083
70.2544937
70.259758
70.2777252
70.2634506
70.2636719
70.2636185
70.2631531
70.2619324
70.2610245
71.2814331
71.3126984
70.5728378
94.619606
88.3524017
75.4539032
70.2491531
70.2628098
70.2442322
70.2417374
70.2391205
70.2366333
70.2498398
70.2306442
70.2278824
70.2252274
51.2355423
51.671978
50.587677
50.2144432
50.2118187
62.9466171
59.39217
53.1582413
53.7309647
52.9163475
50.8494148
62.891922
134.878708
155.367615
100.969162
60.304142
50.1830063
50.1806526
52.0005302
82.1625137
81.3327255
63.1088104
58.280262
55.2066422
51.4541817
50.1645584
89.4517517
80.1921997
166.621384
130.074585
74.6412582
40.8642082
40.2522125
40.2513275
40.2496834
40.2483406
40.2467155
40.2448807
40.243145
40.2413864
76.5737915
68.0903168
49.1941757
40.9429283
50.1833878
184.057526
189.943176
102.377899
49.5214043
40.5555305
40.2352486
40.2930069
40.5237732
40.3927498
40.7289009
40.7787361
40.4818573
40.2357788
40.2349396
40.2335243
40.2328529
40.2314377
40.2299004
40.2285309
41.0272446
42.2196732
41.6399727
40.3560982
40.221035
53.8878212
72.5757294
67.2445984
50.4287109
41.3227921
40.2120171
40.2106895
40.2092056
40.2077599
40.2064934
40.2052269
40.203743
40.2025528
43.9608917
45.6739693
42.9492798
40.4320641
40.1964836
40.3611526
42.1233673
42.218399
40.3914452
40.1828079
14283.2783
100.18705
123.116806
168.078842
147.016998
112.294426
100.129234
100.124939
100.123985
100.110336
102.350998
101.05542
100.428932
100.07045
100.061745
100.051933
100.807884
100.250267
100.138504
100.032684
100.027992
100.014435
99.9743576
99.9614944
109.162163
104.396469
101.237877
99.8901215
99.9065018
99.8960266
49.9178009
49.9671288
49.9592857
50.6142654
55.9710693
57.7373428
70.6885071
78.0179367
113.070084
90.066658
60.9782639
49.8155479
49.8063927
49.7990532
49.7922783
49.786087
49.7807961
49.8175011
49.8150978
49.770546
49.8021049
49.7987442
49.7568054
49.7522011
49.7876129
49.8225441
49.7853584
49.7477608
49.7472878
53.7560616
50.992012
50.183609
61.0435486
114.478592
143.468491
97.8059921
60.4509773
49.8914375
49.8673859
49.8673172
49.8723717
49.8515015
49.8541336
49.8611603
49.8878632
49.8958855
49.8857574
49.8931808
49.9024353
49.9121246
49.9221191
49.9323921
49.942688
49.962635
49.979866
49.9797897
49.9812508
50.8699265
50.1398125
50.0768852
50.0138092
50.0207787
50.0189171
50.0433197
50.0488663
50.0390396
50.0704613
50.0736542
50.0763969
50.0770683
50.0767937
50.0765991
50.0764465
50.0762863
50.0761299
50.0759773
50.0758171
50.0756607
50.0755081
50.0753555
50.0751953
50.0751572
50.0750389
50.0747299
50.0745697
50.0743752
50.0742569
50.0740585
50.0739021
50.0737457
49.9601746
49.9605904
49.9608574
49.9610939
49.9612465
49.9613037
49.9612465
49.9609451
49.9598236
49.9586906
49.958889
49.9590416
49.9591408
49.9591827
49.9594383
49.9596977
49.9597969
49.9600296
49.960228
49.9603271
49.960762
49.9617157
65.6185074
61.9257355
53.936882
50.2283745
49.9648857
49.9872055
50.0138893
49.9645767
49.9648056
25.7618065
101.191833
103.77565
100.070648
100.070053
100.069534
100.14724
100.068748
100.068283
100.06781
80.0673447
80.0668716
80.0664062
80.0659409
80.0654678
80.0650024
80.0645294
80.064064
80.063591
80.320694
80.0654144
80.0623398
80.0617142
80.5081177
91.5072937
91.0117798
84.3779526
80.5247803
152.529099
148.027298
121.156654
100.057648
100.057335
101.592613
101.966919
100.601265
100.055618
100.055153
100.077408
100.061432
100.053619
100.053116
102.659821
164.328964
220.887512
206.519165
147.728485
109.028496
100.050613
100.050301
106.774872
163.894348
178.5047
136.433762
105.653023
100.054581
105.398361
106.196327
101.852486
100.048264
100.047951
59.9612122
71.4440536
88.419693
167.409348
231.71109
175.101547
148.720459
249.418884
341.230652
238.987976
106.886574
62.4944878
60.0459671
70.7746277
94.9503021
93.1446228
99.1677704
82.3958054
66.2894897
153.812897
188.930298
123.055954
71.4911041
60.1357079
97.8018646
142.772476
197.226776
301.197723
292.393433
162.209793
88.5981445
90.595726
88.5196533
79.8975372
94.4001541
89.1542816
75.5240707
70.2596893
70.1894531
72.9915771
77.1363068
81.7751083
151.34256
148.189117
244.326843
212.584518
167.941986
202.445786
276.888428
190.531891
99.3772202
70.2230377
70.2449722
70.2327805
134.711121
138.311539
237.235153
283.132843
249.041336
147.426971
87.1899261
183.744766
200.776794
119.455566
63.9374924
51.8092041
51.7081261
50.9688759
50.7056503
50.3610039
50.2653198
82.6184082
167.584106
162.619904
390.289215
283.626282
150.770172
103.680237
104.66394
175.729736
198.17749
153.783554
124.738876
110.631096
144.541168
139.543854
115.115715
104.408928
103.409927
51.9021263
73.3291779
67.8615112
119.101486
131.022736
96.955925
59.3039932
43.9628792
40.4465904
151.898956
151.320648
108.524162
66.7582626
47.7208519
43.940361
45.8058815
43.4361305
41.2162666
41.3385086
41.6212654
64.3171921
60.8228989
47.2516937
44.405632
95.752449
87.2920151
54.0569038
40.3634148
45.653492
106.283836
104.615776
63.9762688
50.8887405
95.4090042
77.5357056
66.2273026
107.951218
141.664658
117.936745
115.202507
154.371933
301.668701
320.671265
246.977448
219.946808
159.335709
112.487839
100.443764
100.872917
103.776283
103.899048
100.707298
100.691505
70.3257446
56.857708
52.604866
52.1986656
82.1269989
79.0854263
69.0472183
117.799042
107.333305
109.61834
