0.0
0.0
0.0
0.0
0.0
0.0
0.0
0.0
0.0
0.0
0.0
0.0
0.0
0.0
0.0
0.0
0.0
0.0
0.0
0.0
0.0
0.0
0.0
0.0
0.0
0.0
0.0
0.0
0.0
0.0
0.0
0.0
0.0
0.0
0.0
0.0
0.0
0.0
0.0
0.0
0.0
0.0
0.0
0.0
0.00661142962
0.0112759676
0.0126512516
0.0126512516
0.0126512516
0.0126512516
0.0126512516
0.0126512516
0.0126512516
0.0126512516
0.0126512516
0.0126512516
0.0126512516
0.0126512516
0.0126512516
0.0126512516
0.0
0.0
0.0
0.0
0.0
0.0
0.0
0.0
0.0
0.0
0.0
0.0
0.0
0.0
0.0
0.0
0.0
0.0
0.0
0.0
0.0
0.0
0.0
0.0
0.0
0.0
0.0
0.0
0.0
0.0
0.0
0.0126512516
0.0126512516
0.283937454
42.4800873
69.7321625
90.1093597
60.5080948
21.0506859
10.006567
3.60544634
0.0126511622
0.0126512516
0.0126512516
0.0126512516
0.0126512516
0.0126512516
0.0126512516
0.0126512516
4.37766314
13.7052259
9.34737873
2.85314655
0.0126512516
0.0126512516
0.0126512516
0.0126512516
0.0126512516
0.0126512516
2.06437683
1.47782612
0.657348037
0.315985501
0.10139969
0.0126512516
15.1985216
12.5478382
7.65374088
0.012651341
0.0126512516
0.0220048185
0.0156226959
0.0126512516
0.0126512516
0.0126512516
0.0126512516
0.0126512516
0.317343682
0.676918447
0.20259811
0.131900921
0.438117594
0.137414366
0.319901824
0.674447358
0.99582088
1.15770292
2.79095864
2.9172523
11.5649462
11.6483526
3.5641439
0.0
0.0
37.4887657
43.4868164
25.7681942
28.1839218
13.0613203
9.93614388
20.3775444
51.5997505
39.12677
27.4628754
13.0150299
10.1405277
0.458895981
0.0
0.0
0.0
41.3377647
146.514893
159.942368
66.2747192
33811.5742
146.625656
144.423508
115.634697
101.30954
99.9476089
99.9489594
99.9506454
100.07309
100.211815
100.815948
104.890518
108.952072
117.119789
153.402405
140.171722
110.881912
99.9514771
99.9517059
99.9517517
99.9517975
99.9518356
99.9523697
99.9693298
100.026215
106.731781
105.88652
101.600479
100.321831
168.519394
210.658234
200.442963
172.27562
152.758286
136.550735
119.568985
106.231018
101.25174
100.352196
100.045746
100.673347
101.094849
100.260674
99.9705505
99.9705658
99.970993
111.693832
153.139633
187.75853
164.671295
252.551559
252.211426
203.653183
181.307144
153.06189
118.251282
110.381233
108.605682
103.25885
100.456802
100.21669
100.152527
120.110199
119.534576
105.567657
101.284332
101.892059
100.522453
100.057755
100.037613
100.132507
40.1311226
42.5583229
42.0794678
49.5482635
50.4967003
46.5558243
60.1477737
125.658081
253.335358
249.965759
131.373428
55.3536835
156.020233
186.129761
118.843018
61.2135544
57.4109001
52.3189163
44.0685463
40.207222
40.2087784
40.2096291
40.209507
43.0000305
171.469498
185.185181
99.9692917
54.9508705
46.2811279
42.1625786
100.23243
100.234367
100.234978
100.235313
100.235016
100.72438
138.870682
133.711243
109.595764
122.301727
85.5990906
69.5917282
49.1838913
41.828968
135.736816
126.940605
66.3119888
42.5763359
41.2432365
40.3213196
44.9802589
129.994492
211.756714
143.960236
128.354172
218.168854
217.159271
138.585175
106.773697
100.894165
100.336487
100.30883
100.289322
100.286285
100.280296
103.141266
116.603584
242.876282
271.478577
174.895584
113.758224
100.279686
100.257889
100.247437
100.229637
100.221863
231.064667
199.381653
131.619675
324.459503
330.188934
186.075104
111.028191
100.151344
100.158669
100.150467
116.962509
196.734375
169.66394
119.182365
100.119278
50.166523
50.1321831
53.9646721
86.9773636
195.939667
195.060577
102.346436
273.465363
206.192642
96.2122345
50.0521317
50.0862427
114.819901
155.696899
190.823318
134.681427
268.063538
411.093933
444.798248
410.287689
261.41272
109.511543
56.2222214
50.0407143
50.0432281
50.0828209
50.1234093
50.0930595
50.0604515
50.0946846
102.328392
178.245468
205.470505
148.502304
188.677734
172.635162
124.975952
102.364006
126.095749
113.272263
108.119972
101.287369
100.687294
100.920975
100.215622
100.201454
100.196541
100.199371
100.201424
100.20211
100.201889
100.200958
100.200752
100.200539
100.200798
50.562252
50.2080269
50.2011185
50.2016029
50.1997414
50.1973228
50.153698
50.1787949
50.1643944
50.1714973
50.1962357
50.601284
51.0558128
50.3321037
50.2649765
50.1932869
53.3443489
51.537281
53.3525352
51.3873596
50.5410957
51.4703865
51.5419846
50.5297661
50.301506
50.1819916
50.1806831
50.1796684
50.1784782
50.1770096
50.1756706
50.1744194
52.6759911
51.3075905
50.6037979
50.0937614
50.0578232
50.0566788
50.0552254
50.0539589
50.0525932
50.0511169
50.0494576
50.0477943
51.2534943
50.733223
50.8707619
50.0826225
50.0549088
50.0381432
56.4675026
72.2385101
63.3602066
54.1823311
50.0494919
95.546402
141.105133
103.377869
63.8625717
50.0184479
51.4587288
51.5370483
53.3046722
51.2048149
51.3157082
50.1405067
80.1163177
80.4302521
80.107132
80.1057816
80.1044998
80.1033859
80.1021805
80.1010437
80.0999527
80.098877
80.097908
80.0968475
80.0959778
80.0950928
80.0941391
80.0932236
80.0923843
86.7076035
135.541443
152.678406
118.020012
131.527817
365.168213
340.791199
294.30481
196.352097
116.017899
81.2107544
80.1450195
80.1476059
100.265739
100.597694
100.281326
100.146698
100.144798
100.377586
100.961845
100.437691
100.155029
100.135719
100.133354
100.131187
100.170509
51.4202385
187.411362
371.660309
438.952576
521.62439
700.308594
484.401276
278.460571
170.578888
121.705879
114.284149
197.29303
249.326141
194.968613
127.571304
103.153
101.888321
100.754761
60.2802925
60.2954941
115.479263
105.493858
74.1225815
60.2912445
149.576691
284.934143
209.502136
98.9409943
60.365097
60.2804756
60.2961655
60.2959862
60.2955208
60.2947083
96.7581711
257.212708
467.903259
376.78241
203.022018
107.675133
106.707466
388.466553
457.926727
260.885864
166.599869
108.429611
74.6876297
60.2850037
70.2848663
70.2848053
70.2847366
70.284668
70.284584
70.2845078
70.2844162
70.2843246
70.2842255
70.2841187
70.2840118
70.2840729
70.2994843
70.283699
70.2834015
70.2830505
70.2981339
75.8875275
74.5399017
71.3563538
70.2772369
70.2750244
168.101593
189.481964
126.376617
80.4895325
73.6960602
91.9922562
108.254883
91.324852
75.6495972
51.1904602
50.5732231
50.3446922
50.2882843
50.2510223
50.249176
50.2469597
50.2450256
50.3596764
50.8259087
51.0088539
50.4208298
104.461884
90.2427826
62.013298
50.7231636
53.0654831
184.538391
190.307312
109.598099
58.984684
100.222168
100.22319
104.63459
54.1581383
51.2257843
50.22192
51.2744751
51.7809868
52.2883339
67.5363922
51.1244736
87.8788757
85.3069763
359.35556
283.404175
303.156555
295.087097
232.51355
165.844421
95.1469345
59.7451324
419.060791
735.470093
477.758759
141.151764
40.3670273
40.3670273
40.3670273
40.3670273
40.3670273
40.3670273
40.3670273
47.4293976
127.266983
334.568176
342.203796
436.117615
470.479736
306.8078
157.930267
613.697632
705.684937
393.590759
159.983658
182.626114
447.397156
423.549896
209.353409
206.341064
401.460358
170.35849
100.367027
100.367027
100.367027
100.367027
100.367027
100.367027
100.367027
100.367027
100.367027
100.367027
100.367027
120.91069
141.811096
125.392586
104.983543
100.367027
100.367027
100.367027
102.888
106.745216
102.337624
101.011627
102.426285
101.892372
100.863159
100.400528
100.327255
100.317497
114.964951
108.106911
102.680885
100.732445
100.318237
329.919281
326.602844
168.757935
111.357956
105.508858
101.947464
100.226707
100.221207
100.210419
105.037033
102.82058
101.146484
100.149193
100.110336
100.094177
100.083916
113.162254
56.0307121
51.9868279
50.1671219
50.1607742
50.1225662
50.0847931
50.0766258
50.0704956
50.0649872
51.1775513
115.384949
102.736115
65.8909073
50.0913315
50.0766029
50.0712662
50.0316849
50.0272331
50.023243
50.0195045
50.0161552
50.0126114
50.009079
50.0060921
50.0033417
50.0009232
49.9990273
49.9968643
49.9952621
81.5201569
121.346298
107.204155
100.225349
100.040985
100.038002
100.06234
125.201279
115.996086
105.035187
100.056915
100.033371
100.030609
100.028793
100.027252
100.026283
100.026001
100.026222
100.026329
100.026794
100.03569
100.032509
100.029243
100.030403
100.033218
100.037003
100.928284
100.17556
100.114914
100.04995
100.054428
100.060028
100.065979
50.0744781
50.0832977
50.0938416
50.0787697
50.1083069
50.1101494
50.1103706
50.1099243
50.109436
50.109108
50.1086769
50.108326
50.1077576
50.1072731
50.1068039
50.1063347
50.1058655
50.1052971
50.1047745
50.1043053
50.1036835
50.1777954
70.0857544
64.6318817
54.6536064
50.1010284
50.1004028
49.9825783
99.981926
49.981678
49.9813728
49.9811287
49.9808502
49.980732
49.9802933
49.9801178
49.9799309
49.9796028
49.9778595
49.9747124
49.9739532
49.9733582
49.9730415
49.972599
49.9721832
49.9718094
49.9713631
49.9710274
49.9720154
50.2608795
49.9769173
49.9958916
49.9700127
49.9702644
52.5134239
52.4345245
50.9385338
50.185276
50.0818596
80.0807571
80.0795059
80.0783157
80.631424
80.0888824
80.0746689
80.0734253
80.0723267
80.0710754
80.0699463
80.0687332
90.8420181
87.8836899
146.082184
136.307465
97.6103897
80.0626068
80.0617828
80.0607071
83.0635376
85.5915756
83.1517563
80.9089432
80.0570221
94.8101578
93.2415924
10.312026
78.8100204
82.394455
10.0333214
46.4810028
55.5943489
55.6012268
54.3540382
52.7580261
58.2541428
65.6326065
129.523712
121.340202
158.626648
618.52832
874.825378
520.240356
147.67659
104.862198
105.795364
103.302208
102.555321
100.900543
100.260391
100.258438
100.255585
100.252052
100.248177
100.243927
100.267128
100.390862
107.952507
108.991875
103.364883
100.326897
60.1461296
60.124691
60.7104797
61.6529694
62.5248528
79.8309402
86.5476456
76.4367523
65.1487198
60.9777908
68.6306458
65.6130981
61.78022
120.059265
143.509247
177.271805
212.652451
218.449097
297.406067
251.319885
154.300323
87.8517914
68.4952927
150.055893
371.598541
296.805817
126.203682
65.8075409
63.0159683
61.3388062
70.3326263
81.1781006
96.9133606
87.2394257
74.375351
70.2172775
72.274498
72.5318756
71.0518417
70.9410553
70.8615494
10.1091328
60.5407372
70.2134857
70.1945648
70.1867447
90.4220734
98.3944855
91.4673691
78.5155182
71.6702271
70.2507935
23.3874817
76.3526306
78.3612518
71.9226379
78.2860641
225.847412
274.422943
179.909409
97.4104156
52.5203972
50.3481216
50.1561317
51.7151947
52.2388573
50.6932983
50.1531029
50.1515579
50.149025
50.1465569
56.7600517
55.3605003
51.4747276
50.1367264
50.1518974
52.6149483
52.6434441
59.8313599
97.7878723
136.62973
119.076736
138.713348
159.942261
108.090446
79.8850555
99.5286102
162.717285
146.706619
89.5656052
144.532486
115.061096
59.2350769
40.6460762
41.054142
40.8673744
40.5130005
40.2645569
40.263855
40.2630692
40.2615623
40.2600594
78.9502563
201.649139
584.534912
452.347229
249.803452
290.444275
192.377243
78.6479187
40.3411484
40.3442879
40.3458939
40.3467064
40.3472328
312.324646
266.621521
121.392326
59.1069794
48.6203194
71.1693878
72.4290619
115.635773
105.134521
103.864067
103.026955
155.752548
145.0242
159.995529
139.831009
109.758438
97.7332458
138.979584
217.509552
223.30014
149.398483
113.238762
100.362457
100.363014
100.363365
83.4509888
95.660614
78.3885117
57.3559113
136.525848
229.683273
165.561127
208.392868
247.571838
177.680817
191.661774
166.460281
118.526588
101.174553
100.684227
100.36557
100.356712
115.420776
107.146393
102.281891
166.297729
199.628296
309.989502
247.789902
140.79921
101.164276
100.395622
100.259094
100.258339
100.253647
100.235123
100.223511
100.218262
100.68026
100.233513
100.213768
146.258865
179.472321
142.489243
109.596115
106.603828
103.298119
101.210411
50.1273155
50.1142883
50.1058083
50.0977936
50.0902786
50.0833435
50.1098938
131.524597
339.939392
299.785706
131.300293
58.3684082
85.9074249
960.33252
1140.05029
579.501404
142.26683
50.1264153
50.5598412
50.1280556
50.0854797
50.0390625
50.0368729
50.0383759
50.0403938
50.0429459
50.0459824
50.0494881
50.0534744
50.0580521
106.986252
248.337479
536.321472
532.480347
284.054169
130.948486
100.185326
100.166252
101.043205
100.285423
100.239426
100.198471
100.203545
100.209793
100.215683
100.21946
100.222534
100.225487
100.227951
100.229591
100.229935
100.228851
100.234871
100.23362
100.225113
100.22509
100.223572
100.224777
100.222511
100.221016
100.226357
100.17981
50.1856575
50.2131195
50.2177658
50.20504
59.1146851
53.365387
51.2861137
53.3443985
51.0904961
55.069725
58.8352699
62.8152618
63.2546539
65.1812363
56.0328979
51.761528
50.2064552
50.2044601
53.2824936
51.1429939
50.6024475
50.1981316
50.1965752
50.4279556
50.1931
55.8529282
52.2023239
56.4121437
108.658279
106.612251
108.628052
121.023819
112.699387
103.90152
115.041939
119.904572
130.175842
115.021141
104.564896
100.062424
102.404663
102.465073
100.725983
100.207245
50.0529633
51.0009155
50.1284523
50.0678062
50.0671196
56.7649193
52.8505936
51.1144829
51.1651344
89.5057297
109.401672
192.31778
275.630585
261.182831
139.480698
100.122833
80.3871918
80.1573105
80.1595535
80.160408
80.160675
80.1604538
80.836647
80.1591492
80.1580048
80.1567688
80.1551666
80.1534729
80.1511383
80.1490326
80.1467361
80.1437988
80.1407089
80.1373138
80.1340332
80.1306152
80.1274338
147.948181
213.135529
197.245148
142.57312
347.008911
361.763519
280.80127
175.976364
137.871338
105.137611
100.460632
100.703041
100.350159
100.207397
100.206413
101.381195
102.082886
100.8116
100.223343
100.196747
100.194099
100.191513
100.188835
100.186378
100.183708
100.180382
100.176895
100.173485
100.169823
100.166122
102.818176
146.587936
154.349045
147.161804
126.758156
107.196793
140.168854
293.599731
390.033112
238.218399
107.418137
64.3248444
60.595314
60.1233139
60.3925438
60.5505943
60.2738571
65.9914398
104.674759
124.355591
105.597618
74.8558197
62.5307846
60.096241
60.0934219
60.0906906
60.0874176
60.0847931
60.7324409
60.3413887
60.1560364
60.0858498
60.1375198
60.0870094
60.0753059
60.0550499
60.0513535
60.1131783
60.40765
13320.1934
126.543907
116.683266
104.326248
100.051743
148.4207
137.124802
111.20974
100.026421
104.609779
103.687698
101.66317
111.528503
108.629738
102.572929
267.023468
239.779465
595.206421
629.307556
657.969543
409.931091
198.407135
241.377716
206.406357
133.810013
115.874313
102.200577
100.672157
104.518776
103.775963
117.824478
332.541901
542.182129
498.951233
622.378906
591.023987
386.773804
230.399719
100.295616
148.948853
145.261612
113.434868
108.425468
125.308144
118.521263
115.985718
111.1838
103.088379
100.27581
100.275688
100.293022
100.274986
100.274773
125.893112
197.180298
173.255249
119.085693
119.657318
231.084137
572.653015
536.645996
268.305908
120.702576
100.367027
154.681808
201.67865
162.591644
175.961639
208.233658
225.418976
185.106949
129.349533
104.019142
116.241547
122.445862
111.146049
102.329536
100.367027
100.367027
100.367027
100.367027
100.367027
100.367027
100.367027
100.367027
40.3670273
40.3670273
40.3670273
40.3670273
40.3670273
105.730988
45.6804771
102.933296
100.740616
100.433441
100.367027
100.399658
100.377388
100.367027
100.366928
100.366882
101.780678
103.518951
102.3153
100.542038
100.365005
100.681656
100.464317
100.362946
100.362221
101.975876
103.382072
101.939537
135.002289
134.932373
115.043259
177.101135
249.184677
396.469543
400.557983
233.409332
120.524139
100.367027
100.358665
100.351852
100.353271
100.362457
100.325874
100.336754
100.325798
100.315071
100.322731
174.68454
353.814209
497.355103
405.028259
208.784378
116.734467
100.267761
100.376846
100.253395
100.222473
100.21875
146.097717
256.661835
411.782837
411.309753
256.766571
135.365921
103.102264
100.12307
100.084152
100.100746
55.3298988
52.9351807
147.946075
662.878784
555.806702
203.797699
52.4765129
103.086594
100.1586
100.124352
100.087761
100.05072
50.0468826
50.0436668
50.0410957
50.9106827
50.0915794
50.045742
50.0349007
50.0345306
50.034687
50.0352287
50.0361977
50.0756226
50.114399
73.7674789
92.4064178
71.6053314
106.494019
50.1040955
100.114288
163.224899
179.76709
134.075317
106.116798
100.125031
120.55986
109.654114
103.131363
100.104095
100.105362
100.107338
100.109093
100.127304
100.119156
100.113464
100.114006
100.114868
100.115578
109.153275
102.857246
101.028366
100.11602
100.114967
100.116905
100.120064
100.114822
100.108032
100.111015
100.122719
100.109535
100.182106
50.112114
50.1213875
50.1293373
50.1334267
50.1360855
50.1351509
53.7635231
51.060627
50.4928055
50.1315536
50.1306114
50.1296768
50.1286392
50.1276474
50.126709
50.1257668
50.1247368
50.1236229
50.1227837
50.1220055
50.1209679
50.1201286
50.1193657
50.1185532
50.1179237
50.1172791
50.1166801
50.1158943
100.003677
104.877991
103.642952
101.271225
100.242546
100.022697
99.9980087
99.9975586
174.557449
160.285782
118.865517
99.9978638
99.9975891
99.9971085
99.9967651
99.9964066
99.99646
100.018456
99.9961853
84.6434784
74.9365616
58.084568
49.9948997
49.9944839
49.9946938
59.3758049
54.9011955
51.7162819
51.6965103
50.4729729
50.2085571
80.0960159
80.0954514
80.0949249
81.3563232
80.2945786
80.1701431
80.149498
88.1132431
113.530067
188.509979
373.066986
476.759827
388.513367
211.194656
115.421227
85.6890869
81.8263931
80.1776352
80.1788177
80.1786194
100.469116
93.2090607
84.6966476
80.1710205
80.1677551
81.4085617
80.1926422
80.1589966
80.1556778
80.1521835
100.148926
100.145798
100.142967
138.244217
134.65509
110.734001
100.153259
100.131439
100.128967
100.126373
100.123222
100.119934
100.116264
102.935097
141.764511
158.338974
131.267365
161.581512
243.628876
255.387329
241.10585
235.558228
195.028992
136.810013
106.001068
100.146675
141.660477
693.907104
1048.11755
789.8396
385.610962
125.885094
65.6154099
60.6084938
60.2967224
60.2814102
60.2802963
60.2793312
60.2778358
60.292244
60.2904205
105.406876
92.4499512
70.0746231
60.2633705
60.3171539
60.2626495
74.6731644
67.7788162
62.5599899
60.2403107
60.2359581
60.2315521
95.0398407
82.2219315
66.9368668
62.1775703
235.922302
194.287796
103.174019
61.9126129
144.441925
290.746429
285.546112
300.493378
192.038193
101.266075
70.2600174
70.2638168
70.2807312
70.2655258
70.2650604
70.2639008
70.2626801
70.2609329
70.2587509
71.2800369
71.2975464
70.5618668
94.2432098
87.8101273
75.2764511
70.2392502
70.2519379
70.2322006
70.2287903
70.2251663
70.2216187
70.2340546
70.2140198
70.2102737
70.2064056
51.2021294
51.6055756
50.553421
56.9295006
50.1888504
62.5879059
59.1282921
53.0607719
103.634941
52.8319664
50.8075066
62.588768
134.384979
156.697144
102.337097
110.633873
100.151649
100.149025
52.0347328
82.934494
82.6183777
86.0106735
99.3184128
55.4369125
51.4909782
50.1302528
140.459885
81.7895889
172.292618
136.073486
76.5900345
40.8870964
40.2229309
40.2228622
40.2221375
40.2209206
40.2191429
40.2169914
40.2150993
40.2129135
76.200943
68.9524689
49.5649261
40.9506302
50.0314903
186.594421
198.173645
107.280663
50.3854294
40.5566902
40.2140312
40.2721939
40.5046005
40.3732758
40.7025909
40.7539825
40.4597511
40.215271
40.214077
40.2126083
40.2109489
40.2092133
40.2074928
40.2055779
40.9865227
42.1623077
41.5975533
40.3292542
40.1949043
53.3790817
71.936554
67.2168884
50.5261002
41.3153992
40.1843987
40.1828995
40.1812782
40.1798973
40.1784286
40.177227
40.1756363
40.1744156
43.8704071
45.7229576
42.9746208
40.4090118
40.1683235
40.3352661
42.1218605
42.2322311
40.3669739
40.1535187
10038.2646
100.157547
122.342392
167.881073
148.444717
112.658562
100.100586
100.096336
100.095673
100.082222
102.196632
101.062355
100.414749
100.042854
100.033821
100.023865
100.693703
100.227585
100.113541
100.004662
99.9994202
99.985878
99.9457932
99.9327774
108.852463
104.488678
101.251076
99.8610001
99.8773041
99.8666687
49.8878746
49.9351883
49.9263649
50.5059776
55.7179108
57.5744553
70.4806976
78.2699585
114.367249
91.9855728
61.5601196
49.7821693
49.7750778
49.7624092
49.7545662
49.7461166
49.7406006
49.7783203
49.7769928
49.7332649
49.7663498
49.7645149
49.7236595
49.7205734
49.757431
49.7937546
49.7573662
49.7207222
49.7213135
53.4987221
50.9903526
50.1669159
60.5975189
114.504333
147.318497
101.410217
61.3328857
49.8751259
49.8467293
49.847847
49.8536568
49.833271
49.8367233
49.8444023
49.8722038
49.8809013
49.8713608
49.8795738
49.8896828
49.9002419
49.910965
49.9220123
49.9329376
49.9538078
49.9724617
49.9727249
49.9748344
50.7974701
50.1362114
50.0729713
50.0090103
50.016346
50.0149536
50.0396309
50.0452843
50.0356522
50.0674667
50.0709496
50.0738754
50.0746841
50.0746841
50.0746841
50.0746841
50.0746841
50.0745277
50.0745277
50.0743713
50.0742149
50.0739403
50.0737457
50.0735893
50.0734329
50.0732803
50.0729675
50.0728111
50.0724983
50.0721855
50.0718956
50.0714645
50.0710945
49.9575195
49.9577789
49.9578896
49.9581261
49.9582329
49.9581375
49.9580765
49.9577713
49.9567757
49.9556541
49.9558487
49.9559441
49.9561958
49.9562912
49.9565468
49.9565506
49.9565926
49.9568176
49.9568596
49.9571152
49.9573898
49.958107
65.3448944
62.043644
53.9971237
50.2251587
49.9611282
49.9832954
50.0084114
49.9606628
49.9607391
25.7546806
101.475151
103.872726
100.066406
100.065781
100.065155
100.139893
100.064064
100.063438
100.062851
100.062187
100.061562
100.060936
80.0603104
80.0596848
80.0590591
80.0584335
80.0576477
80.0571823
80.3044128
80.0587082
80.0554581
80.0548401
80.4883423
91.524437
91.1392441
84.4415436
80.5282745
156.691559
152.19342
122.485596
100.049362
100.048737
101.724503
102.126091
100.641884
100.046547
100.046074
100.070236
100.052803
100.044357
100.043884
102.862068
171.057922
235.327637
220.749847
154.577118
110.357803
100.043915
100.044205
107.447266
170.439346
187.40271
140.769989
106.342033
100.052521
105.817062
106.781601
102.022072
100.04747
100.047363
59.960083
71.8171158
89.613205
173.923569
245.899719
186.135315
157.024017
266.964905
365.40802
254.940109
110.601959
62.5745659
60.078083
70.5857239
94.4838104
92.8897095
99.0764847
82.4507904
66.3180008
155.159851
191.954636
124.901611
71.9133301
60.1586266
97.7928009
143.738388
200.317566
308.600403
301.730774
166.616425
89.2630615
90.2968292
88.3864517
79.8022766
94.1172333
89.009407
75.5022049
70.2840958
70.2130051
72.963562
77.0534744
81.6462326
151.400726
148.772247
249.900757
218.54425
172.619431
210.950958
294.05127
195.371399
100.333984
70.2434158
70.2641449
70.2500687
138.588501
140.538437
248.270264
296.495789
261.665619
153.359192
88.4910736
246.533752
265.737915
176.589432
115.348297
101.994881
101.842316
101.038918
100.742981
100.370453
100.268486
83.9627609
173.794708
170.310486
362.295074
302.877716
155.848358
104.015053
105.1092
180.2789
206.202744
158.833633
126.782089
111.624374
146.836288
142.832321
116.472153
104.712067
103.685547
102.018753
73.9897079
69.1736374
121.343689
136.188995
100.620697
60.8200836
44.2619934
40.453125
153.34433
157.375153
112.044121
68.7166214
48.2642365
44.0540581
46.0120926
43.6322556
41.278286
41.3476639
41.6647186
64.0568314
61.4779129
47.5267601
44.3955879
94.8262939
88.4930038
54.5374451
40.3633575
45.5522995
105.101273
105.907356
64.8239365
50.8867226
108.364105
91.9876785
70.9516754
108.472076
142.253052
119.442337
116.030075
155.674774
307.609009
335.554504
259.863647
228.802719
164.647202
113.563583
100.454903
100.868225
103.726364
104.051842
100.73188
100.685394
86.1402206
61.891861
54.20784
52.6781387
81.8271942
79.5983505
69.0856094
117.715378
108.759773
109.907043
