0.0
0.0
0.0
0.0
0.0
0.0
0.0
0.0
0.0
0.0
0.0
0.0
0.0
0.0
0.0
0.0
0.0
0.0
0.0
0.0
0.0
0.0
0.0
0.0
0.0
0.0
0.0
0.0
0.0
0.0
0.0
0.0
0.0
0.0
0.0
0.0
0.0
0.0
0.0
0.0
0.0
0.0
0.0
0.0
0.0
0.0
0.0
0.0
0.0
0.0
0.0
0.0
0.0
0.0
0.0
0.0
0.0
0.0
0.0
0.0
0.0
0.0
0.0
0.0
0.0
0.0
0.0
0.0
0.0
0.0
0.0
0.0
0.0
0.0
0.0
0.0
0.0
0.0
0.0
0.0
0.0
0.0
0.0
0.0
0.0
0.0
0.0
0.0
0.0
0.0
0.0
0.0
0.0
0.0816723108
142.09523
279.4086
326.036072
198.885895
61.1311874
9.99813366
31444.0938
100.00663
100.006615
100.006607
100.006599
100.006592
100.006577
100.006569
100.006775
108.69696
133.230133
123.171249
107.273071
100.008751
100.008865
100.008896
100.008888
100.009361
100.009926
104.805191
103.501549
101.554886
100.712784
100.225159
100.011162
150.286026
150.442291
115.602234
100.012566
100.014259
100.038994
100.020325
100.012466
100.012459
100.012444
100.012436
100.01265
100.767288
101.69426
100.486916
100.314957
101.105843
100.330246
100.763802
101.727806
102.395287
103.060852
107.012032
108.134361
138.111664
141.237305
112.377594
100.166412
60.1592407
232.215576
280.266998
157.726181
127.582901
102.520622
72.8716202
112.878372
222.010315
202.003128
131.808075
83.4961014
66.2254105
60.4388695
60.0436516
60.0445709
60.0446854
177.98819
544.831116
547.916382
244.639893
83.0161743
151.020233
150.04071
90.9794769
62.3314514
60.0679817
60.067112
60.0660362
60.2204437
70.4465103
71.4216614
78.3633499
86.8068161
105.84156
205.405853
187.604446
102.793053
70.0683594
70.0678635
70.0669327
70.0659561
70.0651627
70.0646515
70.0636673
70.160347
82.5189667
82.1189423
73.4496994
70.7665176
284.04834
415.130615
345.846375
237.901184
177.782043
139.666275
105.916985
81.131813
72.1197739
70.650383
70.1953964
51.1308823
51.8990364
50.5585175
50.078598
50.0778198
50.0771179
71.0137634
180.139908
275.603058
213.292328
427.039429
427.816193
263.322662
189.025833
138.60817
79.1506348
64.9127426
62.5037498
54.8050957
50.680954
50.3453064
50.2271957
82.8719254
83.7438354
59.6830254
51.9703903
52.9276733
50.838356
50.0960693
50.095932
50.0962601
40.0946198
43.5726585
43.1761856
55.9488487
59.210865
52.2388229
79.9709244
260.125214
590.976135
545.215576
237.787338
67.2051544
271.604065
330.321075
181.333359
72.2846375
62.6780777
58.1069069
45.8564568
40.0951042
40.0934448
40.0915718
40.08992
43.5821648
334.691101
377.750793
170.28006
61.2567444
48.6427574
42.8341866
100.089493
100.087769
100.086266
100.084496
100.08287
100.767876
166.58078
165.249435
117.757011
135.436951
145.102951
132.693054
115.358116
102.765572
304.631409
306.988373
161.224915
103.136513
101.43985
100.194748
100.083794
273.772156
443.335938
318.815155
241.89859
322.872986
290.214966
169.840057
109.017456
100.647118
100.143906
100.09977
100.098404
100.097847
100.096771
102.33075
117.071426
342.562286
401.232452
236.553116
122.064857
100.137894
100.121582
100.10099
100.100159
100.099449
288.889313
277.669556
156.486176
408.604797
454.187317
235.523575
113.900345
100.109627
100.109215
100.10836
113.050026
204.707535
186.466904
125.509338
100.11174
50.1104507
50.1083908
52.7564125
86.4367294
253.110199
260.6185
129.738403
353.252136
323.809814
133.110245
50.1057091
50.1044273
119.366074
174.908493
222.624908
162.749481
340.752045
560.570251
580.51532
529.332397
770.398621
774.383728
518.601807
271.976837
100.115227
100.113121
100.11132
100.109154
100.107185
100.105324
101.370201
194.326202
231.057129
163.507156
212.848267
198.354691
133.311707
102.527786
127.211555
115.802299
107.621048
101.378754
100.668411
100.511971
100.104767
100.099945
100.094292
100.092651
100.091583
100.090508
100.089401
100.088814
100.087715
100.086754
100.085899
100.305725
100.084457
100.083282
100.082222
100.08136
100.080231
100.077728
50.0772209
50.0763512
50.0762901
50.0748291
50.3563461
50.6984596
50.2516594
50.1625748
50.0725441
52.9950943
51.6916542
53.531208
51.7164459
50.6712227
51.3361855
51.6360931
50.753273
50.3052788
50.067379
50.0671349
50.0694351
50.0689011
50.0674706
50.0671539
50.064991
52.8959923
51.8932457
51.0553093
100.137543
100.062057
50.0619316
50.0617561
50.0617065
50.0615616
50.0612984
50.0611839
50.0611801
51.4675713
50.9950218
51.1304436
50.1542931
50.0946503
50.0606346
59.2721329
97.4352646
82.2197189
60.9092636
50.066227
190.617432
342.650757
248.472443
100.074837
50.077652
51.6024933
51.890831
54.3908997
52.4511261
51.8600769
50.1323471
80.0836105
80.3466721
80.0720978
80.0670013
80.0653458
80.0642548
80.0633698
80.0625
80.0613556
80.0608521
80.0603943
80.0612488
80.0641403
80.0626907
80.0591888
80.0626678
80.0623169
91.8243713
275.097229
335.23584
210.188461
221.150909
862.010193
830.320923
545.986572
313.971527
152.247055
101.499214
100.079262
100.076828
100.231789
100.68618
100.251846
100.071289
100.070023
100.398224
101.253578
100.489471
100.090424
100.063835
100.062737
100.063812
100.122299
101.81691
494.371704
956.71167
983.543152
984.57959
1127.1311
779.079773
583.782898
1291.32922
841.913208
350.55896
271.399506
349.384003
269.874725
263.598969
231.775253
170.40538
100.523346
100.087631
100.08564
189.523529
178.265091
123.674385
100.082512
265.367035
531.867493
415.767395
252.667343
281.385193
255.099762
109.386833
100.077217
100.075676
100.074509
147.090408
455.528046
840.247864
684.292053
829.553284
708.741394
703.850891
709.019348
667.146973
662.769348
690.714661
665.183533
360.258759
119.747658
100.086044
100.084679
100.083565
100.082474
100.081154
100.080032
100.079079
100.077827
100.077049
100.076111
100.075272
100.074272
100.073021
100.073181
100.072426
100.0718
100.07016
105.095032
104.621803
101.22612
100.068932
100.068123
269.362854
338.329285
221.347549
121.234642
104.237465
126.691475
153.966705
137.035721
109.596367
101.467278
100.522865
100.208336
100.105637
100.077461
100.076752
100.075996
100.075371
100.200516
100.822601
101.151115
100.343323
186.596252
189.296951
126.524658
100.886147
103.85994
363.625824
422.631897
235.57312
116.398598
100.086029
100.085396
104.879929
105.515121
101.492912
100.082939
101.452827
102.295975
102.814011
120.403694
58.4198074
112.556671
124.127075
644.003174
632.954651
503.333405
455.484192
322.928284
194.747787
168.599304
120.66172
609.48761
1036.93787
937.198364
1102.63123
1074.89319
611.553589
176.026505
100.095749
100.093956
100.092026
100.090538
105.266495
198.172485
495.961182
497.421967
546.418945
788.675842
770.090088
689.880615
1050.74658
900.30603
722.494385
696.691406
704.007385
622.107788
402.65155
376.454254
382.486053
360.217896
143.345154
100.118011
100.116661
100.11512
100.113678
100.112152
100.11058
100.109261
100.10791
100.106361
100.105293
100.104225
116.343552
136.599564
123.471283
104.459137
100.101173
100.100189
100.099213
102.091019
105.417824
101.711655
100.620811
101.922096
101.446884
100.521507
100.145912
100.090218
100.089203
113.989914
107.368172
102.371368
100.525589
100.108994
488.74527
480.614105
215.278885
109.358986
104.363419
101.492744
100.091057
100.090424
100.089729
103.910599
102.08532
100.819962
100.087715
100.084129
100.083237
100.082802
111.318733
54.9372292
51.5963707
50.0822105
50.0803375
50.0785789
50.0765648
50.0754356
50.0740585
50.0730782
51.0104179
156.159348
133.832855
75.3094788
50.0759773
50.0743523
50.0739517
50.0727921
50.072197
50.071209
50.0706062
50.0696487
50.0691872
50.0686073
50.0677795
50.0672646
50.0666771
50.0663147
50.0660172
50.0654335
102.333359
87.7621994
62.9355087
50.4686699
50.0678978
50.0672607
50.0668983
98.8227234
85.4764557
60.9885101
50.0700912
50.0686455
50.0680161
50.067234
50.0668526
50.0660324
50.0655632
50.0648575
50.0644073
50.0640373
50.0635452
50.0634766
50.0626602
50.0624542
50.0621185
50.0618286
50.8891029
50.2846031
50.1838722
50.0600853
50.0597801
50.0594902
50.0579491
50.0579338
50.0577583
50.057785
50.0584869
50.058403
50.0570946
50.0570831
50.0569038
50.0570679
50.0564842
50.0564194
50.0561104
50.0559769
50.0555496
50.0553207
50.0552025
50.0549812
50.0549202
50.0546875
50.054615
50.0543861
50.1408348
92.1105347
81.0947266
60.1307106
50.0586624
50.0586891
50.0543365
50.0542374
50.0539856
50.0538635
50.0537376
50.0536652
50.053463
50.0534401
50.0533295
50.0530624
50.0530243
50.0526047
50.0518951
50.0516663
50.0515823
50.0515518
50.0515213
50.0514984
50.0514717
50.0515366
50.0512161
50.0514336
50.4704056
50.0678024
50.0542374
50.0539207
50.0514374
54.8284454
55.1727791
52.2190094
50.5582542
50.0529289
191.531342
100.052361
100.052246
101.108124
100.09343
100.051056
100.050339
100.055397
100.055298
100.052078
100.052094
125.836113
117.835487
396.325043
369.167908
185.66951
100.065079
100.062393
100.060173
106.346924
112.937607
107.740456
102.217445
100.062073
141.921661
139.342224
115.346138
109.815948
106.335861
102.291992
114.480003
115.379158
114.944893
112.463028
107.629692
122.802261
146.649414
402.592529
389.277893
450.965759
1445.53638
1828.91309
994.139038
1325.25757
1927.83459
1048.36633
240.48381
103.283112
100.971367
100.076508
100.075226
100.073959
100.072845
100.07164
100.070183
100.107796
100.284599
111.725319
113.680168
105.060692
100.379982
100.06485
100.061501
101.020004
62.68396
64.3957367
104.498978
119.957153
97.406311
71.5410004
101.960304
77.4963074
71.5184555
63.5986061
236.966858
292.67453
362.642212
470.996643
447.773712
590.073486
491.44281
538.221863
388.780243
180.907516
380.016663
719.239014
662.069214
689.722778
673.511292
547.103455
190.024582
100.225937
113.820396
138.604889
128.858368
107.247101
100.080986
103.074936
103.518333
101.356117
101.157173
101.049759
100.362518
100.147736
100.103912
100.079765
100.073067
129.780869
150.236298
141.079559
117.441605
103.170982
100.185341
120.459267
130.09436
116.55912
103.605164
112.651184
456.916687
606.965637
370.412628
156.698334
103.723289
100.380196
100.084076
102.079453
102.976074
100.838615
100.080574
100.080055
100.079422
100.078613
107.678772
108.036369
102.135986
100.076385
100.075417
103.3797
104.164818
113.245857
183.371918
271.274872
247.309479
255.140594
292.489685
216.776428
145.085571
165.87323
268.703491
266.954956
170.219788
229.324341
222.916718
76.53228
40.6145859
41.076252
40.9026146
40.4441452
40.0999069
40.0977402
40.0955315
40.0934448
40.091713
98.4867401
377.483643
1061.33521
885.535889
717.665649
1019.36389
743.264832
706.143494
435.922668
298.155518
100.099533
100.0979
100.096237
506.065399
516.260254
283.375031
420.470428
386.810028
148.949905
130.844101
115.58696
104.040512
103.157822
102.112297
157.593964
155.832245
165.41188
149.521301
112.90451
100.091919
161.84314
304.953247
326.342346
205.400955
117.352959
100.098785
100.097855
100.096733
107.978752
133.922806
126.787933
105.95105
186.910736
306.961548
248.647614
240.248474
254.958252
182.277557
182.079697
164.855911
118.933105
100.812439
100.421455
100.108154
100.107185
111.341515
105.783249
101.901215
166.324158
202.377731
344.88382
292.42392
155.93222
100.889565
100.226875
100.111488
100.111069
100.110046
100.109421
100.108383
100.107719
100.390663
100.106171
100.105324
139.644989
175.466583
143.74707
110.48378
104.833351
102.560593
100.978729
50.104557
50.1026611
50.1003571
50.0982742
50.0963097
50.0942993
50.0926704
159.8647
514.114746
482.998657
189.922806
59.8601913
82.243782
1173.45129
1479.00317
685.832336
1522.22058
1561.87585
779.308472
130.6539
100.096184
100.094002
100.092529
100.090942
100.08963
100.088272
100.08712
100.085854
50.0847931
50.0838013
105.154823
342.582672
804.145691
783.016052
368.165833
464.780151
709.815063
324.664307
100.552895
100.131294
100.11158
100.08622
100.084869
100.083748
100.08313
100.082329
100.081055
100.08065
100.079529
100.078934
100.078064
100.077003
100.07737
100.076805
100.074997
100.075111
100.074486
100.075043
100.07444
100.073914
100.073151
100.068947
50.0706215
50.0690308
50.0666618
50.0686989
58.8786545
54.0498886
51.429966
53.4143333
51.5298233
56.1430283
63.0166626
72.3680573
75.3324127
80.8971252
63.6952591
53.5494118
50.069294
50.068821
53.9503746
52.0110168
50.8537598
50.0680466
50.0681114
50.2774849
50.0695915
59.0436859
54.5183754
61.6174126
117.358681
113.373772
117.156631
147.629333
130.673187
109.473595
129.261063
143.334625
166.710129
138.649002
111.603333
100.076996
102.673019
53.3787193
51.3591843
50.3603821
50.0731621
51.0001831
50.1711006
50.1026497
50.069828
59.6764946
55.9906845
52.2870598
51.2603989
139.143723
195.160645
411.856934
605.553284
524.234497
250.512207
119.355507
100.431732
100.086906
100.084709
100.082947
100.081284
100.079765
100.539322
100.076965
100.075966
100.074852
100.073761
100.071037
100.068909
80.0688629
80.0680389
80.0647202
80.0636978
80.0626297
80.0614929
80.0610809
80.0645142
257.672729
452.214386
394.064941
222.096771
664.889893
721.036743
452.285217
259.804596
163.837463
107.511177
100.419983
100.721817
100.263611
100.081337
100.079765
101.565575
102.639267
100.891548
100.106087
100.073524
100.071869
100.071411
100.070099
100.068512
100.067657
100.066025
100.064255
100.063759
100.062767
100.062027
103.564224
212.411194
240.066101
211.422974
162.591156
116.488052
194.771271
617.853882
820.474609
458.02298
151.36467
65.8625793
60.7125282
60.0784416
60.4339561
60.6457291
60.2700424
68.0934982
140.098465
179.84465
145.200455
87.5845337
64.2906265
60.0729103
60.0718117
60.0707817
60.0694809
60.0680695
60.967968
60.4300156
60.1762772
60.0649109
60.1487312
60.0776215
60.0649223
60.0619888
60.060688
60.1386604
60.5611191
116.24942
151.805344
139.984924
110.494469
100.108978
214.702744
216.907578
134.688339
100.068077
107.948349
107.649918
103.329659
121.029114
119.953918
105.809593
543.246643
568.46936
1063.47351
1185.54993
1076.25964
1033.27209
1074.4071
1364.54395
855.366516
440.621307
268.636017
222.857376
100.633202
105.280533
104.915207
121.099075
513.652832
928.229736
828.067078
1332.40491
1315.26367
1153.11682
751.901123
452.255829
183.400574
142.823242
112.754517
106.51503
121.372513
117.029663
113.886429
110.07415
102.702553
100.100609
100.09977
100.098442
100.098152
100.097176
124.599159
220.462677
204.995514
128.69548
118.706131
271.936157
759.285522
719.499146
317.722076
352.182312
339.027679
327.932861
195.74707
162.483765
173.890488
205.82486
226.853546
233.211517
205.496262
171.969086
117.290726
118.216331
109.177116
101.784355
100.103622
100.101707
100.099701
100.097855
100.095947
100.09407
100.0923
100.090431
100.088303
100.086647
100.085205
100.084007
100.082336
44.9240875
44.9581757
102.506096
100.459511
100.147064
100.076103
100.109901
100.08622
100.07325
100.072624
100.071655
101.660889
103.888275
102.559769
100.295593
100.067924
100.4562
100.192215
100.067162
100.06752
102.18943
104.354843
102.470062
159.728851
161.54158
123.991501
276.344635
431.72876
712.21698
660.522339
325.288239
128.920441
100.088249
100.087234
100.086487
100.085518
100.084633
100.083694
100.082809
100.081505
100.080971
100.080261
197.792603
483.201202
670.475708
493.767914
224.157501
115.340034
100.094589
100.166389
100.093475
100.092224
100.092087
136.533463
255.414307
417.890991
398.528717
235.964447
126.682472
101.913864
100.105232
100.102997
100.103546
103.220177
101.788979
144.179733
731.92688
669.709534
235.072006
444.68689
644.506226
230.847183
100.107208
100.093697
100.091835
100.090111
100.088509
100.086914
100.569649
100.084999
50.0835114
50.0821915
50.0811005
50.0802155
50.079277
50.0782967
50.0780716
50.0773468
74.113205
105.635971
80.0067749
58.6599846
50.0775452
100.076866
209.100327
234.687393
160.710831
110.508896
100.080673
125.372345
114.551308
104.606789
100.079102
100.078003
100.077606
100.076653
100.076271
100.075447
100.074829
100.07415
100.073128
100.072212
110.268051
104.830727
101.632446
100.06929
100.069405
100.071777
100.071152
100.067276
50.0683594
50.0701675
50.069355
50.069397
50.1200676
50.0627823
50.0624962
50.0620003
50.0617409
50.0615044
50.061203
53.9650688
51.8245621
50.757885
50.0601997
50.06007
50.0597992
50.0599365
50.0596352
50.0593224
50.058979
50.0587616
50.0586433
50.0588493
50.0587082
50.0583725
50.0581512
50.057827
50.0576363
50.057476
50.0573158
50.057312
50.0571518
50.0551567
56.9060135
56.2051163
52.5675316
50.5390091
50.0579567
50.0572205
50.0545044
316.22876
294.202423
127.315102
50.0645943
50.0639114
50.0628548
50.0619049
50.0611267
50.0603752
50.060215
50.0602837
137.130417
125.858643
74.6335526
50.0660133
50.06464
50.0634689
67.0511475
61.7526703
54.236927
52.3118057
51.2209816
50.5796852
80.0622025
80.0635071
80.0632553
81.6425934
80.4799805
80.2189941
80.1225204
95.9164658
175.450226
443.208679
945.145081
1084.87927
730.757141
318.421509
133.026428
107.532867
101.972595
100.078613
100.076752
100.07476
126.251129
120.745987
107.249329
100.069969
100.068771
101.280708
100.111885
100.063469
100.061584
100.061211
100.058647
100.057899
100.057472
181.173828
183.125839
125.321243
100.103424
100.063591
100.061981
100.061996
100.060661
100.060127
100.058891
104.910988
210.795532
260.151978
183.706161
264.761078
492.079529
491.541809
402.071686
359.655243
270.444244
161.380219
109.065163
100.087799
172.518829
1251.48645
1810.26123
1270.23218
542.074951
1882.776
1363.02222
522.893555
122.640694
100.089729
100.086716
100.084061
100.081627
100.080185
100.078033
167.451477
155.766144
116.939011
100.073692
100.136063
100.080811
119.746162
112.940315
104.012283
100.067764
100.066872
100.066025
158.238434
146.500671
74.1074295
63.5213394
488.636566
451.138947
182.599365
102.826065
212.01178
490.862244
520.435791
489.227783
511.453186
349.19519
370.189117
255.052689
100.083786
100.083237
100.081726
100.080688
100.079544
100.078331
100.077553
101.273735
101.376396
100.490326
130.280807
129.032745
108.324219
100.074173
100.072609
100.072952
100.072258
100.071526
100.070831
100.06987
100.070244
100.069168
100.06852
101.58046
102.308983
100.650574
100.067039
100.066711
117.044762
117.311081
105.661438
106.030914
105.785423
101.461617
120.451805
299.233032
380.496948
249.005951
128.125916
100.078949
100.078407
102.690475
148.859329
161.218964
127.351425
112.400162
109.066338
102.405434
100.080673
162.574738
166.624405
331.901794
319.895081
168.135635
41.1075592
40.0896225
40.0873146
40.0853081
40.0832748
40.0816765
40.0799561
40.0783386
40.0769501
97.3456879
97.7365341
59.0879784
41.2926025
54.0953484
380.757812
432.500244
196.899734
58.0269928
40.5651283
40.0787697
40.1516876
40.4617424
40.2840538
40.7292595
40.8240585
40.413826
40.0696716
40.0684891
40.0673218
40.0667343
100.065552
100.064682
100.063644
101.213402
103.137871
102.277466
100.26725
100.06028
121.014565
162.143829
157.223175
122.227669
102.495621
100.064812
100.063332
100.062523
100.061584
100.060471
100.059387
100.059036
100.05909
105.949905
109.947151
105.420143
100.526108
100.057671
100.327309
103.460358
71.6535339
40.4209099
40.0568657
100.057671
100.057236
146.942169
279.892181
239.683029
138.667572
100.07045
100.070099
100.06971
100.066071
103.162636
101.70385
10.0345917
90.7215805
100.062378
100.061493
101.015236
100.396736
100.238503
100.065437
100.065063
100.064209
100.058296
100.059181
115.360199
12.3527613
98.6228104
100.057594
100.058868
100.05864
50.061039
50.0617485
50.0620346
50.9652443
60.627697
65.2737961
98.771637
118.437515
228.594009
176.924164
86.6786041
50.0712318
50.0705414
50.0699768
50.068943
50.068161
50.0673332
50.0685501
50.0679779
50.0646095
50.0656586
50.0653419
50.0627022
50.0619736
50.0615463
50.062027
50.0616608
50.0599785
50.0595436
55.9766006
52.1613808
50.7481766
72.7502899
278.842407
385.696259
234.266388
88.7485657
50.0737953
50.0727043
50.0721359
50.0714645
50.0702209
50.0692825
50.0682869
50.0682373
50.0678253
50.0657005
50.0650177
50.0641975
50.0634155
50.0630112
50.0623245
50.0618553
50.0661583
50.0656509
50.0655899
50.0599785
50.9547653
50.3048058
50.198967
50.0606422
50.0580902
50.0612335
50.0609245
50.0559235
50.0593224
50.0592957
50.0553474
50.0553207
50.0553055
50.055233
50.055233
50.0549088
50.0547981
50.0544128
50.054554
50.0543518
50.0543098
50.0541229
50.0539818
50.0539207
50.0538826
50.0536842
50.0536461
50.0535812
50.0534973
50.0532913
50.0532379
50.0531807
10.0219145
40.0832939
50.0521507
50.0521088
50.0520554
50.0519829
50.0518837
50.0517578
50.0515671
50.0512581
50.0508614
50.0508003
50.0507545
50.0507126
50.0506706
50.0504646
50.0504265
50.050396
50.050354
50.0503006
50.0505028
50.050148
50.0503273
79.8293533
73.6959305
58.428299
50.71521
50.0564117
50.0530586
50.1008492
50.0556221
50.0523605
128.757568
119.061462
93.4541092
80.0587616
80.0565796
80.0553589
80.1904831
80.05896
80.0524139
80.051445
80.0506821
80.0505295
80.0503464
80.0497665
80.0496445
80.0495453
80.0494537
10.0186052
70.0809784
80.4940262
80.0662613
80.0521393
80.0495377
10.8454638
102.119095
111.572617
93.2392044
81.7570496
449.079529
431.515991
210.461517
100.063301
100.062035
103.559181
104.683655
101.358849
100.057861
100.058281
100.110481
100.072044
100.055016
100.054962
56.1535225
332.232361
549.003174
429.629425
245.257812
123.930862
100.074631
100.073509
113.213226
290.983521
328.328308
197.654739
112.704918
100.085976
109.895027
111.363808
103.367561
100.072495
100.071144
60.0681801
85.0569839
133.652069
409.935974
593.230713
390.023163
263.341736
495.976288
696.143066
450.517212
155.0159
63.3837585
60.0829391
75.1799469
119.624649
116.17482
128.318008
99.5752487
71.1252594
276.646973
345.16626
192.029068
81.3940201
60.1669922
126.320023
218.679962
345.564697
574.694458
538.984253
258.160187
131.625519
127.272598
127.19899
113.847214
135.183929
131.060226
108.768913
100.217743
100.116806
104.012901
110.025055
117.480705
263.820831
277.745605
464.725433
433.485504
280.767242
319.225433
462.21106
342.892761
199.606125
396.954742
249.463104
100.103745
182.484207
209.526672
359.535461
470.486115
458.118866
469.902496
439.492706
483.029663
378.947632
292.380859
266.357788
253.119873
118.508698
100.810707
100.597694
100.228127
100.114403
130.650238
255.105743
275.93927
515.337219
458.554291
255.386292
325.573578
370.083191
188.928925
215.20549
167.921249
126.19326
111.046799
140.706253
144.946457
117.969604
104.072693
103.265823
101.598145
120.100281
119.975075
185.936493
214.343002
170.518021
123.287231
104.449188
100.206291
246.845245
267.265472
188.912872
131.149323
108.7938
103.082047
104.877335
103.07029
100.966766
100.917923
101.240692
123.956947
123.541824
108.298454
103.885101
170.929718
109.249756
61.1959953
100.105164
104.917839
190.522186
137.079834
75.5549088
110.848183
108.469749
110.060966
106.663605
164.770996
228.243347
198.344879
159.369385
176.185165
447.792725
509.463226
339.354156
233.138672
166.653503
114.300323
100.182747
100.417686
102.305878
102.600601
100.363976
100.319786
100.177811
100.110748
100.109192
100.722984
128.26738
128.523148
117.258598
163.224762
154.527756
159.223633
