0.0
0.0
0.0
0.0
0.0
0.0
0.0
0.0
0.0
0.0
0.0
0.0
0.0
0.0
0.0
0.0
0.0
0.0
0.0
0.0
0.0
0.0
0.0
0.0
0.0
0.0
0.0
0.0
0.0
0.0
0.0
0.0
0.0
0.0
0.0
0.0
0.0
0.0
0.0
0.0
0.0
0.0
0.0
0.0
0.0
0.0
0.0
0.0
0.0
0.0
0.0
0.0
0.0
0.0
0.0
0.0
0.0
0.0
0.0
0.0
0.0
0.0
0.0
0.0
0.0
0.0
0.0
0.0
0.0
0.0
0.0
0.0
0.0
0.0
0.0
0.0
0.0
0.0
0.0
0.0
0.0
0.0
0.0
0.0
0.0
0.0
0.0
0.0
0.0
0.0
0.0
0.0
0.0
0.0544504933
28.6453705
64.5402679
116.484665
91.5811844
34.5643616
9.99697208
6.00550461
0.0
0.0
0.0
0.000316926977
0.000522714108
0.000671063201
0.000755995628
0.000929920934
7.67829275
24.9506245
12.9939632
9.41274834
0.00164530566
0.00180790899
0.00204539998
0.0020693785
0.00250902958
0.00205764174
3.94371319
2.84574938
1.25772095
0.529392779
0.167441532
0.002999102
30.9585571
19.0187511
9.99943352
9.76136017
0.0030034706
0.0236777216
0.00850830507
0.00226411363
0.00226196973
0.00225783
0.00225143856
0.00240776222
0.615305662
1.19375849
0.365841538
0.241845787
0.756869435
0.239800304
0.593387187
1.15476179
1.82992935
1.98888183
5.05137444
5.04991436
21.484787
13.4698706
10.0106792
4.39223957
0.0930876285
78.9961777
105.201523
56.5725861
51.7952347
32.662281
10.015234
50.979023
107.832321
104.586411
36509.1797
120.084526
105.303352
100.391304
100.040337
100.04068
100.040825
177.67128
437.309448
445.252563
236.831894
119.117386
166.979645
168.653854
124.068985
102.074417
100.079109
100.076797
100.07457
60.2244225
100.436295
101.3405
107.415382
114.09893
127.381027
191.976807
176.303436
120.929405
100.072617
100.072411
100.071457
100.070717
100.069908
100.068878
100.0681
100.16008
110.959755
110.659225
103.055984
100.660744
227.63768
322.314575
268.89325
202.70993
188.18988
158.226501
130.651291
109.720245
71.9356308
70.6278
70.2059174
101.07412
101.784874
100.541199
100.094925
100.093361
100.091515
117.239281
186.747849
255.161896
219.320496
363.605286
368.403381
260.918488
211.271469
172.219376
124.631248
113.265152
111.132614
104.308319
100.662201
100.36982
100.2612
126.059921
126.733948
107.748413
101.812492
102.673752
100.798729
100.132874
100.131058
100.129768
40.1274033
43.2286148
42.8462219
52.684021
55.0643959
49.5802155
69.484787
181.795013
416.586975
404.341248
189.674728
61.942627
194.384262
243.547195
147.015091
67.6401749
59.4779167
55.5291481
45.0635071
40.1627197
40.1604309
40.1580505
40.1553154
43.3236771
225.103897
261.77063
131.673309
58.8618431
47.8408165
42.6129723
100.16552
100.16362
100.161438
100.15921
100.156761
100.785835
147.490448
146.58667
113.033241
128.35614
136.439804
127.188881
112.994164
102.43222
233.696808
235.402832
140.407944
102.953049
101.390442
100.260658
100.160385
213.827713
316.931885
195.519836
163.343903
274.384857
250.094452
155.837845
108.142868
100.792946
100.246033
100.204315
100.203629
100.202942
100.201988
102.7108
115.97541
267.787231
325.707855
202.014236
118.546242
100.250862
100.236557
100.217041
100.21656
100.216164
247.263504
219.651276
139.272491
364.849823
373.605713
203.4646
112.481552
100.244865
100.245094
100.244965
115.535027
197.442627
170.144226
119.794632
100.247917
50.2470207
50.2446404
53.6128349
84.0770264
206.525085
206.256104
108.217857
290.127808
233.654037
105.790207
50.2432785
50.2409935
111.424355
158.144409
196.792969
140.395203
280.77652
456.534729
489.662415
425.140045
263.358826
110.134911
56.0291672
50.2601852
50.257431
50.2542801
50.2503319
50.2460175
50.2416039
50.2372055
101.94677
170.644424
203.60968
148.53157
199.085205
180.2117
127.101685
102.407402
127.35984
114.045525
107.997597
101.304398
100.675285
100.775993
100.171776
100.163689
100.154625
100.150261
100.145889
100.141647
100.138054
100.13446
100.131271
100.127914
100.124947
100.372223
100.119926
100.117355
100.115028
100.112648
100.110847
100.108208
50.1072655
50.1057701
50.1053123
50.1038589
50.3866386
50.7112274
50.2678375
50.1851616
50.0992813
52.7846069
51.5310555
52.9759102
51.4028282
50.548687
51.1338081
51.3037491
50.5475502
50.2453079
50.0884933
50.087162
50.0890541
50.0884132
50.0866776
50.0863609
50.0833168
52.472332
51.4089584
50.7594109
100.126884
100.078873
100.078552
100.078148
100.077713
100.07711
100.076645
100.07608
100.075615
101.216484
100.773636
100.883896
100.134911
100.094231
50.0726852
56.8187256
76.2763519
66.5874481
55.3316917
50.0738182
112.940582
193.453156
145.330322
76.2734985
50.0830879
51.5139961
51.7389946
53.9051437
52.2398376
51.6796455
50.1316643
80.0887146
80.3273621
80.0770798
80.0738754
80.0725937
80.0711212
80.0697556
80.0685501
80.0674973
80.0665741
80.0658798
80.0658417
80.0680313
80.0669632
80.0624924
80.0657272
80.0654907
90.1279221
183.37999
227.483871
162.059921
182.77652
711.145813
680.381836
430.885773
244.196411
130.49176
81.4584503
80.1166611
80.1129379
100.259056
100.69104
100.274696
100.100609
100.097069
100.404297
101.204498
100.482674
100.109009
100.083801
100.081108
100.078705
100.131081
101.742332
329.882019
688.702148
749.416992
762.401733
888.36615
634.756165
319.791809
179.930649
124.123863
114.619911
211.270233
278.77832
214.676651
131.9189
103.122574
101.58976
100.593079
60.1848907
60.1810799
121.628983
114.804138
76.6433258
60.1697121
169.896957
361.542297
279.757751
117.165558
60.2890892
60.1789589
60.1753845
60.1716652
60.1678925
60.1643486
99.3691711
320.908264
613.400146
501.879883
235.791504
106.240646
102.371292
405.966858
476.536743
258.323547
146.978485
96.7055969
70.8706741
100.213722
100.210564
100.207214
100.203644
100.20002
100.196228
100.19252
100.188843
100.184959
100.181152
100.177422
100.17379
100.170082
100.166824
100.163307
100.159981
100.156433
100.153282
104.936569
104.39492
101.235497
100.141441
100.138138
198.144562
245.586945
178.044922
115.345634
104.01992
124.568329
146.322815
129.410172
107.672554
101.401146
100.536636
100.248093
100.153
100.124969
100.123047
100.121094
100.119064
100.236412
100.814247
101.116974
100.364128
161.818253
158.290894
117.48748
100.85215
103.696976
289.265167
325.429352
198.049362
114.030106
100.128433
100.12767
105.031052
105.122971
101.421394
100.123131
101.364487
102.123512
102.601974
118.514473
54.5745583
94.8114624
101.750603
520.77832
491.131134
396.45105
348.882294
259.907104
169.26593
95.6746063
58.0606194
444.453705
768.230225
478.806274
138.231766
100.212288
412.59906
161.022339
100.206879
100.204224
100.201607
100.198639
104.98465
167.820587
367.703979
382.871307
450.000977
471.310364
481.050842
551.562256
945.341064
765.693604
633.646667
614.387268
709.610168
615.006653
393.969025
348.111145
382.551727
380.415619
160.330078
100.269653
100.269318
100.268898
100.268288
100.267677
100.266693
100.265785
100.264847
100.263672
100.262337
100.260834
114.843376
130.505524
118.85421
103.669418
100.255486
100.254219
100.25293
102.095879
104.989098
101.697533
100.720467
101.827751
101.409958
100.617744
100.289558
100.240959
100.239563
111.711075
106.280487
102.105614
100.609291
100.251534
346.952301
338.489868
172.612289
109.110733
104.267181
101.518967
100.252876
100.252472
100.252052
103.87233
102.120895
100.912544
100.249344
100.247543
100.246681
100.245667
109.995102
54.4872169
51.5353622
50.2338715
50.2293587
50.2244873
50.2194214
50.2147713
50.2096558
50.2048454
51.0304718
114.606003
103.360626
66.0777893
50.1840401
50.1799545
50.1758156
50.1712952
50.1669197
50.1626854
50.1585426
50.1544075
50.1499214
50.1460495
50.1418915
50.1379509
50.1340485
50.1300354
50.126339
50.122757
85.8923187
126.3162
108.925919
100.356285
100.105942
100.102959
100.100243
131.591476
122.345955
106.992996
100.092659
100.091095
100.089668
100.088341
100.087143
100.08596
100.084908
100.083809
100.082672
100.081863
100.080933
100.080269
100.07991
50.0791855
50.078289
50.0778275
50.8385735
50.2703018
50.1854973
50.0749245
50.0742073
50.0733299
50.0679131
50.0675774
50.0669518
50.0665054
50.0669746
50.0665512
50.0653076
50.064888
50.0644302
50.0640488
50.0635071
50.063179
50.0624046
50.0619354
50.0612869
50.0608253
50.0601273
50.0596657
50.0591393
50.0585327
50.057663
50.0572739
50.1383018
73.3351593
67.468399
55.7337532
50.0579033
50.0576057
50.0538902
50.0538635
50.0537224
50.0537338
50.0537453
50.0536003
50.0536156
50.0534706
50.0534782
50.0534859
50.0533218
50.0531502
50.0526581
50.0524292
50.0524025
50.0522156
50.0521812
50.0519867
50.0517845
50.0518608
50.0513115
50.051239
50.3906136
50.0617409
50.0532875
50.0532455
50.0504303
52.9875145
52.8676453
51.0959053
50.2903061
50.0504913
80.0497894
80.0490723
80.0485382
80.787674
80.0689926
80.0460739
80.0449905
80.0485458
80.0480957
80.0452576
10.0189123
82.0682526
11.4242296
178.753937
160.111145
105.780975
80.0501328
20.542902
10.023942
75.2055206
89.8185654
85.7278137
10.0262861
71.654892
107.088364
105.252434
10.5556917
86.9772873
84.8011322
81.7554245
110.819084
60.6211777
61.0110397
58.4323616
55.4559364
66.3577652
81.7269669
235.603943
219.446411
283.09259
1199.54871
1538.2627
805.09552
237.164261
105.684792
106.84655
103.860985
103.000641
100.923225
100.118301
100.114723
100.110855
100.107124
100.102859
100.099014
100.131348
100.29332
110.116959
111.605774
104.234688
100.320915
60.0772324
60.0734177
60.847374
62.1335526
63.3500519
88.2426682
99.1780472
85.0808258
68.0187073
61.4603691
73.8405151
69.0078888
62.8320007
169.021698
210.550629
269.414337
321.335449
312.267059
412.343536
343.967346
189.046265
94.8534546
70.5387878
177.902985
514.556396
436.898254
165.59552
66.6362762
63.5018196
61.4756012
70.2812805
81.9580765
101.082352
92.5496902
75.6380234
70.1336441
72.8257446
73.1938553
71.2551651
71.0786819
70.9801331
70.3709412
70.181427
70.1397934
70.117569
70.1091537
92.825058
107.185669
99.9079666
82.661026
72.3784256
70.2005005
86.6100311
93.6260147
82.8356857
72.8435745
80.6292191
302.736145
405.969299
260.259552
114.359833
103.461746
100.397682
100.123634
101.989029
102.815483
100.823975
100.117119
100.115227
100.113289
100.111732
106.853821
107.072075
101.907913
100.105705
100.104622
102.914177
103.549599
60.5174599
105.245377
166.39444
155.774857
216.890106
247.094574
190.099609
137.812927
155.456161
232.996429
230.644562
155.461792
212.107056
188.498459
66.4487534
40.6346626
41.0714798
40.8886604
40.4621468
40.1448517
40.1419106
40.138958
40.1359329
40.133007
82.4229279
260.776276
856.029663
746.295044
331.546112
300.280212
223.552338
89.2191544
40.1890755
40.1882858
40.1862068
40.1842918
40.1820679
322.0354
320.94812
137.217575
54.6509857
46.7014999
63.7314758
65.5240326
112.959099
103.599541
102.865959
101.964821
144.00708
141.845047
151.25415
138.731003
110.227257
100.190811
147.097351
247.69278
269.645081
180.916351
114.301361
100.207176
100.206749
100.205894
107.672188
129.021866
121.629921
104.950104
165.83728
261.502869
212.911392
226.979401
238.295288
170.328583
183.106934
154.031921
116.256828
100.946022
100.520721
100.22921
100.228546
112.183701
105.497894
101.795525
154.354355
184.904465
305.638824
239.009201
139.347321
100.968071
100.348282
100.240623
100.240402
100.24012
100.239716
100.239113
100.238495
100.592911
100.237167
100.236687
134.539108
162.150894
133.733932
107.929474
105.477043
102.587067
101.029732
50.2339287
50.2301102
50.2257805
50.2214088
50.2166519
50.2120171
50.2077904
123.578308
389.689911
353.012146
149.016724
58.7834702
82.3456421
1066.9928
1265.10107
554.064453
116.121178
50.2406082
194.433334
124.257729
100.229988
100.225464
100.221199
100.216682
100.212097
100.20771
100.203102
100.198547
100.194252
100.189659
105.580276
252.602905
631.081909
617.572327
303.44339
268.528839
247.515701
269.140869
100.89521
100.217751
100.194626
100.165924
100.160561
100.155411
100.15049
100.145782
100.14135
100.137199
100.133286
100.129845
100.12648
100.12326
100.120438
100.117928
100.115402
100.113243
100.111145
100.109253
100.107391
100.105774
100.104187
100.101387
100.10144
100.100121
100.097626
100.098694
108.019859
103.578171
101.266312
102.74968
101.125099
104.623917
108.865425
113.816437
114.938454
117.818848
107.868774
102.213303
100.087852
100.08709
103.096657
101.513428
50.697361
50.0850677
50.085083
50.2759514
50.0865746
56.3640442
53.1655083
57.7885246
111.095535
108.820076
111.339668
129.182526
118.403374
105.653618
120.663055
129.382187
145.768005
124.883278
107.335815
100.085236
102.469749
102.94455
101.152351
100.317924
100.082161
100.92601
100.173035
100.109772
100.079895
108.268799
104.867653
101.803764
101.103859
157.079666
195.868454
356.149414
494.345642
446.355652
247.705963
130.053864
100.42807
100.121651
100.119278
100.116386
100.113564
100.110886
100.584656
100.105995
80.1030807
80.1002655
80.097435
80.0944901
80.0911789
80.0880737
80.0848923
80.0820694
80.0794144
80.0770187
80.0746536
80.0724335
80.071106
177.81192
308.903198
291.817993
188.285507
527.08551
569.527405
363.852478
203.167496
150.126617
106.548096
100.446007
100.732117
100.298386
100.124405
100.120949
101.514633
102.486313
100.862137
100.136452
100.105103
100.102013
100.099144
100.09639
100.093628
100.090714
100.087944
100.085243
100.082565
100.080154
100.077614
103.35659
164.391251
182.951538
176.359512
146.819641
112.330597
167.919128
472.273071
620.588501
351.043091
128.875198
65.343895
60.6907768
60.1165543
60.4504204
60.6454048
60.2910118
67.2043839
115.941803
147.983887
125.120506
82.1002045
63.6707039
60.095829
60.0928001
60.0894089
60.0865974
60.0838203
60.9350395
60.4228363
60.1822243
60.0757408
60.1520424
60.0839844
60.0725136
60.0710945
60.0697861
60.141037
60.549778
83.5370026
106.332169
96.1781693
76.7298813
70.0982132
141.650635
137.381195
89.8622818
70.07061
77.1767578
76.8155136
72.9730072
87.1863556
86.0511246
74.7199478
375.141418
390.059326
854.926453
950.891541
850.824341
512.646423
207.217819
242.503296
245.586151
145.979111
104.248474
102.552452
100.67852
105.034714
104.550598
119.351486
411.125
722.316895
647.813354
600.099365
388.704865
175.024597
100.232315
100.231178
138.584167
134.208664
110.367561
106.573456
120.022926
114.355316
112.915451
108.756729
102.444824
100.214867
100.212708
100.210274
100.207703
100.205383
122.099655
190.883392
170.262909
118.898262
118.6866
238.53067
630.419556
587.823486
272.331696
116.138191
100.236473
140.231689
176.903656
148.651596
160.367615
186.31926
203.425049
169.17218
123.624825
118.839119
112.309097
116.61792
108.152473
101.653381
100.230125
100.227333
100.224419
100.221336
100.21843
100.215141
100.212059
100.209259
100.206062
100.202957
100.199944
100.197144
100.19442
44.589283
44.5649757
102.32103
100.502136
100.238365
100.179466
100.205231
100.183517
100.172127
100.16964
100.167168
101.457054
103.130424
102.039307
100.329559
100.155823
100.466774
100.251122
100.149536
100.147919
101.800285
103.318726
101.839706
139.265503
139.75528
117.195625
205.477219
314.642029
536.338623
515.845276
270.662537
123.263992
100.192871
100.19278
100.192108
100.191452
100.190346
100.189201
100.188362
100.186974
100.185417
100.184441
165.916779
360.628906
509.955902
397.00528
197.737137
113.169388
100.229866
100.29834
100.229836
100.229362
100.228767
131.658813
218.519684
346.882019
353.346924
224.42009
126.896294
102.269676
100.251678
100.250381
100.251152
54.1273346
52.1801987
126.204781
633.57312
534.109497
196.552689
51.8112907
102.62133
100.271019
100.254578
100.239113
100.234749
100.229988
100.22551
50.2208977
50.8605423
50.2116776
50.2067032
50.2023506
50.1976585
50.1929207
50.1883736
50.18396
50.1799393
50.175621
70.7471466
89.8303986
70.4200745
105.49575
50.1553612
100.151413
170.999664
193.164246
140.742584
107.702568
100.133667
124.646011
112.092918
103.841934
100.120552
100.117447
100.114349
100.111809
100.109528
100.107567
100.105423
100.103607
100.101929
100.100327
109.665077
104.118813
101.408989
100.095291
100.094246
100.093315
100.092453
100.091591
100.090919
100.090088
100.089478
100.089127
100.13932
50.0827065
50.0821457
50.0814514
50.0808296
50.0800514
50.0793915
53.4527092
51.4634628
50.6163445
50.0776062
50.0770035
50.0765114
50.0761833
50.0756874
50.0750618
50.0746346
50.0741806
50.0737305
50.0733757
50.072979
50.072155
50.0715637
50.0711327
50.0705223
50.0697823
50.0694351
50.0687561
50.0681114
100.065979
105.343857
104.311218
101.684853
100.351585
100.067184
100.066299
100.063263
210.855438
189.921768
128.855392
100.066772
100.067047
100.066849
100.06665
100.06636
100.066055
50.0662651
50.0665741
106.038048
96.6225586
65.199585
50.0692024
50.0691605
50.0690498
64.3318939
59.7582169
53.4880066
52.0415916
51.054306
50.5077705
80.0687103
80.0695648
80.0695267
81.4809341
80.4357758
80.2054291
80.1217346
92.7233276
140.746216
310.550812
714.229248
838.073059
572.594543
261.775848
122.989372
86.8966141
81.8710251
80.1337585
80.130188
80.1262436
101.487579
97.042099
85.9788284
80.1108322
80.1066971
81.1885834
80.1394882
80.094986
80.091629
80.0884247
100.085205
100.082016
100.079613
151.149673
152.313766
115.979706
100.104675
100.072433
100.071243
100.069778
100.068695
100.067276
100.065483
104.368118
169.421875
205.404373
159.152222
215.0896
373.585602
383.253357
325.30603
296.082001
232.292435
149.870392
107.814461
100.123573
153.234711
1096.34546
1561.77942
1054.58459
439.549164
130.647156
65.6253815
60.54916
60.1786079
60.1748924
60.1700859
60.1655197
60.1609612
60.1567955
60.152565
107.03109
99.7745514
72.1153107
60.1369591
60.1909103
60.1372757
76.2729111
70.5998917
63.3235931
60.1131401
60.1087608
60.1046448
100.331619
91.9946747
69.7646637
63.1037292
316.595764
303.680786
137.900803
62.6861687
181.062759
389.87738
415.160522
403.942017
267.37262
142.657745
100.145538
100.143631
100.141418
100.138908
100.136269
100.133316
100.130157
100.127304
100.124428
101.261734
101.347725
100.504456
125.589447
122.896812
106.680611
100.108406
100.106613
100.104401
100.102623
100.100861
100.099159
100.09803
100.096291
100.094772
100.093773
101.401451
101.994118
100.582344
100.089188
100.088203
113.570984
112.779533
104.169785
104.42701
104.035957
101.035606
114.402802
213.620422
274.890991
199.131393
120.723625
100.097618
100.097969
102.653603
142.640747
149.101135
121.8433
111.641808
108.039062
102.154274
100.099686
152.145111
149.253311
280.524811
247.795746
146.421768
41.0840607
40.1168327
40.1147346
40.1122208
40.1092072
40.1062813
40.1036453
40.1009331
40.0984802
81.9121246
81.422493
53.8758545
41.1776047
51.8476868
261.737701
303.795013
152.505768
55.3708458
40.5529022
40.1108589
40.1799164
40.4690971
40.3017769
40.7212334
40.7889557
40.4116402
40.0975037
40.0950813
40.0928154
40.0910416
100.089104
100.08741
100.085327
101.115379
102.69545
101.949371
100.255119
100.077774
116.577911
143.67749
140.335876
116.258804
101.904922
100.074585
100.073799
41.8968506
40.0718765
40.0710564
40.0702705
40.0693626
40.069046
45.1244011
48.1798248
44.2567215
40.4260025
40.0657768
40.3084984
42.9092407
43.1133232
40.3704643
40.063755
100.063858
100.06321
132.665466
113.263664
185.135681
122.765228
100.074135
100.074844
100.074699
100.07341
102.920219
101.590714
50.6504517
10.0414019
90.0993576
100.06913
100.92057
100.37101
100.226906
10.0410013
90.0970001
100.068024
10.0365152
90.092514
112.848969
107.049263
102.199585
100.061836
100.062531
100.06189
50.0649796
50.064621
50.0641174
50.8472977
58.6190605
61.7921104
83.2456131
98.2220383
169.200531
130.667831
73.0236511
50.0722656
50.0721359
50.0715866
50.070816
50.0703468
50.0694733
50.0687408
50.068222
50.0673409
50.0668526
50.0663261
50.0655899
50.0650139
50.0647659
50.0645523
50.0642509
50.0634422
50.0629921
55.455883
52.0509415
50.7074242
66.9586105
171.396362
246.444992
162.324158
75.7219009
50.076973
50.0768738
50.0761261
50.0751495
50.0741997
50.0732803
50.0724945
50.0716934
50.070797
50.0702286
50.0695038
50.06884
50.068119
50.0676956
50.0671272
50.0667381
50.0662079
50.0657997
50.0653877
50.0648804
50.8880577
50.2982216
50.1963577
50.0634575
50.0631981
50.0606613
50.0603447
50.0564499
50.0591354
50.0588608
50.0556984
50.0553436
50.0550995
50.0548897
50.0547867
50.0544128
50.0542603
50.054142
50.054184
50.0537682
50.0534477
50.0532112
50.0527763
50.0525551
50.0522575
50.0519829
50.0518227
50.0515137
50.0513496
50.0512047
50.0510635
50.0507622
50.0506134
50.0485725
50.0485725
50.0485725
50.0484467
50.0482292
50.0481873
50.0481224
50.0480118
50.047657
50.0473976
50.0473442
50.0472908
50.0470734
50.0470047
50.0469284
50.0466843
50.0465851
50.0464745
50.0461884
50.0463104
50.0458527
50.0457001
66.7906952
63.2182198
54.5265312
50.356411
50.0517235
50.0479584
50.0855637
50.0509987
50.047699
125.389191
114.073036
104.858025
100.048302
100.047501
100.04731
100.167175
100.051712
100.04644
100.046066
100.04586
100.045639
100.04541
100.044991
100.044632
100.044136
100.043808
100.043701
100.043037
100.431747
100.054405
100.045181
100.042221
100.68293
113.830818
112.30851
104.83876
100.606331
235.366699
212.759995
136.220032
100.052147
100.052185
103.16095
103.852264
101.162376
100.050842
100.050941
100.098488
100.0644
100.049492
100.048828
105.316696
257.462311
406.752319
364.566376
211.520782
119.360916
100.084824
100.082954
111.68409
224.785767
255.115326
171.441986
110.879189
100.09697
108.901825
110.161469
103.02433
100.078583
100.075859
60.0722961
79.7886505
112.116211
292.708313
418.728149
294.303772
209.67511
371.581726
511.690613
341.987762
130.367569
63.1643829
60.1409454
73.2734299
105.505829
104.04747
113.884537
91.320755
68.8113251
202.777725
257.363312
157.353485
77.5223541
60.2126236
109.854126
177.778687
264.014465
425.597595
406.989777
208.525757
124.988022
124.150536
123.114235
112.202126
129.97052
125.066788
107.153519
100.280113
100.185127
103.73423
108.969521
114.916374
211.717957
218.825546
377.137207
336.123718
244.984894
281.303711
380.950073
272.202698
142.128143
100.200272
100.198616
100.195946
168.068939
184.556885
305.565063
378.684631
331.744537
203.016754
122.451836
239.137238
280.264313
188.160233
117.465187
101.792282
101.758652
100.907349
100.685257
100.329102
100.221565
128.630753
220.842575
231.110825
442.208923
355.879333
172.730286
103.292389
104.300934
169.686768
198.3396
156.083618
124.655724
110.281677
140.637573
138.318848
115.100883
103.992592
103.176003
101.652977
120.029846
116.932541
113.023911
130.788269
98.2016449
59.934227
43.9593697
40.3088799
144.370544
158.764938
111.692535
66.9905396
47.6357155
43.2390175
44.7895241
42.8887291
40.9695587
40.9832726
41.2551041
59.7557793
59.0084877
46.752697
43.5504875
91.1383209
89.4908981
55.2033997
40.2098656
44.5910149
104.729599
110.277946
66.6787109
49.7133751
107.647591
108.792862
105.734291
148.005249
196.481201
177.424561
151.269333
166.702515
368.299408
422.451843
304.434113
230.915314
158.395889
112.115379
100.301582
100.663841
103.05381
102.821045
100.47477
100.491325
100.316544
100.234276
100.232605
100.910263
124.887642
123.672508
115.315628
150.620102
141.326797
150.94278
