0.0
0.0
0.0
0.0
0.0
0.0
0.0
0.0
0.0
0.0
0.0
0.0
0.0
0.0
0.0
0.0
0.0
0.0
0.0
0.0
0.0
0.0
0.0
0.0
0.0
0.0
0.0
0.0
0.0
0.0
0.0
0.0
0.0
0.0
0.0
0.0
0.0
0.0
0.0
0.0
0.0
0.0
0.0
0.0
0.0
0.0
0.0
0.0
0.0
0.0
0.0
0.0
0.0
0.0
0.0
0.0
0.0
0.0
0.0
0.0
0.0
0.0
0.0
0.0
0.0
0.0
0.0
0.0
0.0
0.0
0.0
0.0
0.0
0.0
0.0
0.0
0.0
0.0
0.0
0.0
0.0
0.0
0.0
0.0
0.0
0.0
0.0
0.0
0.0
0.0
0.0
0.0
0.0
0.0553885996
34.9273453
84.2662582
151.857819
117.339783
43.4031944
10.0015936
6.93447351
0.00904762745
0.00946550723
0.00975593552
0.0099329818
0.0102658523
0.010323368
0.0103424992
0.0105236173
7.67637873
25.3648834
13.0649204
9.79841995
0.0111291567
0.0114156539
0.0115699042
0.0116049126
0.0120525369
0.0119608995
4.02267456
2.9134655
1.29368949
0.583779871
0.185738549
0.01301823
32.3908272
21.4739037
10.0043612
10.0045347
0.369077384
0.0347539559
0.0191676803
0.0126399836
0.0126367453
0.0126321362
0.012626214
0.0127967652
0.656444073
1.32876408
0.402657717
0.264225543
0.845540583
0.267089069
0.632564723
1.28384948
1.93393183
2.1974628
5.33014917
5.54378939
23.1464386
13.762886
10.0169859
7.23063326
0.113403
91.1951828
124.020096
65.8768387
54.2586136
34.4394112
35879.3672
141.491638
221.650085
208.14917
157.565689
120.118233
105.321678
100.407776
100.056053
100.055649
100.054695
180.044647
462.975342
429.585815
203.990479
119.144234
168.148346
169.569061
124.375069
102.090691
100.081787
100.07869
60.0758514
60.2227211
100.431084
101.320465
107.331001
114.017609
127.610054
195.893921
180.200439
122.033951
100.074791
100.074242
100.073196
100.07209
100.070938
100.070221
100.068619
100.159203
110.847771
110.553314
103.026642
100.659538
236.087372
303.572968
275.600494
204.891815
188.895508
158.514496
130.719376
109.715057
71.9255676
70.6229172
70.2054367
101.061005
101.761925
100.534973
100.094673
100.092667
100.091232
117.170296
189.811829
261.460571
223.600311
377.974823
382.30658
265.585144
212.355774
172.849808
124.74881
113.186043
111.05304
104.278519
100.656189
100.365005
100.257568
126.133865
126.81366
107.763313
101.810463
102.671028
100.796356
100.130424
100.128616
100.12709
40.12463
43.2034836
42.8280296
52.7375412
55.1873436
49.7234955
70.3226929
189.981308
442.966644
426.182983
195.900513
62.0904922
201.460266
250.976624
149.417068
67.6900635
59.3921814
55.4747009
45.0434761
40.1559219
40.1535187
40.1506844
40.1477165
43.2792435
239.261612
276.151672
136.002274
58.697567
47.7642441
42.5841026
100.156433
100.154167
100.151924
100.149673
100.146812
100.767036
148.143799
147.243286
113.163795
128.722839
136.937119
127.490509
113.097023
102.439491
240.425262
242.197311
142.313324
102.910492
101.366966
100.249763
100.150223
218.546387
344.947632
260.572754
208.721008
275.445953
251.597626
156.271545
107.912056
100.703354
100.235962
100.194649
100.194
100.192749
100.191673
102.448219
114.958176
269.837341
327.233521
203.355087
118.724823
100.240479
100.225761
100.206696
100.205894
100.20536
248.902496
223.726395
140.605606
371.854797
382.308868
205.440079
112.116219
100.236214
100.236237
100.235832
114.304626
191.99881
165.738281
118.746063
100.239204
50.2377968
50.2345047
53.4560204
83.2603378
210.654388
209.886719
109.652161
298.174683
243.34259
108.731377
50.2315292
50.228157
110.666138
159.090729
198.915955
142.035446
287.104248
450.867249
486.36084
420.074463
251.498489
103.773376
55.4139977
50.2512436
50.2475319
50.2438889
50.2395058
50.2351227
50.230278
50.2258301
101.814232
170.483856
203.825958
147.776489
200.747818
179.471573
126.860641
102.401321
127.095123
113.707878
107.819542
101.295387
100.666473
100.741013
100.163673
100.155975
100.14724
100.142899
100.138924
100.135002
100.131477
100.128571
100.125381
100.122169
100.119591
100.34491
100.114792
100.112373
100.11013
100.108047
100.106422
100.103767
50.1025772
50.1009216
50.1005669
50.098835
50.3718071
50.6867485
50.2593651
50.1775589
50.0938568
52.7083054
51.4953346
52.9280624
51.3855896
50.5419235
51.1263733
51.30233
50.5476112
50.2423744
50.0841866
50.0833817
50.08535
50.0845032
50.0829506
50.0825615
50.0800552
52.4483299
51.4065094
50.7604904
100.124496
100.075806
100.075333
100.07473
100.074387
100.073975
100.073372
100.072845
100.072441
101.211739
100.772606
100.884598
100.132614
100.091492
100.069527
106.812622
127.195663
117.096031
55.5599747
50.0712318
118.799255
212.968063
161.115067
80.6897202
50.085022
51.4944038
51.7230186
53.8795967
52.2375412
51.6758957
50.1308479
80.0882111
80.3233566
80.0758514
80.0717392
80.0702896
80.0685806
80.0671005
80.0658569
80.0647202
80.0635834
80.0629807
80.0632553
80.0658798
80.0643768
80.0600815
80.0634155
80.0631866
89.9983139
190.212723
239.048111
168.894379
186.148865
746.527893
723.652954
447.848022
249.445084
132.18924
81.4420395
80.1114731
80.1073761
100.250473
100.674141
100.265282
100.094254
100.090782
100.392113
101.177063
100.468979
100.102348
100.077934
100.075279
100.073456
100.124756
101.695839
360.986755
745.765015
791.181396
805.192993
943.735596
668.326782
328.16626
180.704971
124.349968
114.497566
214.645569
283.807068
217.180038
132.303513
103.087563
101.549667
100.5662
60.1632996
60.1590958
122.873703
115.720398
76.9084091
60.1485901
174.567307
372.056091
290.621643
120.018707
60.2681656
60.1591949
60.1554947
60.1511459
60.1472473
60.1432838
95.7766342
310.604858
635.371704
530.337097
242.918945
106.190605
102.364426
424.635345
501.030518
266.494141
147.463898
136.781281
228.504608
114.922646
100.182602
100.17926
100.175545
100.171951
100.168365
100.164398
100.16066
100.157242
100.153763
100.149887
100.146408
100.142845
100.139793
100.136673
100.133636
100.130592
100.127708
104.755638
104.273689
101.184158
100.11676
100.114326
200.856598
252.659317
183.357162
116.589363
103.956291
124.455185
146.611328
129.776062
107.760109
101.381622
100.519478
100.231049
100.136673
100.109222
100.107773
100.106308
100.104797
100.220474
100.790497
101.090019
100.348198
162.170776
159.775085
117.907799
100.848434
103.683304
300.355286
337.647034
201.866486
114.059372
100.119385
100.118683
104.923096
105.04454
101.394196
100.113792
101.339432
102.089729
102.558563
118.154907
54.5876923
94.9797287
103.281792
548.727844
525.757629
413.802917
359.226379
264.488617
170.400375
96.1725235
118.018715
524.805298
871.906494
569.798645
490.088776
429.654327
540.132202
165.717972
100.184624
100.181664
100.178429
100.175369
104.865379
169.14827
383.115417
396.259003
454.326233
495.423035
485.881866
560.067017
902.771118
739.684143
621.465454
605.011108
676.059998
590.628723
346.809631
313.667664
347.987152
371.192688
143.077545
100.259857
100.259254
100.258629
100.257423
100.256165
100.254875
100.253258
100.251617
100.249802
100.248039
100.246239
114.417023
129.969742
118.604263
103.597603
100.240158
100.238754
100.23735
101.991158
104.898926
101.657433
100.696411
101.800903
101.384094
100.596764
100.272545
100.224289
100.222725
111.660072
106.231415
102.082909
100.595428
100.234383
376.23468
365.101379
180.357224
108.670906
104.100616
101.484482
100.234016
100.233337
100.232674
103.671356
102.033745
100.884789
100.229271
100.227356
100.226501
100.225235
109.786133
54.3941307
51.5064583
50.2127571
50.207901
50.2030029
50.1977959
50.1928444
50.1879349
50.1829681
51.0051308
116.31012
104.220146
66.3707047
50.1636314
50.1597481
50.1556854
50.1513863
50.147213
50.1430092
50.1387787
50.1347198
50.1306076
50.1266594
50.1231766
50.1194611
50.1157379
50.1123772
50.1089745
50.1057396
86.6463776
126.83416
109.108742
100.353516
100.092674
100.090477
100.088661
133.046005
123.438896
107.328102
100.083847
100.082954
100.082077
100.080734
100.079926
100.079353
100.078445
100.077621
100.076851
100.076088
100.075294
100.074867
100.074165
100.073723
50.0730438
50.0721817
50.823082
50.2692719
50.1817322
50.0690918
50.0685425
50.0678749
50.0631447
50.0627251
50.0622482
50.0618935
50.0624161
50.0619202
50.0607147
50.0602531
50.0599289
50.0598221
50.0592346
50.0589561
50.0585365
50.0578423
50.0574379
50.056736
50.0562477
50.0557137
50.0552673
50.054924
50.0547409
50.0544853
50.1336632
74.3459015
68.2465515
55.9820862
50.0557518
50.0556641
50.05196
50.0517654
50.0517769
50.0517845
50.0516357
50.0516434
50.0516548
50.0515099
50.0515175
50.0513687
50.0513573
50.0510139
50.0506439
50.050415
50.0503922
50.0502167
50.0501938
50.0500145
50.0498276
50.0499229
50.0493927
50.049511
50.3955307
50.06036
50.0516777
50.0514755
50.0488701
53.1128159
53.0284729
51.1725159
50.3075981
50.0489388
80.0484772
80.0478439
80.0473938
80.8119125
80.0693665
80.0450974
80.0441971
80.047699
80.0472641
80.044342
80.0440216
22.7168312
78.1139603
201.38974
175.173676
110.799461
80.0533295
80.0526123
80.0517654
85.6288605
17.5735016
79.8832169
81.8431091
10.0270491
100.436821
28.8127747
91.3591232
64.8333664
11.0016155
76.3318176
111.878944
111.932068
62.1009903
59.4414482
56.0208626
67.8723068
84.9859695
258.274841
244.114594
297.365265
1236.10083
1594.12915
889.171265
244.963531
105.58812
106.735291
103.800064
102.96035
100.906258
100.110443
100.106697
100.102615
100.098831
100.094612
100.090874
100.122734
100.281868
109.971756
111.475105
104.192604
100.31459
60.0706635
60.0673828
60.8364449
62.1188354
63.3429604
88.8231354
100.494545
86.211113
68.4679947
61.5438271
74.3397675
69.3799057
62.9484024
177.491211
219.159958
277.941528
331.053589
319.246918
427.565918
355.946442
192.60733
94.9188843
70.5358582
182.341278
547.316406
466.881287
174.279724
66.5375977
63.4456329
61.448288
70.269722
81.8570557
101.137924
92.6479034
75.6638947
70.1249466
72.8096237
73.1790085
71.2445984
71.0663757
70.9689178
70.3612061
70.1722946
70.1311569
70.1088333
70.1007919
92.9694901
107.792389
100.7062
83.1007462
72.4574585
70.1939392
86.888443
94.2424545
83.2254715
72.9241104
80.7622147
324.158478
432.810608
269.512024
114.729965
103.43383
100.388268
100.117271
101.952866
102.767296
100.806358
100.11042
100.108658
100.106804
100.104988
106.760681
106.98716
101.881073
100.099266
100.098068
102.885208
103.522491
110.50647
156.902893
222.023056
210.409927
219.8237
249.977844
191.791351
137.453629
153.935104
229.248108
230.764908
156.32019
208.562164
190.550766
67.0431519
40.6253891
41.0544701
40.8754234
40.4543457
40.1409454
40.1377869
40.1343689
40.1310501
40.1281815
82.7273941
274.27655
887.825317
777.799377
340.649139
306.103821
230.313385
91.1704559
40.1792107
40.1778297
40.1755638
40.1732597
40.1707611
341.905121
347.7323
144.969421
54.4186745
46.6288834
63.2702942
65.5498581
112.991241
103.586052
102.850899
101.944611
144.187698
142.442688
151.695068
139.416946
110.398254
100.175613
147.434616
251.161499
274.22229
182.607712
114.436241
100.19249
100.192055
100.190872
107.236748
128.1922
121.548256
104.93042
164.31955
257.609985
212.316757
222.655945
238.00351
170.968185
183.343567
154.497543
116.284775
100.921356
100.503777
100.215118
100.214272
111.653465
105.387955
101.767662
153.442993
185.524399
311.766144
244.193283
140.814178
100.948502
100.333641
100.227448
100.226685
100.226227
100.225433
100.22448
100.223808
100.545403
100.222206
100.221474
132.819656
161.101166
133.99469
108.091576
105.255547
102.540306
101.009552
50.2182617
50.2143669
50.2098808
50.2051201
50.200264
50.1956215
50.1912804
123.602417
412.079712
376.732849
156.025757
58.7083588
82.0200577
1096.78894
1313.19092
575.3526
118.907745
325.597931
726.352783
125.603661
100.204582
100.199783
100.195267
100.19059
100.18602
100.181778
100.17717
100.172615
100.168213
100.163849
105.193802
258.539062
664.960144
656.036743
315.041016
326.341095
288.187744
279.380402
100.835648
100.193619
100.171211
100.143707
100.139046
100.134872
100.130692
100.126953
100.123535
100.120438
100.117477
100.114586
100.112091
100.109818
100.107475
100.105408
100.103775
100.102135
100.100624
100.099167
100.097748
100.096497
100.095467
100.092125
100.092636
100.091225
100.088257
100.089874
107.772804
103.470711
101.227219
102.712067
101.110741
104.599121
108.917442
114.092369
115.389931
118.597885
108.343758
102.359039
100.081146
100.08017
103.163948
101.598045
50.7281685
50.0794525
50.0795288
50.2688675
50.0812531
56.6113167
53.334816
58.1931763
111.775352
109.353638
112.110725
131.709625
119.70974
105.986763
122.222679
131.671112
149.479889
126.967148
107.877312
100.084221
102.444992
102.969917
101.184578
100.32402
100.079926
100.913925
100.168442
100.105972
100.076401
108.331757
105.023399
101.882179
101.09874
159.974274
202.039581
367.673523
516.243408
464.439453
252.679153
130.631607
100.426186
100.11911
100.116234
100.112991
100.109833
100.106842
100.562141
100.101181
100.098305
80.0953674
80.0923386
80.0893326
80.0861435
80.0829849
80.0804138
80.0777588
80.0751801
80.0727615
80.0703964
80.0679932
80.0685654
182.339935
323.174072
304.186707
191.980652
558.742615
600.366455
375.505341
204.958252
150.818451
106.557419
100.435783
100.716537
100.288841
100.117241
100.113846
101.482956
102.441628
100.843742
100.128815
100.097679
100.094734
100.092049
100.089233
100.086693
100.084068
100.081413
100.078987
100.076797
100.074326
100.07254
103.264915
166.127945
186.416351
180.576828
149.275818
112.955322
169.918076
501.266754
655.113403
364.683777
130.414062
65.3082809
60.6791039
60.1099091
60.4379807
60.6299095
60.2808418
67.1133804
117.094055
150.256683
126.762238
82.6001511
63.7016525
60.0895729
60.0866852
60.0836754
60.0808296
60.0782433
60.9145393
60.4121857
60.1756172
60.0711594
60.1466408
60.0799713
60.068676
60.0675697
60.0664597
60.1362495
60.5340805
83.385582
106.691704
96.6256027
76.8623886
70.0963669
146.279633
142.523453
91.3541107
70.0702057
77.1546402
76.8771744
72.9887085
87.2608337
86.2983704
74.7940826
402.87207
422.426666
897.38501
989.255249
868.2854
541.179443
244.589737
263.997803
250.722961
147.472794
104.186852
102.505447
100.658394
104.945763
104.480797
119.04837
430.869568
765.820801
680.020325
620.453247
404.635101
179.514008
146.356476
410.657471
173.597855
134.222244
110.34922
106.493507
119.905815
114.373192
112.852341
108.758476
102.428902
100.192741
100.190163
100.188019
100.185417
100.182808
121.816078
193.101486
173.1604
119.707237
118.655449
242.54953
657.563232
619.579163
281.557373
149.272476
241.998962
317.531921
177.21669
149.533585
160.531464
187.062134
203.646896
168.662994
129.227341
146.24855
111.52462
115.83419
107.898499
101.609367
100.203453
100.200294
100.197067
100.193886
100.190834
100.187767
100.184242
100.181145
100.17794
100.174919
100.171829
100.168785
100.165977
44.4609985
44.452095
102.255798
100.467636
100.208672
100.150711
100.176033
100.154472
100.143105
100.140701
100.138168
101.404846
103.068695
101.997475
100.29966
100.127228
100.437355
100.222214
100.121231
100.119492
101.776855
103.313194
101.831871
140.003876
140.631683
117.482941
213.361877
327.661377
567.810425
542.001343
278.060883
123.370071
100.164627
100.164375
100.163322
100.162277
100.161148
100.15963
100.15844
100.157227
100.155724
100.154411
167.429932
375.427795
514.193359
395.613007
197.603119
113.184532
100.202087
100.269226
100.201698
100.200775
100.200142
129.415161
214.161835
342.868683
339.633636
213.385025
122.873238
101.830513
100.229912
100.228676
100.229103
53.7690163
51.9868927
123.989227
648.474854
559.205017
204.8508
51.64748
102.490715
100.241722
100.225121
100.209526
100.204964
100.20018
100.195442
100.190765
100.78212
50.1820259
50.1771545
50.1726036
50.1680756
50.1637688
50.1591988
50.1550255
50.1512489
50.1470261
69.792366
89.0745926
70.3903427
56.0169067
50.1295662
100.126167
173.241623
197.921204
142.970642
108.112366
100.116554
124.746391
112.135727
103.84304
100.107491
100.105492
100.1035
100.101738
100.099892
100.098183
100.096695
100.095421
100.094063
100.092873
109.299446
104.089111
101.394928
100.089111
100.088242
100.087509
100.086922
100.086121
100.085289
100.084763
100.083923
100.083443
100.131371
50.0769043
50.0761375
50.0756302
50.075264
50.0747604
50.0741615
53.3755264
51.4479179
50.6083565
50.0723724
50.0719528
50.0715179
50.0711823
50.0706329
50.0701675
50.0696602
50.0691185
50.0687332
50.0683823
50.0680656
50.0671196
50.0666313
50.0661163
50.0654297
50.0646439
50.0641594
50.0634079
50.0629044
100.061043
105.279526
104.31308
101.69635
100.352943
100.062775
100.061951
100.059052
223.839081
200.878708
132.497055
100.068069
100.068352
100.067932
100.067307
100.066727
100.066116
50.066185
50.0662346
110.218689
101.257622
66.6875839
50.0718307
50.0714188
50.0708771
64.5341263
60.0687904
53.6260452
52.0412178
51.0786133
50.520607
80.0678406
80.0683212
80.0679855
81.470871
80.4397507
80.206749
80.1196136
92.8374329
143.641953
330.623322
762.752991
895.058044
597.657288
267.283264
123.108856
86.8388138
81.8338623
80.1259079
80.1219177
80.1177826
101.325043
96.9712372
85.950119
80.1019669
80.098053
81.1716461
80.1307831
80.0867691
80.083252
80.0799942
100.077148
100.074509
100.072411
152.475586
153.658844
116.412773
100.101776
100.068275
100.066681
100.066444
100.064369
100.063095
100.061073
104.39875
172.979736
211.522766
162.551208
219.42244
384.043549
392.428955
330.503784
299.799561
234.340775
150.34433
107.830994
100.120529
153.994049
1135.32593
1626.59277
1097.62744
452.769531
132.106781
65.5774841
60.530201
60.1629639
60.1592369
60.1542473
60.1494942
60.1447258
60.1405296
60.1360855
107.628159
100.08799
72.204071
60.1208916
60.1749039
60.1210899
76.4128799
70.7202682
63.3481712
60.0969925
60.0933075
60.0896111
101.514572
92.9472046
70.0406647
63.1490631
344.422943
332.550629
146.303085
62.6226883
180.9133
384.036011
413.830109
401.812225
272.342285
144.033127
100.137383
100.135361
100.132904
100.129951
100.127121
100.124176
100.121384
100.118164
100.115356
101.230164
101.315231
100.489014
125.043945
122.793869
106.634254
100.100624
100.09938
100.097733
100.096069
100.094658
100.093262
100.092628
100.091293
100.090126
100.089279
101.394753
101.985115
100.576073
100.084618
100.083626
113.489456
112.896523
104.208153
104.498238
104.136383
101.056564
114.739929
222.854828
286.540466
205.764404
122.055397
100.09832
100.098129
102.605957
142.443634
149.480865
122.109634
111.645203
108.028145
102.151016
100.099373
152.590271
150.098465
287.082886
254.939621
148.574036
41.0753403
40.1164169
40.1138535
40.1110039
40.1078186
40.1043625
40.1014175
40.0987625
40.0962067
82.152771
81.8028717
54.0129051
41.1863289
51.9273643
280.113617
323.012054
158.170303
55.3333092
40.547451
40.1072617
40.1748466
40.4595833
40.2946892
40.7067261
40.775383
40.4034615
40.0928688
40.090538
40.0883217
40.0865517
100.084946
100.082558
100.080513
101.095779
102.664513
101.926315
100.249008
100.073715
116.554497
144.504089
141.477615
116.760757
101.972939
100.071594
100.070839
100.069885
100.069122
100.068192
100.067039
100.065994
100.065735
105.109741
108.197998
66.5607758
40.4273262
40.0635109
40.3062019
42.922966
43.1287193
40.3698692
40.0614662
100.061523
100.060997
133.466141
220.653259
190.975922
124.488007
100.074631
100.074883
100.074699
100.073257
12.850975
91.5993652
100.641479
100.069794
100.068871
10.0385342
90.9389114
100.365807
100.223122
100.067535
100.067108
10.0384007
90.0901489
100.062859
112.776382
107.003426
102.187508
100.059753
100.060349
100.059753
50.0629845
50.0625725
50.0622025
50.8461838
58.6393509
61.908165
84.2721024
100.077347
176.355774
135.647079
74.4231262
50.0724449
50.0719032
50.071125
50.0704536
50.0693398
50.0684624
50.0679588
50.0672989
50.0661316
50.0658569
50.0652504
50.0645905
50.0636559
50.0629463
50.063324
50.0627289
50.0611191
50.0605583
55.3486404
51.9957047
50.6892357
66.949295
180.456284
260.613037
171.932617
77.8257904
50.078083
50.0773735
50.0761795
50.0750465
50.0737572
50.0727997
50.0715942
50.0706329
50.0698318
50.0691757
50.0681534
50.0675735
50.0669518
50.0664024
50.0657005
50.0653305
50.064682
50.0642357
50.0639496
50.0629921
50.8724174
50.2892685
50.1907196
50.0619316
50.0598679
50.058712
50.0586319
50.0544548
50.0573654
50.056942
50.0535736
50.0533409
50.0531235
50.0529594
50.0530052
50.0526199
50.0524712
50.0523376
50.0520744
50.0517693
50.0515137
50.0511932
50.0508881
50.0506935
50.0503883
50.0501022
50.0499306
50.0497704
50.0494347
50.0492783
50.0491257
50.0489655
50.0488052
50.0466881
50.0465584
50.0465088
50.0463257
50.0462837
50.0462189
50.0461273
50.0459824
50.0455856
50.045269
50.0451927
50.0451164
50.0448761
50.0447845
50.0446815
50.0445747
50.0443039
50.0441742
50.0440369
50.0441589
50.0435524
50.0435944
67.0875549
63.4544144
54.6206131
50.3733139
50.0499115
50.0462456
50.0854073
50.0493469
50.0459099
715.129761
115.232468
105.270813
100.046707
100.046021
100.045853
100.169746
100.050423
100.045166
100.044975
100.044571
100.044113
100.043839
100.043419
100.04319
100.042984
100.042793
100.042717
100.042366
100.439354
100.054703
100.044693
100.041893
100.702728
115.071716
113.667183
105.436676
100.687424
267.806274
239.833435
145.262848
100.058304
100.05809
103.286621
104.145744
101.227493
100.05455
100.053391
100.101227
100.066376
100.050446
100.0495
105.434387
275.923767
435.37323
378.357239
214.091232
119.564026
100.086914
100.084549
111.563797
230.006241
260.985107
173.395676
110.960342
100.097313
108.802986
110.054733
102.99292
100.078697
100.075653
60.071888
79.793045
113.417557
308.686584
438.593567
303.417175
213.031342
386.073364
533.29187
353.722351
132.767548
63.1403465
60.1352196
73.1504059
106.028732
104.560951
114.758133
91.8269348
68.9438324
209.653992
264.8461
160.119873
77.7430725
60.2057724
110.394394
180.604126
270.240662
442.719482
421.007507
212.99231
125.273415
123.062378
123.010201
112.056519
129.117783
125.222694
107.187347
100.271065
100.176308
103.686287
108.82132
114.688309
212.612076
223.660629
385.871582
347.335449
248.723923
284.050598
387.476746
277.514771
143.432358
100.19075
100.188629
100.185562
168.439453
185.885437
311.237061
386.963593
336.756317
204.487717
122.655602
239.034012
278.994934
188.440887
117.52346
101.666824
101.695412
100.862045
100.659515
100.316032
100.209793
127.631821
222.819672
234.25885
446.015259
368.725159
177.326096
103.138535
104.185921
168.684143
198.887924
156.686996
124.569633
110.189278
140.142136
138.344467
115.16301
103.942352
103.131981
101.609367
119.573296
116.839355
113.215836
132.339066
99.1452484
60.1434784
43.9590988
40.2950096
145.144409
162.173752
112.902771
67.0629196
47.6229477
103.149231
44.6641922
42.8432961
100.951256
40.9495163
41.2246666
59.5846329
86.1441498
46.7664223
103.532852
92.2785797
90.7706451
115.602821
100.194839
104.535271
106.395874
112.050552
67.2717972
109.675354
107.583611
108.75351
105.716225
148.877853
198.586746
178.896667
151.621719
167.434006
377.003052
422.732819
301.059998
226.736145
158.043518
112.088013
100.286003
100.628746
102.88533
102.657494
100.44725
100.459328
100.296364
100.219872
100.218231
100.831604
123.80188
123.141457
114.933952
150.743713
141.981018
151.363617
