0.0
0.0
0.0
0.0
0.0
0.0
0.0
0.0
0.0
0.0
0.0
0.0
0.0
0.0
0.0
0.0
0.0
0.0
0.0
0.0
0.0
0.0
0.0
0.0
0.0
0.0
0.0
0.0
0.0
0.0
0.0
0.0
0.0
0.0
0.0
0.0
0.0
0.0
0.0
0.0
0.0
0.0
0.0
0.0
0.0
0.0
0.00312364008
0.00312364008
0.00312364008
0.00312364008
0.00312364008
0.00312364008
0.00312364008
0.00312364008
0.00312364008
0.00312364008
0.00312364008
0.00312364008
0.00312364008
0.00312364008
0.0
0.0
0.0
0.0
0.0
0.0
0.0
0.0
0.0
0.0
0.0
0.0
0.0
0.0
0.0
0.0
0.0
0.0
0.0
0.0
0.0
0.0
0.0
0.0
0.0
0.0
0.0
0.0
0.0
0.0
0.0
0.00312364008
0.00312364008
0.267605782
38.4167442
58.6609802
72.5207062
46.6562805
15.871069
10.0015631
2.77204657
0.00312355184
0.00312364008
0.00312364008
0.00312364008
0.00312364008
0.00312364008
0.00312364008
0.00312364008
3.42329597
10.6100883
7.21341991
2.1941514
0.00312364055
0.00312364008
0.00312364008
0.00312364008
0.00312364008
0.00312364008
1.69023371
1.22166848
0.540443897
0.270805657
0.0799486786
0.00312364008
13.1668072
12.2279129
5.52537584
0.00312364101
0.00312364008
0.0111748129
0.00568134012
0.00312364008
0.00312364008
0.00312364008
0.00312364008
0.00312364008
0.284035116
0.612404585
0.175824836
0.113236763
0.396565408
0.117693566
0.29327786
0.620550513
0.939401567
1.07941341
2.67089152
2.75064659
10.9181128
10.812767
3.29669642
0.0
0.0
33.1233521
35.9041176
21.7800694
24.46455
12.4099665
6.92140579
14.9648294
40.5215836
25.1308899
20.2012138
12.1779251
7.71085739
0.0594609007
0.0
0.0
0.0
30.8882885
100.55938
111.2742
45.3495903
10.4936428
36101.5938
130.776779
110.792923
100.858261
99.9188919
99.9188461
99.9192276
100.020233
100.13063
100.622459
103.97226
107.242737
113.968834
143.064026
131.214645
108.497673
99.9172745
99.9171753
99.9172211
99.9171066
99.9169922
99.917366
99.934166
99.9847717
105.849319
104.817383
101.275833
100.246834
157.444977
187.318573
176.261139
153.321442
138.6418
126.61055
84.075676
74.3995209
70.8818283
70.2021561
69.9722519
100.499504
100.78994
100.140656
99.9167328
99.9166565
99.9169617
110.566383
146.216919
172.179688
150.397491
220.405838
211.072678
177.337173
161.123077
139.313461
113.370201
108.728798
106.954155
102.537613
100.28315
100.080482
50.0302544
68.3806
67.0075455
54.6657677
51.0933418
51.5864868
50.3548927
49.9488678
49.9303131
50.026535
40.026844
42.3439713
41.8568344
48.9186859
49.7169914
45.9963875
58.7311172
116.91629
218.23584
207.178284
110.279526
51.3916512
134.788452
160.118927
104.506668
57.7730904
54.6851578
51.4186935
43.6055565
40.0573692
40.0594749
40.0613823
40.0630035
42.6666908
152.336884
171.311783
94.0611191
52.7238808
45.8171806
41.8969269
40.080349
40.082119
40.0838585
40.0849457
40.086338
40.6021957
74.589447
72.6690521
49.0714912
59.6267014
64.3152847
58.0992126
48.469841
41.5556335
121.033684
119.321419
63.7943001
42.1943588
41.0270538
40.1762047
40.1029701
114.374153
184.515717
130.547226
110.010834
152.090027
136.819672
77.4909058
45.6102142
40.5676689
40.1647301
14443.7559
100.124222
100.122589
100.117737
102.123528
112.683342
207.142014
238.104706
164.636749
111.803169
100.120949
100.099915
100.090851
100.07415
100.067329
194.079163
180.672852
126.614532
246.942078
265.5401
165.841263
108.395119
100.000755
100.010719
100.005028
112.004715
167.464554
149.452408
113.933937
99.9836578
50.0325356
49.9994812
52.8474655
78.4273834
159.60878
159.043655
89.8551788
210.11972
167.696442
84.4437714
49.927475
49.9633675
102.077423
132.76152
157.983185
115.109657
217.723953
376.552307
394.590729
357.514282
240.306992
136.530899
103.624275
99.9493561
99.95224
99.9920349
100.032776
100.002579
99.9700317
100.004257
102.424957
175.406616
191.768433
138.502289
182.877594
160.557068
120.142143
101.944283
126.184402
111.485283
107.421478
101.120384
100.558327
100.894554
100.158035
100.14994
100.151764
100.160774
100.168999
100.17691
100.184509
100.191177
100.197586
100.204529
100.211205
100.621933
100.23172
100.231216
100.236275
100.239952
100.24408
100.208977
100.237289
100.224068
100.23201
100.257576
100.736008
101.270569
100.40052
50.3324432
50.2597389
53.9425659
51.7550278
53.9105988
51.5808678
50.622757
51.7994843
51.8512497
50.606842
50.3770638
50.2576637
50.2574158
50.2573967
50.2572784
50.2569847
50.2568283
50.2565155
53.3314934
51.5382309
50.7352219
100.180931
100.146034
100.145851
100.146027
100.146011
100.145935
100.146118
100.145844
100.146065
101.646622
100.954803
101.150925
100.187462
50.1608238
50.1459045
57.7569618
75.0110168
63.2787666
54.1825523
50.1663666
98.2566223
136.964767
95.924614
61.7398567
50.1442795
51.6531487
51.6847992
53.4258308
51.0892525
51.4016876
50.2688828
80.2507935
80.6154404
80.2449188
80.2445221
80.2439575
80.2435684
80.242981
80.2424316
80.2421036
80.2413559
80.2407913
80.2406845
80.2399521
80.2393875
80.2390213
80.2383728
80.2379456
87.7808914
137.239258
145.133331
111.178703
126.547203
307.7164
258.829407
232.378296
157.348297
103.851311
80.9737778
80.2331238
80.2327881
100.32814
100.605507
100.344543
100.231468
100.231049
100.432091
100.943832
100.49559
100.245544
100.229126
100.228683
100.227974
100.267441
101.500053
229.387268
364.987
343.916595
399.687866
558.784424
408.990784
258.300201
165.961151
120.262451
115.532402
205.026764
252.961441
193.124008
126.407516
102.965469
101.708038
100.631355
60.193428
60.2092628
124.036613
110.807549
75.6348495
60.2102318
160.462341
297.521851
214.521439
99.7253265
60.2859573
60.1943665
60.2099724
60.210022
60.2100067
60.210041
100.594666
263.70636
468.327332
369.913757
196.169083
104.427933
104.411591
363.877502
417.145813
234.031464
152.66925
101.508659
72.440979
60.1944275
70.1942978
70.1942291
70.1941605
70.1940918
70.1940155
70.1939316
70.19384
70.1937485
70.1936493
70.1935501
70.1934357
70.1934967
70.2089081
70.1931305
70.1929474
70.1929855
70.2086563
76.7824631
75.4580078
71.5449371
70.1919327
70.191864
183.26149
210.18338
136.673279
82.1138916
74.0580978
94.322937
112.609581
94.2838364
76.4133911
51.2530975
50.5529556
50.2928581
50.2274361
50.1886826
50.1884155
50.1881752
50.1881256
50.3288879
50.9047508
51.1042824
50.4076462
113.050018
97.0988541
64.0223618
50.7507782
53.5147095
196.114807
198.770966
112.027138
58.9989166
50.1832504
50.1831398
54.996315
54.4471321
51.2620049
50.1817474
51.407299
51.9323692
52.568119
69.2554245
52.4896774
92.9771271
89.5487289
356.210602
274.978973
292.157166
280.247498
218.564865
156.454834
90.5549164
58.4130478
382.155151
642.863037
391.253418
119.573822
40.2764435
40.2764435
40.2764435
40.2764435
40.2764435
40.2764435
40.2764435
48.1110382
132.641663
334.570007
327.187256
393.202057
406.253601
266.456818
144.775818
558.279358
628.49054
361.772461
155.221283
238.97699
653.918762
427.065338
378.384949
424.948181
389.106964
169.217316
100.276443
100.276443
100.276443
100.276443
100.276443
100.276443
100.276443
100.276443
100.276443
100.276443
100.276443
123.781914
147.246933
128.360794
105.437019
100.276443
100.276443
100.276443
103.134514
107.711113
102.563141
101.025703
102.742699
102.091652
100.858551
100.320724
100.236732
100.226982
117.928101
109.57386
103.06842
100.750122
100.232201
362.990448
359.379852
178.840637
112.202576
105.824852
101.985619
100.136246
100.130753
100.119965
105.479492
102.98291
101.146057
100.058746
100.019882
100.003723
99.9934616
114.842995
56.6670113
52.1131439
50.076683
50.0703278
50.0321198
49.9943504
49.9861794
49.9800491
49.9745369
51.2826462
132.238373
118.271469
70.495079
50.0023766
49.9888
49.9849892
49.9473381
49.945137
49.9443398
49.9439697
49.9441185
49.9447594
49.9458389
49.9472923
49.9491882
49.9515839
49.9543953
49.9577255
49.9618301
91.6280289
129.402679
109.927872
100.293282
100.041588
100.048141
100.082497
132.30455
121.590996
106.79026
100.103577
100.094498
100.101913
100.109627
100.117668
100.12545
100.13208
100.138435
100.145279
100.15229
100.165314
100.164322
100.168465
100.172607
100.177155
50.1828117
51.2783279
50.360466
50.2869186
50.2035904
50.2091522
50.2150154
50.2076759
50.217041
50.2268486
50.2381363
50.2228279
50.2494545
50.2514534
50.2513123
50.2510834
50.250885
50.2506905
50.2503052
50.250206
50.2500648
50.2499313
50.2496948
50.2491875
50.2489929
50.2488174
50.2486763
50.2484436
50.2479362
50.3576584
73.4604111
66.1010361
55.3068962
50.2467461
50.246357
50.1291161
50.1288376
50.1286774
50.1284256
50.1283379
50.1283798
50.1283493
50.1279869
50.1279945
50.1280785
50.1278381
50.1259232
50.1230469
50.122448
50.1220436
50.1218338
50.1216011
50.1213188
50.1210823
50.1208305
50.1208496
50.1218491
50.5217056
50.1271935
50.1464653
50.1206665
50.1211128
53.2886963
52.9594765
51.07481
50.332592
50.2337646
80.2332764
80.2329865
80.2321243
81.0063095
80.2439423
80.2305984
80.2299347
80.2292557
80.2288666
80.2282181
80.2276535
92.5266953
11.6143532
142.581299
130.13678
95.7301636
80.2241592
69.6440582
10.113843
73.2857742
85.299469
82.7668915
80.919693
80.220314
93.9001694
91.3770065
84.3997345
83.8810425
82.1325912
10.1112032
96.0456772
104.87635
105.090897
53.8216896
52.5009346
57.5139542
63.6753883
116.215729
105.37368
132.744675
420.444092
579.853638
349.651581
113.724464
105.129517
105.792999
103.400436
102.639175
100.913864
100.2453
100.246979
100.248276
50.2489395
50.2494698
50.2499733
50.2802925
50.4263306
59.1913223
59.7904968
53.6839905
50.3778687
60.182579
60.1655617
60.7977562
61.8100586
62.7415237
82.4794922
88.6400299
77.1727448
65.3013
61.058876
69.3145905
65.7249222
61.8697586
122.47081
142.139374
169.398239
194.240128
194.346191
258.604858
213.488342
139.365738
83.9519958
67.7103729
150.440857
347.338074
263.269836
116.508766
66.1495819
63.2154007
61.4081688
10945.3398
112.473045
129.623795
118.694717
104.734741
100.190254
102.651794
102.805344
101.095612
101.074303
100.92823
100.386475
100.261238
100.210365
100.193336
100.18927
123.501106
132.003723
123.948944
109.271225
101.814743
100.289398
115.214149
117.79586
109.049553
102.053764
109.273872
260.371826
296.617004
201.649811
124.51593
102.253876
100.354141
100.185196
101.857834
102.191254
100.693283
100.184395
100.1838
100.183243
100.182869
107.278725
105.440041
101.495949
100.181389
100.198837
102.934837
102.741356
110.652901
150.166504
186.893463
166.387741
183.779053
199.365082
150.768204
126.990685
145.752136
201.459534
186.40387
134.411575
188.684448
159.169785
57.0991287
40.6458588
41.0947723
40.8847847
40.5229416
40.273941
40.273941
40.2739601
40.273941
40.273941
84.0897827
211.191589
541.140015
392.994324
224.60997
271.684479
187.461884
78.0426254
40.2764435
40.2764435
40.2764435
40.2764435
40.2764435
306.110168
268.728943
121.941452
57.6467361
47.989357
70.2618713
71.136734
115.261063
104.793526
103.612556
102.791855
156.464508
147.044479
161.17598
141.168289
110.537262
100.276443
158.283356
257.936523
268.105011
177.718307
113.470207
100.276443
100.276443
100.276443
110.946426
137.984634
126.080521
105.696739
177.969788
266.841553
210.59021
221.918549
237.364578
172.7854
185.220215
161.081909
117.979645
101.101707
100.608139
100.275024
100.266182
115.512909
107.131111
102.237953
166.782806
199.855011
300.874878
242.260361
139.562317
101.030678
100.301643
100.168617
100.167854
100.163162
100.144638
100.133102
100.127853
100.608627
100.143082
100.123329
146.775772
179.67012
142.505127
109.477356
106.565559
103.139915
101.093246
50.036911
50.0238647
50.015377
50.0073662
49.9998436
49.9929085
50.0194626
140.474594
355.266113
315.33606
135.792633
58.3646774
85.8131409
864.976685
1018.8877
494.332001
123.604935
50.0360451
50.4941711
50.0376663
49.9950485
49.9486389
49.9464455
49.9479446
49.9499702
49.9525261
49.9555588
49.9590683
49.963047
49.9676247
108.254745
277.064117
585.368958
561.853943
291.903076
131.680313
100.094849
100.07579
101.006157
100.202156
100.154579
100.111641
100.118904
100.128136
100.137764
100.146561
100.155693
100.16507
100.174271
100.18277
100.191208
100.198837
100.213371
100.220833
100.220337
100.227921
100.234718
100.243919
100.249565
100.253212
100.260101
100.219505
100.229225
100.258064
100.263542
100.252586
111.622627
104.671257
101.775772
54.148922
87.9495773
56.431633
61.3262901
66.4158859
66.8858948
69.0195084
57.7905235
102.276764
50.2690277
50.2687111
53.9946556
51.4762688
50.7855568
50.268322
50.2681847
50.5520592
50.2675781
57.3454323
52.8441124
58.0822449
110.748764
108.0989
110.524063
125.216576
115.498352
104.738449
117.62793
123.210091
134.102631
117.204132
105.184036
100.159401
102.743935
102.763512
100.854187
100.317177
100.158218
101.210365
100.241852
100.180565
100.179901
107.608971
103.10743
101.264343
101.408279
142.650131
163.079025
238.303162
300.690186
280.65506
175.545898
97.0183334
80.5289764
80.2604141
80.2603607
80.2602386
80.2600632
80.2599411
81.0394745
80.2597504
80.2593765
80.2591476
80.2591095
80.2587204
80.2584229
80.2582092
80.257637
80.2573318
80.2571182
80.256546
80.2562332
80.2558823
80.2553329
153.035065
212.81424
191.203156
137.746643
310.1604
307.8703
246.053986
161.566895
132.525116
104.65168
100.522026
100.751266
100.403786
100.259499
100.259933
101.491722
102.15918
100.914482
100.291939
100.260353
100.260239
100.260048
100.259941
100.259895
100.259644
100.259201
100.25901
100.258698
100.258255
100.258057
103.353783
152.970261
158.295319
150.523743
127.079399
107.564651
142.426407
286.017029
357.804504
210.882904
99.5121689
63.7887535
60.6336594
60.1903725
60.453476
60.6194191
60.3508148
66.2269592
105.459457
124.139267
104.875786
74.3992767
62.5262375
60.1747017
60.1745834
60.1743011
60.1741638
60.1742897
60.8347168
60.4548683
60.2641563
60.1888657
60.2454109
60.1971855
60.1879311
60.1708107
60.1705208
60.2382965
60.5561028
11020.1797
128.155167
117.727875
104.756454
100.185394
149.409271
137.418076
111.617531
100.165657
104.708702
103.660172
101.76944
111.620522
108.437691
102.674461
254.355286
222.362305
479.650452
497.308594
564.368896
352.469666
185.353531
252.556213
215.145645
136.519409
104.291985
102.473198
100.675102
105.670052
104.521477
121.677048
362.563416
581.540161
518.150696
547.463867
352.436432
275.090546
229.195877
100.205048
150.836929
144.142761
113.292381
108.756454
126.184036
118.318565
116.783806
111.0895
103.009216
100.185242
100.18512
100.202454
100.184418
100.184204
129.322525
207.292969
178.741043
120.869583
121.636597
239.62915
574.249207
511.036255
253.17601
118.022179
100.276443
221.364319
199.811844
159.657043
176.526566
206.126831
230.892395
220.13475
202.004913
170.542038
126.840569
122.14814
110.707489
102.1371
100.276443
100.276443
100.276443
100.276443
100.276443
100.276443
100.276443
100.276443
100.276443
100.276443
100.276443
100.276443
100.276443
46.8247299
46.4103012
103.217499
100.729393
100.358276
100.276443
100.317261
100.289406
100.276443
100.276443
100.276443
102.100426
104.255989
102.681557
100.490822
100.276443
100.692215
100.408524
100.276443
100.276443
102.420677
104.212051
102.311577
148.2258
146.529648
119.789146
199.849915
283.772827
433.635193
417.958252
237.156784
120.880363
100.276443
100.268112
100.261345
100.262764
100.271896
100.235359
100.246239
100.235291
100.224556
100.232216
180.014954
357.125854
476.17041
378.413513
197.241302
114.668114
100.177299
100.27903
100.162918
100.131996
100.12838
143.792328
244.20311
370.473022
361.224487
229.250381
128.466751
102.392036
100.032753
99.9938126
100.010437
55.0226059
52.7039871
147.105042
603.049805
495.434662
183.870499
52.3764648
103.091431
100.06958
50.0345497
49.9973412
49.9602966
49.9564743
49.9532471
49.9506721
50.8967171
50.0011597
49.9553185
49.9444733
49.9441071
49.9442558
49.9449005
49.9461555
49.9859772
50.0257339
80.4253693
104.174622
77.8508759
58.0563736
100.027473
100.041306
178.943512
199.011749
142.560562
107.470734
100.083679
124.103813
111.975632
103.85836
100.090378
100.099243
100.108421
100.117599
100.142944
100.141838
100.14402
100.152573
100.161346
100.169952
110.944206
103.85479
101.416801
100.199196
100.204971
100.212952
100.222961
100.223717
100.222511
100.230896
100.245026
100.239182
100.314285
50.2342567
50.2445869
50.2528534
50.2575188
50.2606888
50.2604332
54.6394882
51.4481506
50.7283554
50.2595787
50.2595787
50.2594414
50.2591705
50.2591133
50.2585411
50.2583313
50.2583313
50.2581902
50.2579155
50.2578583
50.2572861
50.2570839
50.2569427
50.2569237
50.2566681
50.2563705
50.2559624
50.2556953
100.144089
106.212303
104.507294
101.590866
100.416092
100.164803
100.140396
100.140228
181.044067
164.363693
120.644226
100.14225
100.141922
100.142029
100.142204
50.142025
50.1422806
50.1645622
50.1428261
84.8601608
74.1167526
58.0188484
50.1428375
50.1424751
50.1428795
59.5539169
54.5520287
51.6923828
52.0190849
50.559021
50.3317909
80.2457047
80.2453842
80.2449722
81.7158585
80.4501877
80.3210754
80.3154449
88.8488235
114.256866
181.764496
321.565796
373.874146
297.256256
172.62886
106.908905
84.881546
81.7266388
80.2410126
80.2408752
80.2407379
99.6012268
92.9340668
84.6378021
80.2399521
80.2392883
81.6112442
80.2665482
80.2386856
80.2379227
80.237587
100.237183
100.23661
100.236343
139.272217
133.981766
110.775162
100.259186
100.234367
100.234039
100.233467
100.233101
100.232666
100.232185
103.208412
143.2854
156.366669
129.208496
159.043518
227.767563
230.726105
215.869888
208.672424
175.328461
129.430359
105.021263
100.22834
138.840363
572.620178
788.565674
628.967102
352.104675
121.545212
65.7296066
60.5899506
60.2101784
60.1944809
60.1938019
60.193821
60.1940498
60.2104149
60.2105598
115.526489
101.703293
72.9685669
60.1943779
60.2648811
60.2027512
77.9772491
69.9709244
63.2448883
60.1942101
60.1942101
60.1944313
102.199234
88.7433853
69.0174561
62.6882019
251.905701
216.581985
110.610039
62.0171318
146.08226
289.910339
287.818726
301.427002
191.542969
101.554062
70.1937714
70.1938477
70.2091751
70.1933365
70.1929855
70.1927567
70.1925888
70.1924515
70.1925507
71.4742279
71.4869537
70.580307
99.0292664
92.6194611
76.7390518
70.1915054
70.2073898
70.1909561
70.1907425
70.1905518
70.1905975
70.2067871
70.1901016
70.1896591
70.1896439
51.512558
52.0020218
50.6550598
50.1882362
50.1880226
65.6115341
61.701973
53.9375038
54.5350037
53.5433083
10.0485582
56.3897858
148.927887
171.58783
108.700348
61.7451172
50.1833725
50.1831093
52.2608299
85.2703323
84.4226685
64.3626633
59.0328293
55.5962639
51.5653305
50.1798782
92.5450974
82.5069122
171.274231
132.601654
75.5486145
40.8819542
40.2737846
40.2737846
40.2735672
40.2734756
40.2734756
40.2732544
40.2731628
40.2731628
79.8467407
69.1860352
49.6036224
40.9998245
51.1626587
190.399445
188.558289
100.059776
48.9248734
40.5619125
40.2725372
40.3347015
40.5492821
40.4212151
40.8258095
40.823761
40.5133057
40.2722244
40.2721062
40.272068
40.2719688
40.2717934
40.271637
40.2714615
41.2809906
42.6061783
41.75177
40.4011726
40.2709732
55.9315338
75.6349792
68.6656723
50.5455551
41.3535042
40.2705078
40.2699127
40.2697258
40.2697258
40.2696075
40.2695694
40.2694511
40.2693138
44.6926117
46.1303711
43.0019646
40.48806
40.268589
40.4673653
42.5386086
42.2960815
40.4545364
40.2602196
30381.2227
100.266151
126.150833
172.874451
146.338608
112.04158
100.212502
100.208725
100.208092
100.194908
102.798569
101.121323
100.490196
100.157646
100.149025
100.140121
101.070969
100.324081
100.217789
100.123032
100.118546
100.105583
100.065964
100.053452
110.290627
104.4319
101.254677
99.9841461
100.001099
99.9910431
50.0149155
50.0672302
50.0617752
50.9027557
56.8478012
58.4992027
72.4081879
79.1593933
114.650177
87.6216507
60.1960182
49.9364853
49.9317322
49.9269485
49.9221573
49.9179878
49.9147339
49.9536591
49.9532204
49.910759
49.9443283
49.942791
49.9027824
49.8996582
49.9359741
49.9715614
49.9349213
49.898304
49.8982544
54.3644905
101.095268
100.311729
112.224129
166.335571
189.112976
142.472748
109.185692
100.056999
50.0319443
50.0307655
50.0343285
50.0128937
50.0140686
50.0199738
50.0454636
50.0529022
50.0421753
50.0489388
50.0578766
50.0669289
50.0763397
50.0859032
50.0959167
50.1157341
50.1302147
50.1286583
50.1299095
51.1521072
50.2788506
50.2192802
50.1608429
50.1671066
50.1611824
50.1853676
50.1907616
50.1809235
50.2120895
50.2153969
50.2180214
50.2182541
50.2180557
50.2177811
50.2177238
50.2176056
50.2175674
50.2171326
50.2165489
50.2163353
50.2163162
50.216198
50.2161598
50.2156067
50.2151108
50.2149315
50.2147942
50.214756
50.2144241
50.2137947
50.2135239
50.2133865
50.0998268
50.0996933
50.0994949
50.0994797
50.0993767
50.0993538
50.0988121
50.0981598
50.0968552
50.0956497
50.0953522
50.0951385
50.095005
50.0950623
50.0948296
50.0947151
50.0946312
50.0944214
50.0941734
50.093956
50.0940285
50.0947227
67.3583984
62.0109406
53.970211
50.3732986
50.096096
50.1180878
50.1520004
50.0948257
50.0946541
97.1332397
90.9039841
83.7645111
80.1999969
10.1040115
70.2943802
80.2966461
80.1977844
10.1030922
70.2908936
80.1959763
80.1952286
80.1947632
80.1936874
80.1931992
80.1924057
80.1918945
80.19133
10.0996895
70.6085663
80.1916962
80.1884995
80.1877594
80.7358704
22.3213387
81.2489777
84.4109879
80.6348038
150.449554
142.252411
119.409988
100.181976
100.181549
101.572815
51.849865
50.6545105
50.1794014
50.1785774
50.1979675
50.1839218
50.1766434
50.1762772
52.6133766
107.884094
153.111206
137.583923
88.1818848
57.2543449
50.1724892
50.1720581
55.7881203
102.462929
113.187668
79.1013794
54.5870781
50.1731224
54.5965919
55.1962128
51.6393204
10.0877132
90.2450256
60.0787659
69.816925
83.9688034
147.435425
196.513763
150.49202
128.386703
203.685028
272.435364
194.719086
95.336853
62.0069313
60.0843697
70.0700531
92.6066437
90.324173
96.4740295
80.3901749
65.7428741
148.417618
177.142929
116.16925
70.1665344
60.1451912
97.1984177
138.970001
188.63205
280.448975
266.394287
149.231506
86.3586807
90.6109543
87.7163086
79.7114182
94.572113
88.71698
75.3839722
70.2225342
70.1557159
73.0864258
77.2988586
82.0315857
152.347
147.248032
238.227875
203.79509
162.267975
194.918961
261.501923
180.930939
96.7335892
70.1607666
70.1799545
70.1664429
132.190582
137.874298
225.509613
270.64917
239.434265
143.863708
86.4521484
226.159424
244.685333
166.788284
113.349541
101.651466
101.596909
100.868896
100.621834
100.28167
100.185394
132.32901
215.615814
210.544205
325.11319
273.121674
148.286667
103.319344
104.302238
171.698456
192.608582
150.811935
123.306961
109.994827
142.265778
137.65744
114.519676
104.105415
53.2270889
51.7501183
73.7874146
92.5376129
117.036812
128.174362
94.7570953
58.2313614
43.695713
40.3522148
150.532181
148.680145
106.403275
65.0851517
47.2190208
43.7142258
45.5136948
43.1908836
41.0815163
41.229229
41.4962807
64.7557831
60.4227905
47.0458031
44.3584976
97.4399185
87.4678802
54.0247574
40.2764435
45.7311363
108.48864
105.079666
63.7517967
50.9215431
47.9222717
59.2891846
60.2079849
91.0787354
130.353149
106.852905
85.7581024
100.047745
250.836517
280.163696
222.370789
208.930511
153.134247
111.279907
100.345558
100.748459
103.463997
103.457306
100.58017
68.1003647
56.0790749
52.222187
51.0266762
51.580368
81.7521973
67.7897034
58.2916183
97.4657593
83.027359
93.3463745
