0.0
0.0
0.0
0.0
0.0
0.0
0.0
0.0
0.0
0.0
0.0
0.0
0.0
0.0
0.0
0.0
0.0
0.0
0.0
0.0
0.0
0.0
0.0
0.0
0.0
0.0
0.0
0.0
0.0
0.0
0.0
0.0
0.0
0.0
0.0
0.0
0.0
0.0
0.0
0.0
0.0
0.0
0.0
0.0
0.0
0.0
0.0
0.0
0.0
0.0
0.0
0.0
0.0
0.0
0.0
0.0
0.0
0.0
0.0
0.0
0.0
0.0
0.0
0.0
0.0
0.0
0.0
0.0
0.0
0.0
0.0
0.0
0.0
0.0
0.0
0.0
0.0
0.0
0.0
0.0
0.0
0.0
0.0
0.0
0.0
0.0
0.0
0.0
0.0
0.0
0.0
0.0
0.0
0.0553885996
34.9273453
84.2662582
151.857147
117.337013
43.3974037
9.9968214
6.92266512
0.0
0.0
0.0
7.27972947e-05
0.000149955507
0.000170013867
0.000188989099
0.000369950198
7.66646194
25.3551807
13.0594673
9.78464127
0.00136332447
0.00141831243
0.00143505901
0.00145075051
0.00189884461
0.0016887068
4.01250172
2.90327358
1.28343582
0.573469818
0.175428495
0.00270818616
32.380806
21.4638348
9.99826336
9.99843693
0.350144029
0.0243067499
0.0083271265
0.00170523778
0.00170231191
0.00169754692
0.00169162452
0.00186217623
0.645509601
1.31782949
0.391723305
0.253290951
0.834605932
0.256154656
0.621630132
1.27291477
1.92299747
2.18664694
5.31938934
5.53297329
23.1362305
13.7567453
10.0107317
7.21068621
0.102312431
91.1855927
124.00946
65.8624268
54.240963
34.4193802
35899.8594
141.469269
221.625229
208.120697
157.534454
120.08532
105.288628
100.371094
100.020821
100.021156
100.021446
180.016022
462.944824
429.548981
203.948212
119.101166
168.107986
169.529846
124.336227
102.051277
100.045166
100.045631
60.0456543
60.193161
100.403763
101.295654
107.307602
113.995255
127.588715
195.872467
180.177734
122.008553
100.049316
100.049744
100.049652
100.049683
100.049469
100.049324
100.04847
100.139915
110.830521
110.536606
103.009041
100.643066
236.072083
303.553955
275.575958
204.86235
188.862701
158.479919
130.684097
109.67968
71.8906555
70.589386
70.1731262
101.030098
101.732628
100.506752
100.067924
100.067253
100.066818
117.147125
189.789734
261.436951
223.572815
377.94281
382.267395
265.540344
212.306885
172.798157
124.69545
113.132378
111.000168
104.226723
100.605125
100.315155
100.208878
126.086555
126.767517
107.71759
101.766068
102.627502
100.753685
100.088539
100.088272
100.088676
40.0874405
43.1672745
42.7947311
52.6956711
55.1553307
49.6936874
70.2789764
189.929504
442.936951
426.145264
195.855957
62.0439568
201.412796
250.92572
149.361633
67.6331787
59.3353043
55.4184723
44.9883232
40.1021805
40.1013412
40.1003418
40.0990944
43.231884
239.175369
276.103668
135.949463
58.6425095
47.7092056
42.5299683
100.103447
100.102852
100.101784
100.100883
100.099968
100.721207
148.07872
147.199875
113.120316
128.677689
136.893906
127.447357
113.053955
102.396461
240.382309
242.151749
142.264328
102.860733
101.31765
100.200905
100.102074
218.496002
344.897278
260.51651
208.028458
269.15802
247.488678
156.200043
107.838615
100.629608
100.162376
100.121826
100.121414
100.120781
100.120346
102.149574
114.313087
262.019592
312.616516
202.425812
118.359184
100.162117
100.147751
100.128593
100.128166
100.127686
227.771149
220.706085
139.108429
320.587738
360.074799
203.351242
112.024681
100.144073
100.144005
100.143684
111.416649
176.000275
163.373856
118.653839
100.146629
50.1460762
50.1449165
52.5424576
78.7104645
189.369446
200.189224
109.397621
267.256622
243.255783
108.64576
50.1474419
50.1462479
101.964218
146.744995
183.022552
138.803894
257.903259
420.352173
439.678589
368.4104
226.685944
97.079216
54.2622261
50.1667786
50.1651421
50.1637611
50.1617661
50.1601677
50.1582413
50.1567535
101.296112
163.271393
194.93811
146.882446
184.630127
175.009705
125.841949
102.291313
122.504639
113.237083
106.538651
101.264206
100.638435
100.512337
100.141266
100.136337
100.130119
100.12809
100.125977
100.124252
100.12233
100.120438
100.118896
100.117111
100.115425
100.316765
100.112282
100.110733
100.109474
100.107811
100.106735
100.105415
50.1044159
50.1040726
50.1034012
50.1028824
50.3574791
50.6557693
50.2626839
50.1846428
50.1005898
52.6227264
51.4819946
52.8553886
51.3760834
50.5475006
51.0977173
51.279068
50.5538216
50.2532425
50.0954781
50.0948334
50.094265
50.0938377
50.0930748
50.0924683
50.0920372
52.4241791
51.4066582
50.7654495
100.136398
100.087753
100.087181
50.0866661
50.0862274
50.0856781
50.0848923
50.0845299
50.08395
51.2082481
50.7743645
50.8848648
50.1391182
50.1024818
50.0806122
56.7899094
77.1172485
66.9086075
55.5095596
50.0790901
118.795013
212.444275
160.341736
80.495224
50.0825272
51.4921608
51.7213097
53.8784904
52.2372208
51.6761932
50.1315918
80.0901794
80.3255081
80.0787048
80.0777206
80.0765686
80.0752563
80.0740891
80.0732574
80.072464
80.0713577
80.0706635
80.070282
80.0715485
80.0705643
80.067009
80.0695953
80.0694504
90.0797119
190.819626
239.071457
168.894638
186.148453
746.52356
723.64209
447.831299
249.423355
132.16481
81.4188232
80.0905762
80.0890503
100.23423
100.660309
100.253479
100.08445
100.083702
100.386673
101.173241
100.467209
100.101799
100.078873
100.07795
100.077049
100.129967
101.705238
361.698975
745.688599
791.168457
805.173218
943.705444
668.287659
328.121613
180.657089
124.301369
114.449989
214.599121
283.758911
217.128357
132.250488
103.03524
101.499001
100.517792
60.1171455
60.1159401
122.833168
115.681053
76.8703384
60.1120987
174.532532
372.019348
290.579742
119.973579
60.2240906
60.1171989
60.1159897
60.1145515
60.1131439
60.1115265
95.7473755
310.576782
618.255615
520.2547
239.368851
104.821259
98.5143051
390.98822
489.018982
266.441772
147.401688
96.7259674
110.826408
100.133392
100.132446
100.131111
100.129868
100.128578
100.127586
100.126068
100.124802
100.123589
100.122475
100.121216
100.119995
100.118507
100.117577
100.116241
100.115105
100.113976
100.113113
104.742699
104.262543
101.174545
100.108841
100.107849
200.852493
252.655396
183.350571
116.581375
103.94838
124.447937
146.604507
129.768951
107.753159
101.375069
100.513451
100.225952
100.132767
100.106003
100.105156
100.104736
100.103928
100.220367
100.790863
101.090988
100.349442
162.172668
159.776596
117.908875
100.849113
103.683907
300.355347
337.643707
201.858627
114.048866
100.108994
100.108604
104.913582
105.035637
101.386139
100.106705
101.333099
102.084389
102.553429
118.15052
54.584301
94.9775391
103.279762
548.724487
525.749634
413.789551
359.207764
264.463715
170.371048
96.1405411
57.9863243
464.772369
811.869019
509.752716
145.10405
166.434326
418.21701
165.497482
100.136887
100.135834
100.134689
100.133369
104.823761
169.097229
383.067566
396.21167
454.272461
495.017822
484.390228
558.544067
881.204407
708.730408
604.894653
579.767273
597.021973
526.879333
320.82663
301.033478
297.637756
291.600861
131.221161
100.175507
100.174889
100.174347
100.173355
100.172905
100.171989
100.171341
100.170425
100.169662
100.169212
100.168182
113.801506
128.935944
118.012627
103.454948
100.165474
100.164902
100.164314
101.914917
104.820213
101.578499
100.624092
101.731766
101.313644
100.528206
100.206352
100.159081
100.158463
111.565292
106.127434
102.008408
100.534042
100.174011
375.677734
363.078827
179.375748
108.511848
104.001282
101.413452
100.1633
100.163094
100.162605
103.57782
101.957245
100.816589
100.161293
100.15976
100.159447
100.159019
109.701828
54.3232422
51.4450378
50.1551094
50.1533966
50.151619
50.1497154
50.1481056
50.1460075
50.144352
50.9697037
115.84333
103.728584
66.2295837
50.1375885
50.1361809
50.1347885
50.1329155
50.1313362
50.129612
50.1281967
50.1267433
50.1252441
50.1234856
50.1218719
50.1206245
50.1192017
50.1175957
50.1161842
50.1146622
86.6059418
126.760918
109.093117
100.366058
100.107407
100.105682
100.10424
133.026581
123.396568
107.329384
100.099091
100.097908
100.096886
100.095612
100.094391
100.093224
100.092049
100.091141
100.090401
100.089424
100.088547
100.087593
100.086807
50.0860748
50.0854263
50.0845299
50.8352318
50.2808495
50.1945686
50.0820122
50.0813255
50.0810013
50.0777931
50.077404
50.0770798
50.0769348
50.0767937
50.0767822
50.0756874
50.0750809
50.0748062
50.0746155
50.0739365
50.0736008
50.0731468
50.0727654
50.0719872
50.0715981
50.0712204
50.0706253
50.0697823
50.0693436
50.068943
50.0683479
50.1486816
74.6566925
68.251297
55.9940643
50.0682487
50.0682068
50.0639305
50.0636902
50.0635033
50.0633469
50.0630493
50.0627823
50.0625191
50.0621567
50.0619011
50.0615883
50.0615005
50.0613136
50.0607414
50.0605927
50.0605621
50.0603981
50.0603943
50.0603905
50.0602264
50.0603333
50.059845
50.0596161
50.4103279
50.0705299
50.0618629
50.0618248
50.0590477
53.1519852
53.0569038
51.1824913
50.3180618
50.0589409
80.0584793
80.0581589
80.0578613
80.8317642
80.0801468
80.0561905
80.0552902
80.0589676
80.0585175
80.055748
80.055275
22.7988091
78.1248627
201.764374
175.179901
110.80629
80.0612869
80.0611496
80.0608215
85.638443
90.9357834
86.5402069
81.8530197
10.0365858
100.445824
108.821587
91.368248
88.2778168
85.3912277
81.9598999
61.8875809
61.9405365
62.1091805
59.4494934
56.0287094
67.8800888
84.9933624
258.280365
244.115906
297.361755
1236.08997
1594.10864
839.141968
244.930191
105.555573
106.704254
103.770805
102.933571
100.881569
100.087433
100.086517
100.085388
100.08419
100.082909
100.08123
100.115372
100.276588
109.968231
111.473404
104.192696
100.31617
60.0736732
60.0723648
60.8422623
62.1256332
63.3506279
88.831131
100.503502
86.220192
68.4766617
61.5541687
74.3490601
69.3891449
62.9585571
177.499466
219.165359
277.942169
331.048584
319.23526
427.547119
355.920624
192.57692
94.8871155
70.5046082
182.310974
547.283813
466.842438
174.237289
66.4949188
63.4044838
61.4096069
70.2326355
81.8220444
101.105331
92.6162796
75.6335754
70.0964508
72.7833557
73.1542816
71.2214584
71.0445175
70.9486389
70.3425217
70.1553802
70.1157379
70.0946426
70.0883026
92.9584274
107.782806
100.697159
83.092453
72.4496231
70.1868973
86.8821716
94.2367096
83.2202225
72.9191513
80.7576218
324.153198
432.799561
269.493561
114.70768
103.410591
100.365837
100.095901
101.932495
102.74823
100.788437
100.093719
100.093094
100.092369
100.091667
106.748138
106.975739
101.870499
100.0896
100.088943
102.876213
103.514954
110.496841
156.886292
222.011047
210.399307
219.809601
249.959549
191.768585
137.428131
153.908249
229.003387
229.072327
156.286392
196.388855
190.514145
67.0051575
40.5871696
41.0174446
40.839962
40.4208412
40.1094131
40.1080475
40.1066399
40.1053696
40.1042252
82.1663818
273.582275
886.319885
774.797729
330.343933
283.557739
230.265823
91.1191635
40.1274452
40.1266975
40.1262512
40.1251907
40.1239777
339.069397
347.683929
143.59285
54.0173607
46.5758247
61.7106781
65.4695969
112.93956
103.534668
102.800346
101.895325
143.694672
142.39502
151.57637
139.368683
110.349319
100.126877
147.382751
250.947388
270.871216
182.552307
114.378662
100.134926
100.134567
100.134003
106.969711
127.572601
121.493599
104.87558
163.62735
253.894104
211.818298
206.713745
221.316833
166.621765
165.680801
151.311081
115.373947
100.798721
100.435707
100.147041
100.146767
109.943871
105.10527
101.701698
148.76178
179.590637
278.056824
238.214081
140.165421
100.875374
100.260658
100.15448
100.154083
100.153641
100.153328
100.152977
100.152534
100.414436
100.151611
100.151306
130.629669
158.324432
133.520874
108.021133
104.424385
102.379105
100.940437
50.1507149
50.1491089
50.1473961
50.145668
50.1436958
50.1422615
50.1406708
121.542091
390.551941
367.656219
155.906906
58.6568871
76.602211
1062.90796
1307.29126
575.295532
118.846703
50.1556702
100.514519
105.500992
100.151566
100.149872
100.148094
100.146355
100.144753
100.143326
100.141548
100.139938
100.138397
100.136955
105.158943
258.169434
664.747986
655.979065
315.009949
280.03595
247.954285
265.862579
100.81398
100.174805
100.155655
100.130974
100.128983
100.126953
100.125191
100.123215
100.121559
100.119629
100.117973
100.116394
100.114571
100.113098
100.111641
100.110153
100.108673
100.107422
100.106346
100.104942
100.103912
100.102982
100.10154
100.10038
100.099754
100.099403
100.098541
100.098373
107.779968
103.476402
101.238686
102.720009
101.118927
104.607391
108.925591
114.10051
115.395134
118.60511
108.346703
102.365425
100.093018
100.09272
103.171928
101.605865
50.7410393
50.0908203
50.0903854
50.2769127
50.0893288
56.6186676
53.3423195
58.2012177
111.782448
109.36055
112.117439
131.716187
119.693245
105.985329
122.228134
131.660324
149.470978
126.941597
107.871887
100.086517
102.447525
102.972435
101.187286
100.327965
100.084549
100.91758
100.172562
100.111794
100.082863
108.336349
105.028198
101.889656
101.103622
159.979218
201.9935
367.525269
516.152466
464.404724
252.660736
130.610092
100.405167
100.099701
100.098267
100.097122
100.096222
100.095047
80.552124
80.0926666
80.091629
80.0906448
80.0894394
80.0884552
80.0873947
80.0859528
80.0847168
80.0835114
80.0824127
80.0811615
80.0802917
80.0789948
80.0781021
182.47641
323.201294
304.189301
191.97818
558.736694
600.354248
375.486938
204.93576
150.793442
106.53199
100.41124
100.69413
100.268448
100.099144
100.098137
101.469147
102.429802
100.833878
100.121262
100.092415
100.091438
100.090233
100.089058
100.088394
100.087364
100.086067
100.085068
100.084244
100.083031
100.081856
103.298912
166.685593
186.538467
180.695221
149.284531
112.962891
169.935486
501.274841
655.110535
364.672119
130.398056
65.2916031
60.6638985
60.0968208
60.4272575
60.6209908
60.2739716
67.1087646
117.09343
150.255585
126.760338
82.5976257
63.7001534
60.0896797
60.0885887
60.087265
60.0859909
60.0846977
60.9217148
60.4199982
60.1845551
60.0806999
60.1558609
60.0894852
60.0784187
60.0774536
60.0763664
60.1458893
60.5443268
83.4027863
106.715988
96.6353073
76.8722763
70.1064682
146.300232
142.530685
91.3599014
70.0752258
77.1594849
76.8820114
72.993576
87.266243
86.3036118
74.7988586
402.875122
422.424469
897.376221
989.238403
868.258057
541.009827
214.288162
257.259186
250.656311
147.42543
104.139641
102.459526
100.614105
104.894974
104.439629
118.925674
430.170044
765.77832
679.969421
620.393555
404.567749
179.442078
194.977158
388.362488
173.338577
134.154449
110.282272
106.427528
119.840904
114.309578
112.789917
108.697411
102.368942
100.134407
100.133453
100.132812
100.132065
100.131279
121.764877
193.048309
173.10759
119.657135
118.606598
242.501007
657.511597
619.520996
281.493103
148.515869
149.984344
310.250793
177.153687
149.470581
160.46817
186.998245
203.582031
168.596451
127.896393
146.053391
111.458595
115.769112
107.834686
101.547394
100.143097
100.141762
100.140541
100.139465
100.138092
100.136772
100.135574
100.134506
100.133186
100.131927
100.130936
100.1297
100.128517
44.413002
44.4042473
102.217964
100.434113
100.178726
100.122421
100.149071
100.129486
100.119469
100.118431
100.117363
101.376663
103.037239
101.977554
100.28447
100.113091
100.422836
100.20993
100.110786
100.109779
101.75959
103.296585
101.822769
140.209442
140.562836
117.479332
213.819855
327.569336
567.760254
541.974976
278.02887
123.334503
100.128014
100.128082
100.127945
100.127296
100.126793
100.126556
100.125862
100.12529
100.124588
100.124382
167.402191
375.39505
514.153503
395.564911
197.548538
113.127182
100.144096
100.211288
100.143898
100.143616
100.14315
129.047913
212.529053
329.30542
325.974182
208.943848
122.34922
101.758118
100.157318
100.155937
100.156975
53.6605873
51.9021721
122.181168
645.353088
558.152954
204.680817
51.5701103
102.423988
100.177406
100.163696
100.15094
100.149307
100.147499
100.145836
100.144295
50.7384338
50.1411018
50.1392975
50.1377335
50.1361694
50.134613
50.1329308
50.1313133
50.129734
50.1283493
69.6495438
88.823349
70.2763367
105.993767
50.1217003
100.120445
172.871582
197.609039
142.880615
108.101776
100.115334
124.742012
112.134438
103.844307
100.109856
100.108955
100.10775
100.10611
100.104767
100.103645
100.102585
100.101555
100.10054
100.099297
109.305351
104.09549
101.401581
100.095711
100.094818
100.093925
100.093094
100.092354
100.091545
100.091011
100.090408
100.089432
100.138504
50.0869751
50.086895
50.0864334
50.0859146
50.0856628
50.0853157
53.3821678
51.4543228
50.6194115
50.0837212
50.0833092
50.0828323
50.0826836
50.0820618
50.0815849
50.0811577
50.0805969
50.0801773
50.079319
50.0794754
50.078701
50.0780067
50.0775146
50.0769691
50.0763435
50.0757637
50.0754433
50.074894
100.072121
105.287819
104.321465
101.704979
100.36335
100.072929
100.072266
100.069519
223.882294
200.882172
132.501541
100.072739
100.072731
100.072571
100.072357
100.07196
50.0718079
50.0718727
50.0724564
110.223427
101.261581
66.6899033
50.0742912
50.0741692
50.0739784
64.5375824
60.0724678
53.6295242
52.0449104
51.0825195
50.5251808
80.0730667
80.073616
80.0735092
81.4754791
80.4446335
80.2131577
80.1254959
92.8529205
143.684723
330.644684
762.750671
895.045715
597.635132
267.254486
123.077477
86.8072357
81.8034668
80.0976868
80.0960846
80.0947342
101.30452
96.953476
85.9346008
80.0891876
80.0876083
81.1639404
80.1252441
80.0834122
80.0822449
80.0811462
100.080025
100.079086
100.078125
152.595215
153.666245
116.420174
100.109047
100.076126
100.075386
100.074898
100.07415
100.073891
100.073074
104.416283
173.138214
211.561783
162.558319
219.430389
384.04483
392.423157
330.491058
299.781403
234.318268
150.319763
107.806808
100.098366
153.974365
1135.30627
1626.56592
1097.59106
452.724548
132.057632
65.5282822
60.4827271
60.1179161
60.1165352
60.114521
60.1127281
60.1108246
60.1093864
60.1080055
107.60289
100.064926
72.1828156
60.1022835
60.1588669
60.1074677
76.4012909
70.7113953
63.3419151
60.0934792
60.0918045
60.0904427
101.517334
92.9514694
70.0453568
63.1545448
344.42804
332.55188
146.30014
62.6188889
180.910278
384.030762
413.611786
392.871429
272.317841
144.005966
100.110291
100.109802
100.109207
100.108017
100.107002
100.10614
100.105301
100.104347
100.103127
101.219955
101.306252
100.481133
124.980911
122.788773
106.630035
100.097664
100.097076
100.09626
100.095619
100.094673
100.093895
100.093758
100.092682
100.092186
100.091324
101.397369
101.988007
100.579651
100.088966
100.088173
113.48703
112.900841
104.212982
104.50219
104.141586
101.062485
114.742485
222.848236
286.367798
205.762375
122.0504
100.092697
100.09269
102.599457
142.367859
149.457138
122.104469
111.6297
108.022369
102.145111
100.093399
152.52536
150.092453
286.999786
254.928696
148.559525
41.0600204
40.1019669
40.1010246
40.0998535
40.0989227
40.0975876
40.0964394
40.095192
40.0940971
82.1520691
81.8033905
54.014019
41.1876678
51.9294815
280.114807
323.008667
158.162018
55.3230095
40.5375061
40.0982742
40.1673698
40.453331
40.2894325
40.7026176
40.7723694
40.4017982
40.0927277
40.0919342
40.0908699
40.0904503
100.089211
100.088356
100.087624
101.101028
102.670029
101.93277
100.258453
100.0839
116.564606
144.52475
141.489853
116.76899
101.981689
100.080643
100.079926
100.079285
100.078819
100.078293
100.077782
100.077316
100.077042
105.123383
108.208557
104.303223
100.439163
100.075081
100.316673
102.933212
71.0634003
40.3816757
40.0730133
100.073318
100.072868
133.597183
220.866608
190.983429
124.492554
100.079323
100.079483
100.079247
100.07756
102.887184
101.5746
100.647903
100.076309
100.075821
10.0460615
90.9478836
100.374138
100.232109
100.076759
100.076454
100.076141
100.072762
100.073792
22.770504
97.0419235
102.198524
100.070923
100.071693
100.071442
50.0742264
50.0737953
50.0736198
50.8599701
58.6604195
61.9283218
84.2986832
100.092072
176.365707
135.65332
74.4279327
50.076973
50.0767326
50.0763245
50.076107
50.0759735
50.0756874
50.0752563
50.0750237
50.0745697
50.0745544
50.0740089
50.0736351
50.0734711
50.0730515
50.0727005
50.0725441
50.0720634
50.0719414
55.3665619
52.0061646
50.6994324
66.9782791
180.516357
260.619263
171.935669
77.82621
50.078228
50.0781288
50.0781097
50.0777359
50.0770264
50.0767403
50.0763245
50.075985
50.0755501
50.0753174
50.0751801
50.0744934
50.0742607
50.0740662
50.0736542
50.0733414
50.0730095
50.0728149
50.0726585
50.0722466
50.8857613
50.2982788
50.1999397
50.0713882
50.0709763
50.0692711
50.0693245
50.0653725
50.0680084
50.0679588
50.0647964
50.0645447
50.0644913
50.0640411
50.064003
50.0633583
50.0632439
50.0629196
50.0628662
50.0626678
50.0623398
50.0622482
50.0619507
50.0617027
50.0616684
50.0614853
10.0346308
40.0879173
50.0609741
50.0608101
50.0605049
50.0604858
50.0599937
100.058167
100.058006
100.057999
100.057991
100.057961
100.057915
100.057854
100.057541
100.057236
100.056992
50.0569382
50.0567207
50.0566483
50.0564651
50.0563202
50.0560684
50.0559654
50.055851
50.0557251
50.055706
50.0552673
50.0552826
67.2298355
63.4818306
54.6321144
50.3864708
50.0614586
50.0576706
50.0973434
50.060791
50.0574989
101.885185
95.2427902
85.2811279
80.0570602
80.0563431
80.0561676
80.1805344
80.060585
80.055191
80.0548248
80.0546417
80.0542984
80.0541
80.0537415
80.0535202
80.0531464
80.0527573
80.0526962
80.052124
80.4491043
80.0626831
80.0534744
80.0510483
80.7122879
95.0950165
93.6781235
85.4435272
80.6949463
247.910751
219.837616
95.2650223
50.060051
50.060173
53.289505
54.1490707
51.2311821
50.0587196
50.0581894
50.1059265
50.0714417
50.0558624
50.0550117
55.4383316
225.926819
385.372559
328.349213
164.077728
69.5488739
50.0724869
50.0717049
61.5527916
179.996277
210.973251
123.381554
60.9453163
100.083717
58.7912216
60.044693
52.9844475
50.0719604
50.0706863
60.0694313
79.7914276
113.417633
308.685791
438.58728
303.403656
213.013367
386.051422
533.262329
353.684601
132.726013
63.0993881
60.0964127
73.1140594
105.995071
104.52887
114.727242
91.796463
68.9145203
209.626038
264.816498
160.087051
77.7092133
60.1733017
110.36438
180.575012
270.209106
442.68277
420.96286
212.942078
95.220932
92.9986572
92.9595337
81.9908524
98.8742371
95.1750488
77.1405563
70.2259064
70.1332626
73.64254
78.7609711
84.6077576
181.889954
192.80397
332.506775
314.87085
208.735703
235.690674
335.716736
247.456924
113.371643
70.1299515
70.1295853
70.1285477
130.234894
152.78801
256.904022
339.018982
295.405762
174.420502
92.5868149
217.966476
270.036804
188.322281
117.435463
101.571693
101.616676
100.788017
100.589394
100.249199
100.144669
124.527344
209.92569
228.085632
408.15152
366.719147
177.218903
102.696877
103.929565
156.685211
189.383759
154.87973
122.602333
109.812302
133.03241
136.611603
114.957466
103.667305
103.008842
101.493919
116.932281
116.643326
103.463768
127.048386
96.5071716
59.8425484
43.8947334
40.2319641
141.485184
159.408524
108.886375
66.4654846
47.4743576
42.8485451
44.3887329
42.7427292
40.8920517
40.8750267
41.1584702
59.1707764
58.8922806
46.7114487
43.4636192
91.9746017
90.6907272
55.5533333
40.1467934
44.4874878
106.332733
112.002434
67.2247696
49.628334
107.537277
108.708015
105.671677
148.833496
198.542175
177.992126
149.309998
162.201111
355.034241
403.605774
285.172485
208.709106
154.606339
111.859215
100.222832
100.442848
102.075417
102.370819
100.386253
100.34816
100.220772
100.160973
100.160202
100.709869
122.611687
122.720779
114.282448
148.175888
141.243835
146.945709
