0.0
0.0
0.0
0.0
0.0
0.0
0.0
0.0
0.0
0.0
0.0
0.0
0.0
0.0
0.0
0.0
0.0
0.0
0.0
0.0
0.0
0.0
0.0
0.0
0.0
0.0
0.0
0.0
0.0
0.0
0.0
0.0
0.0
0.0
0.0
0.0
0.0
0.0
0.0
0.0
0.0
0.0
0.0
0.0
0.0
0.0
0.00312364008
0.00312364008
0.00312364008
0.00312364008
0.00312364008
0.00312364008
0.00312364008
0.00312364008
0.00312364008
0.00312364008
0.00312364008
0.00312364008
0.00312364008
0.00312364008
0.0
0.0
0.0
0.0
0.0
0.0
0.0
0.0
0.0
0.0
0.0
0.0
0.0
0.0
0.0
0.0
0.0
0.0
0.0
0.0
0.0
0.0
0.0
0.0
0.0
0.0
0.0
0.0
0.0
0.0
0.0
0.00312364008
0.00312364008
0.267743289
38.4903107
58.8648186
72.7425079
46.8016396
15.9222031
10.0015631
2.78017068
0.00312372856
0.00312364008
0.00312364008
0.00312364008
0.00312364008
0.00312364008
0.00312364008
0.00312364008
3.42744565
10.6243706
7.22497272
2.19821334
0.00312364055
0.00312364008
0.00312364008
0.00312364008
0.00312364008
0.00312364008
1.68553412
1.21720874
0.538332999
0.269726515
0.079647772
0.00312364008
13.1267576
12.2209015
5.47779083
0.00312364101
0.00312364008
0.0111748129
0.00568134012
0.00312364008
0.00312364008
0.00312364008
0.00312364008
0.00312364008
0.283029348
0.611050785
0.175373465
0.112880804
0.39591673
0.117449075
0.292409599
0.619471252
0.93717587
1.07774746
2.66607833
2.74735188
10.9066668
10.8066397
3.29412556
0.0
0.0
33.1276321
35.9061623
21.7763653
24.469265
12.4101276
6.91409206
14.9664488
40.5270348
25.1122894
20.2028942
12.1792059
7.71366262
0.0595118999
0.0
0.0
0.0
30.9134369
100.68631
111.317757
45.3656921
10.4949818
36062.1602
130.818893
110.80912
100.860634
99.9188919
99.9188461
99.9192276
100.020233
100.13076
100.622757
103.977608
107.25016
113.987068
143.139816
131.236832
108.503632
99.9172821
99.9173279
99.9172211
99.9171143
99.9169922
99.9173737
99.9341736
99.9851913
105.85833
104.8172
101.275658
100.247093
157.556381
187.438416
176.389832
153.430923
138.7314
126.673286
84.1081009
74.4091797
70.8840408
70.202774
69.97229
100.500931
100.791382
100.141083
99.9168854
99.9168167
99.9171219
110.584335
146.301392
172.32666
150.509628
220.736328
211.404709
177.581268
161.326569
139.452484
113.419479
108.753906
106.976852
102.546486
100.284462
100.081116
50.031002
68.4148865
67.0537262
54.6799202
51.0959435
51.5905075
50.3565102
49.9493179
49.930645
50.0269623
40.027195
42.3464661
41.8608017
48.9289017
49.7339706
46.0074348
58.752037
117.027405
218.616379
207.642395
110.517136
51.4366302
134.995987
160.46817
104.713943
57.8338013
54.7122993
51.4465599
43.6167679
40.058342
40.0604324
40.0621834
40.0638847
42.6692238
152.486984
171.55249
94.1836166
52.748497
45.8270264
41.9012718
40.0814438
40.0833321
40.0846939
40.0860825
40.0871315
40.6030388
74.6358185
72.7068481
49.0866203
59.6538849
64.3455734
58.1255264
48.4822006
41.5593567
121.162689
119.433167
63.8355446
42.1976204
41.0285797
40.1772194
40.103569
114.488922
184.759521
130.71019
110.154907
152.314636
137.008377
77.5641708
45.623394
40.5694923
40.1658897
7882.44873
100.125443
100.123734
100.11895
102.131165
112.712563
207.398895
238.352539
164.729996
111.823677
100.122101
100.101143
100.092133
100.075287
100.068558
194.328369
180.760712
126.647614
247.472656
265.889587
165.937485
108.407829
100.001862
100.011955
100.005989
112.052261
167.717041
149.566833
113.956009
99.9846954
100.033562
50.0004272
52.8607712
78.5252533
159.980927
159.326035
89.9243774
260.781555
217.968521
134.505814
99.9282532
99.9642792
152.288605
183.035217
158.363342
165.276001
268.542084
378.320801
395.307739
358.17865
240.71582
136.667023
103.643547
99.9495392
99.9524384
99.992218
100.032867
100.002617
99.9700546
100.004288
102.421753
175.478516
191.948471
138.623032
182.973984
160.699219
120.203629
101.95079
126.193321
111.513062
107.430626
101.123192
100.559731
100.893478
100.157707
100.149567
100.151421
100.160225
100.168549
100.176445
100.183891
100.190269
100.196701
100.203796
100.210052
100.620026
100.230835
100.230026
100.234863
100.238564
100.24292
100.20739
94.8952637
50.2222672
50.2305527
50.2561646
50.7334099
51.2665977
50.3988724
50.3305626
50.2577057
53.933033
51.7523689
53.902317
51.5785675
50.6211967
51.7933884
51.8460922
50.605957
50.375515
50.2558098
50.2554398
50.2552452
50.2552071
50.2550697
50.2549133
50.2544212
53.3207207
51.5345993
50.7332611
100.179077
100.143684
100.143646
100.143845
100.143944
100.143623
100.143677
96.1027527
50.1436195
51.6393166
50.9505959
51.1458435
50.1852417
50.1586418
50.1434441
57.7304115
74.9423218
63.2667351
54.179821
50.1637192
98.1580811
136.901001
95.967247
61.754715
50.1413002
51.6480217
51.6798935
53.4183884
51.0877342
51.3978348
50.2660713
80.2477493
80.611618
80.2420044
80.2413177
80.2407761
80.2403488
80.2397232
80.2393341
80.2385635
80.2380981
80.2375336
80.2369308
80.2363815
80.235733
80.2352905
80.2349396
80.2343292
87.7461014
137.051376
144.99971
111.144379
126.450584
307.577515
258.980133
232.565216
157.542496
103.919983
80.9723969
80.2288055
80.2285614
100.324028
100.602364
100.340508
100.227013
100.226662
100.428116
100.94104
100.491608
100.241188
100.224655
69.7017136
50.2234421
50.263031
51.4958801
179.480469
315.631012
344.971191
401.158813
510.94516
410.496674
258.794342
166.089874
120.296738
115.476875
204.658371
252.482086
192.83194
126.304367
102.953514
101.701355
100.629456
60.1934319
60.2092628
123.781158
110.499466
75.5471344
60.2102356
160.087296
296.591736
213.741898
99.5438614
60.2857361
60.1943703
60.2099762
60.2100258
60.2100105
60.2100449
100.459862
263.092834
467.264587
368.833923
195.744156
104.296562
104.31015
363.484863
416.452179
233.666672
152.562759
101.423264
72.4192734
60.1944313
70.1942978
70.1942368
70.1941681
70.1940994
70.1940155
70.1939392
70.1938477
70.1937561
70.1936569
70.1935501
70.1934433
70.1935043
70.2089157
70.1931305
70.1929474
70.1929932
70.2086563
76.762085
75.4323425
71.538353
70.1919327
70.191864
182.941376
209.63707
136.376602
82.0634918
74.0467072
94.254715
112.470558
94.1769638
76.3868484
51.2480927
50.5515022
50.2924576
50.2273483
50.1886864
50.1884193
50.188179
50.1881294
50.3284988
50.9018478
51.0993042
50.4064064
112.845703
96.8376694
63.9446831
50.7479324
53.5021286
195.692917
198.138351
111.734756
58.9596291
50.1832581
50.1831436
54.98283
54.4276199
51.256916
50.1817513
51.4028282
51.9238243
52.5585594
69.2006302
52.4238129
92.8161392
89.3329773
355.562592
274.14093
291.740967
279.832977
218.28833
156.318207
90.4812775
58.3948059
382.154633
642.95697
391.346832
119.613258
40.2764435
40.2764435
40.2764435
40.2764435
40.2764435
40.2764435
40.2764435
48.1067543
132.583527
334.523254
327.251953
393.508453
406.766296
266.837158
144.952316
558.925171
629.598267
362.308197
155.290421
221.224884
654.417847
427.385651
378.537079
424.965607
389.156464
169.216675
100.276443
100.276443
100.276443
100.276443
100.276443
100.276443
100.276443
100.276443
100.276443
100.276443
100.276443
123.74501
147.181519
128.3293
105.433029
100.276443
100.276443
100.276443
103.129173
107.696365
102.560043
101.024994
102.737442
102.088623
100.858002
100.320671
100.236748
100.226997
117.890106
109.556923
103.063873
100.748726
100.232216
362.544678
358.974762
178.724182
112.187759
105.81945
101.984337
100.136276
100.130783
100.119987
105.470726
102.979706
101.145172
100.058769
100.019913
100.003754
99.9934921
114.816101
56.6573067
52.1106224
50.0767136
50.0703583
50.0321503
49.9943848
49.9862137
49.9800835
49.974575
51.2795448
132.005524
118.07402
70.4371796
50.0024033
49.9888306
49.9850159
49.9473724
49.9451714
49.9443703
49.9440041
49.9441528
49.9447937
49.9458694
49.9473228
49.9492149
49.9516106
49.954422
49.9577522
49.9618645
91.4387054
129.254684
109.8778
100.29171
100.041199
100.04805
100.082413
132.1474
121.471268
106.753067
100.10289
100.093758
100.100822
100.108826
100.116844
100.124336
100.130684
100.137016
100.143776
100.150589
100.16362
100.162216
100.166328
100.170609
100.175003
50.1801758
51.27248
50.3568611
50.283741
50.2008057
50.2063332
50.2121773
50.204895
50.2144547
50.2240372
50.2351799
50.2201729
50.2467995
50.2486992
50.2485237
50.2482071
50.2480698
50.2477837
50.2475662
50.2474518
50.2472763
50.2468643
50.2466507
50.2463531
50.2462006
50.2458878
50.245594
50.2452812
50.2450752
50.3541031
73.3937759
66.0558853
55.2864761
50.2438011
50.2434464
50.1257896
50.1255188
50.1254539
50.1252213
50.1249619
50.125061
50.1249084
50.1248474
50.1246376
50.1242523
50.124157
50.1224937
50.1196327
50.1188583
50.1183434
50.1181068
50.1179543
50.1175117
50.1173019
50.1170692
50.1169052
50.1180115
50.5158272
50.1230087
50.1423683
50.1163712
50.1168594
53.274128
52.9492188
51.0710716
50.3284874
50.2292938
80.22892
80.2280655
80.2276306
80.9972
80.2392197
80.2259369
80.2250748
80.2246933
80.2238617
80.2234268
80.2227554
92.4786453
11.6121273
142.434692
130.129349
95.7248001
80.2188263
80.2185593
80.2175217
83.1588135
85.2774429
82.7573624
80.9134521
10.1098719
83.9346161
13.7889891
81.9200668
83.8555145
10.4574299
5.37835979
44.8062096
54.8454399
55.0576286
53.797554
52.4824944
57.4672623
63.5991669
115.91864
105.18232
132.495117
420.364349
580.553467
350.427734
113.920311
55.1278419
105.797836
103.398911
102.632675
100.907738
50.2399521
50.241436
50.2423897
50.2431488
50.2436867
50.2440567
50.2741394
50.4198265
59.1804886
59.777916
53.6740685
50.3711624
60.1761971
60.1593971
60.7920647
61.8049698
62.7369843
82.4614029
88.6355515
77.1780014
65.3007889
61.0532761
69.3068695
65.7252274
61.8650551
122.455711
142.161285
169.48526
194.421127
194.588531
259.071655
213.906815
139.586243
84.02771
67.7251358
150.399872
347.444641
263.63028
116.650841
66.0983353
63.1820297
61.3909645
16283.8398
112.383888
129.398346
118.517937
104.688271
100.188583
102.624863
102.778839
101.087715
101.063576
100.92086
100.38443
100.259186
100.208687
100.191658
100.187538
123.330734
131.707993
123.713417
109.174553
101.795372
100.286385
115.10041
117.627052
108.956917
102.035179
109.200073
259.396759
295.213379
200.854294
124.336952
102.237495
100.350563
100.183014
101.841133
102.172714
100.687111
100.182243
100.181953
100.181198
100.180809
107.232788
105.391785
101.481964
100.178993
100.196358
102.911064
102.716309
110.58297
149.860489
186.332336
165.903778
183.320374
198.818207
150.42038
126.847572
145.548004
201.041885
185.950027
134.199142
188.440018
158.805069
56.9864006
40.6399918
41.085289
40.8760033
40.5181656
40.2724991
40.2725372
40.2725372
40.272438
40.2723808
83.8765564
210.264374
539.190674
390.777679
223.656616
270.612305
186.471802
77.7916489
40.2764435
40.2764435
40.2764435
40.2764435
40.2764435
304.960083
267.271545
121.459549
57.562252
47.9434204
70.1534271
70.970665
115.182144
104.780846
103.597343
102.785446
156.246216
146.786575
160.925659
140.948364
110.477577
100.276443
158.065552
257.288025
267.373627
177.344269
113.403923
100.276443
100.276443
100.276443
110.926079
137.86731
125.969139
105.670212
177.7164
266.243927
210.133575
221.561401
236.941132
172.537155
185.028458
160.885742
117.919235
101.098732
100.606644
100.275032
100.26619
115.476006
107.101372
102.228401
166.598618
199.538269
300.353821
241.805267
139.427109
101.02771
100.301201
100.168633
100.167877
100.163177
100.144661
100.133133
100.127884
100.6082
100.143105
100.123344
146.653717
179.439819
142.359375
109.444016
106.554527
103.129539
101.089447
50.0369415
50.0238914
50.0154114
50.0073967
49.9998779
49.9929466
50.0194931
140.175323
354.367188
314.484406
135.506882
58.3400421
85.7398758
864.183167
1017.81714
494.04007
123.613586
50.0360909
50.4937477
50.0376968
49.9950867
49.9486732
49.9464836
49.9479866
49.9500008
49.9525604
49.9555931
49.9591026
49.9630852
49.9676514
108.234589
276.618011
584.553284
561.344238
291.831757
131.686859
100.094879
100.075836
101.005081
100.202087
100.154556
100.111671
100.118935
100.128159
100.137779
100.146576
100.155602
100.165024
100.174156
100.18277
100.191124
100.1987
100.213089
100.220535
100.21991
100.227478
100.234146
100.243408
100.249123
100.252754
100.259239
100.218948
100.228226
100.257111
100.262695
100.251808
111.571152
104.641685
101.765053
104.133881
101.486778
56.4046478
61.2727547
66.3353271
66.8024673
68.9284744
57.7460365
102.26387
50.2678909
50.2677155
53.9806595
51.467495
50.7809639
50.2669144
50.2669144
50.5501251
50.2663498
57.3140755
52.8257904
58.0441628
110.694283
108.0541
110.47261
125.098961
115.410149
104.710152
117.55571
123.104378
133.95874
117.1157
105.157463
100.157684
102.735588
102.753212
100.848793
100.314552
100.156517
101.205902
100.239754
100.178658
100.178207
107.581108
103.088013
101.255699
101.403069
142.494888
162.825195
237.901993
300.251831
280.340851
175.386444
96.9795837
80.5258789
80.2581711
80.2583084
80.2579498
80.2577362
80.2578354
81.0359726
80.2573853
80.2572479
80.2567596
80.2566071
80.2563553
80.2559433
80.2555771
80.255127
80.2548294
80.2544937
80.253891
80.2537003
80.2531281
80.2525558
152.897919
212.552612
190.98703
137.650925
310.252686
307.829285
246.120911
161.614243
132.537811
104.651718
100.519348
100.748825
100.401604
100.257187
100.257355
101.488228
102.156105
100.911491
100.289146
100.257683
100.257706
100.257492
100.257141
100.256943
100.25692
100.256561
100.256073
100.255852
100.255478
100.25499
103.344421
152.86795
158.21965
150.456894
127.058609
107.554764
142.372345
285.960205
357.955963
211.048035
99.5580063
63.7896996
60.6306763
60.1875114
60.4505806
60.6162033
60.3477707
66.2110443
105.386154
124.09996
104.868942
74.4038773
62.5249062
60.1719131
60.1716385
60.1716003
60.1713562
60.1713829
60.8297806
60.4505196
60.2610359
60.1857185
60.242672
60.1939774
60.1848068
60.1678123
60.1669502
60.2351837
60.5510864
14079.4082
128.106171
117.713043
104.749733
100.181992
149.321869
137.402237
111.608749
100.161591
104.696411
103.65773
101.763374
111.598297
108.433235
102.669708
254.243408
222.422379
480.176636
498.42627
565.446045
353.275757
185.570984
252.410431
215.07579
136.496323
104.280029
102.463852
100.671776
105.650848
104.503906
121.60527
361.933441
580.543335
517.413818
546.843262
351.746002
229.926605
228.931122
373.709839
169.125778
144.013824
113.262962
108.742531
126.130203
118.258125
116.75161
111.050217
102.999992
100.185249
100.18512
100.202461
100.184425
100.184212
129.258484
207.030945
178.461258
120.807114
121.593384
239.354218
573.609802
510.231812
252.925705
118.003975
100.276443
232.404648
199.645554
159.524567
176.436493
205.954529
229.844009
219.750793
201.601532
170.274673
126.706177
122.106812
110.685715
102.132881
100.276443
100.276443
100.276443
100.276443
100.276443
100.276443
100.276443
100.276443
100.276443
100.276443
100.276443
100.276443
100.276443
46.8081474
46.3889732
103.206223
100.728027
100.358086
100.276443
100.317261
100.289406
100.276443
100.276443
100.276443
102.095558
104.23909
102.666817
100.489227
100.276443
100.691025
100.408142
100.276443
100.276443
102.414268
104.192398
102.298897
148.03212
146.30687
119.708611
199.478348
283.0979
432.736023
417.176941
236.847977
120.843964
100.276443
100.268127
100.26136
100.262779
100.271904
100.235374
100.246254
100.235306
100.224571
100.232231
179.872711
356.757263
475.785339
378.205658
197.196075
114.667168
100.177315
100.279045
100.162941
100.132019
100.128418
143.777405
244.179993
370.515198
361.314545
229.314346
128.494232
102.396515
100.032776
99.9938583
100.01046
55.0236816
52.7054291
147.071609
603.41272
495.53064
183.946503
52.378788
103.090614
100.069603
50.034584
49.9973831
49.9603348
49.9565086
49.953289
49.9507065
50.8954964
50.0011978
49.9553528
49.9445114
49.9441414
49.9442902
49.9449348
49.9461899
49.9860153
50.0257683
80.3397369
104.028214
77.7782822
58.0375404
100.027504
100.041336
178.704239
198.706436
142.431702
107.450386
100.083717
124.029541
111.935089
103.846848
100.090302
100.098984
100.108139
100.117439
100.142555
100.141502
100.14373
100.152031
100.160858
100.169525
110.901405
103.831078
101.408501
100.198051
100.203896
100.211678
100.221283
100.222031
100.220749
100.22905
100.243065
100.237343
100.312416
50.2326965
50.2430305
50.2511597
50.2553101
50.2583656
50.2582092
54.620388
51.4391441
50.7241402
50.2578773
50.2573662
50.2570038
50.2569237
50.2569237
50.2569237
50.2565689
50.2560806
50.2557487
50.2556725
50.2556725
50.2555351
50.2551613
50.2546921
50.2544594
50.254425
50.2541695
50.2536354
50.2532501
100.141586
106.176811
104.482315
101.581406
100.412468
100.162163
100.137871
100.137718
180.727814
164.158646
120.578682
100.139496
100.139359
100.139389
50.1395378
50.1391754
50.1395187
50.1619072
50.1400337
84.7402496
74.0191498
57.9886475
50.1394577
50.1393967
50.1401405
59.5180244
54.5321541
51.683773
52.0104141
50.5542183
50.3278351
80.2425919
80.2420959
80.2416916
81.7075729
80.4456253
80.3173599
80.3120575
88.8084869
114.111313
181.424164
321.126587
373.685303
297.291809
172.687866
106.931213
84.8827972
81.723999
80.2375946
80.2372971
80.2370224
99.605896
92.9361801
84.6365128
80.2360458
80.2355194
81.6054459
80.2626801
80.2343292
80.2338409
80.2336884
100.232948
100.232574
100.232063
139.267395
133.982269
110.771835
100.25457
100.229958
100.229431
100.228889
100.228546
100.228157
100.227539
103.202896
143.269852
156.367645
129.212875
159.065796
177.89624
180.925888
166.098038
208.931152
175.530029
129.510696
105.030357
100.223228
138.922287
524.319153
791.800415
631.259094
352.873413
121.602905
65.7081909
60.5883179
60.2101784
60.1944847
60.1938057
60.1938248
60.1940536
60.2104187
60.2105598
115.240128
101.374863
72.8727646
60.1943817
60.264473
60.2026978
77.8730469
69.8770828
63.2172318
60.1942139
60.1942101
60.1944351
101.951447
88.4697266
68.9373016
62.6663017
250.951492
215.315643
110.206154
62.0027847
145.756317
288.971985
286.585693
300.406525
190.872055
101.391365
70.1937714
70.1938477
70.2091751
70.1933441
70.1929855
70.1927567
70.1925888
70.1924515
70.1925583
71.4672089
71.4782639
70.5776138
98.8989105
92.4617233
76.6941681
70.1915054
70.2073898
70.1909561
70.1907501
70.1905594
70.1906052
70.2067871
70.1899872
70.189621
70.1895065
51.502594
51.986187
50.650753
50.1879845
50.1879311
65.5250931
61.6004677
53.904129
13.6734219
44.3447189
50.9880981
65.3544998
148.380951
170.805511
108.268066
61.6626663
50.1830063
50.1826973
52.2478523
85.1044693
84.2094269
64.2666855
58.9857903
55.5594635
51.5552254
50.1792221
92.3551483
82.298317
170.78154
132.139999
75.4084167
40.8779716
40.2730865
40.2729454
40.27285
40.27285
40.2726326
40.2725372
40.2725372
40.2725372
79.6653824
69.0023575
49.5482635
40.994873
51.1118279
189.762207
187.851593
99.7899399
48.8915405
40.5598373
40.2718544
40.333683
40.5462456
40.41922
40.8222275
40.8186111
40.510582
40.271656
40.2714806
40.2714424
40.2713242
40.2710495
40.2708588
40.2706833
41.2747345
42.5896759
41.7380524
40.3990936
40.270195
55.8476219
75.4311295
68.484314
50.4753075
41.3458405
40.2692566
40.2691574
40.2689819
40.2688255
40.2687874
40.2685127
40.2683754
40.268219
44.6658058
46.0891113
42.9801826
40.4851418
40.2676163
40.4650841
42.52351
42.2786942
40.4513092
40.2589188
15624.6016
100.264877
126.004669
172.480835
146.05127
111.968231
100.211212
100.207474
100.206787
100.193398
102.785271
101.115883
100.487579
100.156036
100.147507
100.138588
101.065376
100.321808
100.215652
100.121284
100.116829
100.103775
100.064232
100.05188
110.23513
104.409348
101.248207
99.9822922
99.9992447
99.9889526
50.0130997
50.0657196
50.0599709
50.8970261
56.8085175
58.4523506
72.2882156
79.0076065
114.355164
87.4280167
60.1443748
49.9344788
49.929287
49.9245987
49.9194183
49.9154854
49.9120979
49.9508438
49.9505577
49.9078865
49.9414406
49.9397125
49.8996124
49.8961906
49.932457
49.967865
49.9312515
49.8946877
49.8946228
54.341301
51.0874939
50.307251
62.1684303
116.111679
138.927063
92.4343643
59.181572
50.0544624
50.029274
50.0277977
50.0312157
50.0092163
50.01017
50.0160828
50.0414467
50.0487213
50.0378914
50.0445404
50.0530968
50.0620995
50.0711937
50.0809708
50.0910454
50.1110649
50.1252403
50.1236153
50.1245193
51.1430092
50.27351
50.2138977
50.1551247
50.1616707
50.155468
50.1793289
50.1848259
50.1751289
50.2060928
50.2091179
50.2116928
50.2122612
50.2119827
50.2118301
50.2116661
50.2114143
50.2110863
50.2108879
50.2104607
50.2103844
50.210144
50.2098351
50.2095451
50.2090569
50.2089806
50.2087402
50.2084274
50.2080231
50.2076187
50.2075806
50.2073441
50.2069054
50.093174
50.0930634
50.0930557
50.0928574
50.092804
50.092411
50.0920372
50.0914116
50.0904274
50.0887604
50.0883293
50.0883484
50.0883141
50.0878563
50.0878487
50.0878525
50.0873833
50.0872231
50.0871277
50.0868034
50.086731
50.0876236
67.3018723
61.9979362
53.9632454
50.365345
50.0887375
50.1106339
50.1442108
50.087204
50.0869827
97.0914459
12.1387386
82.5335464
80.1922455
80.1915207
10.1003771
70.37883
80.1898804
41.9834595
10.0990267
70.2772446
80.1869736
80.1862717
80.185463
80.1848679
80.1837921
10.0965252
70.269104
80.1818619
80.5065002
80.183075
80.1797943
10.0943737
70.807785
92.3824463
91.1452332
84.4065323
80.6262283
80.356926
132.474533
119.450905
100.172615
100.171883
51.5633469
51.8421135
50.6456947
50.1696167
50.1688194
50.188221
50.1738892
50.1669579
50.1662979
52.5966682
107.755463
153.00827
137.566376
88.1949615
57.2509575
50.162281
50.1617546
55.7776985
102.474701
113.247612
79.1339722
54.5842819
50.1624718
54.5902748
10.8359194
95.989212
100.155731
100.155052
60.0680809
69.8133698
83.9812622
147.565521
196.82547
150.743866
128.598633
204.224701
273.356598
195.354706
95.5022507
62.0056458
60.0732994
70.086647
92.6717606
90.4208908
96.5570526
80.459137
65.7546921
148.565216
177.531067
116.393105
70.1986465
60.1347656
97.2449341
139.148407
188.960526
281.080688
267.14679
149.601379
86.4150772
90.6242523
87.7591858
79.7218475
94.567276
88.7495041
75.3870621
70.2133408
70.1465759
73.0644913
77.2734146
82.0018463
152.166107
147.289108
238.061295
203.977585
162.168549
194.435455
260.748962
181.058258
96.80793
70.1540909
70.1738129
70.1605759
131.69519
137.496521
224.493927
269.53186
238.412216
143.266937
86.3195953
175.539368
193.222137
115.854164
63.1428642
101.631798
101.575447
100.859444
50.6148796
50.2796326
50.1847382
82.0001907
164.343292
159.007996
322.486694
270.56543
147.555923
103.284874
104.242317
171.075897
191.418579
150.035675
123.009132
109.850662
141.90239
137.124268
114.297592
104.05835
103.182571
51.7319527
72.4639587
67.2706528
116.434517
127.121475
94.0578079
57.967556
43.6444588
40.3511963
149.707855
147.284851
105.650269
64.7471542
47.1254692
43.6893387
45.4699554
43.1576271
41.0714912
41.2225914
41.4844742
64.5845261
60.1541328
46.9528389
44.3301926
97.0049744
86.8315125
53.8283577
40.2764435
45.7007599
107.967682
104.293716
63.4423065
50.8500938
58.5990257
65.4592514
62.0751648
107.934708
142.262115
117.442497
114.47641
152.590347
294.250122
305.050293
232.378265
208.089935
152.614029
111.161011
100.344864
100.747505
103.457756
103.433754
100.577194
78.7798538
59.4774666
53.3037682
51.3709259
51.6877213
81.6376343
77.7649918
68.3820419
116.177254
104.666794
108.039062
