0.0
0.0
0.0
0.0
0.0
0.0
0.0
0.0
0.0
0.0
0.0
0.0
0.0
0.0
0.0
0.0
0.0
0.0
0.0
0.0
0.0
0.0
0.0
0.0
0.0
0.0
0.0
0.0
0.0
0.0
0.0
0.0
0.0
0.0
0.0
0.0
0.0
0.0
0.0
0.0
0.0
0.0
0.0
0.0
0.0
0.0
0.00312364008
0.00312364008
0.00312364008
0.00312364008
0.00312364008
0.00312364008
0.00312364008
0.00312364008
0.00312364008
0.00312364008
0.00312364008
0.00312364008
0.00312364008
0.00312364008
0.0
0.0
0.0
0.0
0.0
0.0
0.0
0.0
0.0
0.0
0.0
0.0
0.0
0.0
0.0
0.0
0.0
0.0
0.0
0.0
0.0
0.0
0.0
0.0
0.0
0.0
0.0
0.0
0.0
0.0
0.0
0.00312364008
0.00312364008
0.265004367
38.3731041
58.8564453
73.0310364
47.101757
16.0514984
10.0015631
2.80373573
0.00312355184
0.00312364008
0.00312364008
0.00312364008
0.00312364008
0.00312364008
0.00312364008
0.00312364008
3.44029784
10.6635065
7.24601269
2.20517206
0.00312364055
0.00312364008
0.00312364008
0.00312364008
0.00312364008
0.00312364008
1.65325701
1.18467855
0.523568749
0.26342085
0.0775978565
0.00312364008
12.8276234
12.1676579
5.16323233
0.00312364078
0.00312364008
0.0109380139
0.00560611347
0.00312364008
0.00312364008
0.00312364008
0.00312364008
0.00312364008
0.273483723
0.597550809
0.170935109
0.109558418
0.387778223
0.114703313
0.284875542
0.608049154
0.916306078
1.05925512
2.61706734
2.70637488
10.7678242
10.695569
3.25465417
0.0
0.0
32.7948036
35.3163223
21.4669743
24.3736229
12.3871765
6.68864155
14.873867
40.3075485
24.7785645
20.1127224
12.1764889
7.69272423
0.0598559678
0.0
0.0
0.0
30.9838448
101.312897
111.377457
45.4010048
10.5020609
35952.4062
131.050323
110.900909
100.875099
99.9189072
99.9190216
99.9194031
100.020798
100.130951
100.625381
104.010933
107.293037
114.102768
143.65329
131.351334
108.530807
99.9176102
99.9175034
99.9173965
99.9172821
99.9173203
99.9177017
99.9345016
99.9854965
105.917984
104.814011
101.273483
100.248901
158.348999
188.33139
177.347687
154.254913
139.404129
127.148506
84.3564148
74.487381
70.9009171
70.2072067
69.9739304
100.510773
100.801857
100.144402
99.9181595
99.9180832
99.9183884
110.71907
146.941223
173.474487
151.403793
223.276321
214.047729
179.492325
162.907806
140.533554
113.804466
108.942757
107.153435
102.614632
100.295013
100.087547
50.0356941
68.6797028
67.4066467
54.7876396
51.1163483
51.6233788
50.3678131
49.9532051
49.9345932
50.0307541
40.0309105
42.366394
41.8894768
49.0059128
49.857563
46.0848885
58.9151955
117.887512
221.541031
211.182724
112.320053
51.7748795
136.585632
163.097366
106.256516
58.2775574
54.9199753
51.6495743
43.6971397
40.0657806
40.0677147
40.0695457
40.0710869
42.6890144
153.719299
173.435211
95.1149368
52.9402962
45.9021492
41.9329453
40.088665
40.0901794
40.0915298
40.0927162
40.093792
40.6121254
74.9989014
73.021431
49.2022934
59.8612061
64.5887375
58.3255692
48.5776672
41.5860443
122.128708
120.315918
64.147934
42.2217636
41.0430145
40.184494
40.1107025
115.370613
186.636932
131.955536
111.236519
154.003754
138.415833
78.1012115
45.7216606
40.5837479
40.1747437
6568.02588
100.133583
100.131683
100.126869
102.187042
112.930939
209.353195
240.319489
165.48674
111.983742
100.130722
100.109703
100.100525
100.083328
100.076721
196.242294
181.532852
126.925659
251.47229
268.640411
166.716156
108.506866
100.008804
100.018517
100.012543
112.408997
169.636398
150.490952
114.143509
99.9906769
100.039467
100.006065
52.9590759
79.2506409
162.775589
161.50679
90.4811707
265.768036
220.08284
135.001266
99.9332962
99.9691696
153.866699
185.111435
211.262787
116.56237
274.979736
389.270721
400.457947
363.283936
244.063995
137.81459
103.789139
99.9505005
99.9531097
99.9926834
100.033279
100.002914
99.9702072
100.004379
102.398651
175.982239
193.283173
139.526596
183.662659
161.767822
120.661049
101.997025
126.249062
111.715569
107.496445
101.142845
100.569412
100.88546
100.15535
100.14666
100.147812
100.156258
100.164085
100.171455
100.178322
100.184471
100.190758
100.196739
100.202805
100.607117
100.222076
100.22081
100.225342
100.228485
100.232048
100.195427
100.223068
100.209663
50.2178993
50.2433128
50.7123222
51.2365303
50.3875122
50.3184509
50.2446251
53.8576431
51.7284889
53.8359833
51.5571709
50.6108627
51.7507019
51.8084373
50.5957909
50.3627663
50.2414246
50.2410698
50.2408714
50.2405014
50.2399559
50.2397995
50.2395248
53.2369766
51.5054855
50.7148438
100.163437
100.127975
100.128052
100.127518
100.127419
100.127258
100.126907
100.12677
50.1266785
51.5871391
50.9193687
51.1075096
50.1673012
50.1405983
50.1250954
57.5279121
74.4133911
63.1691856
54.1573677
50.1442375
97.2766266
136.119598
96.0914154
61.8138771
50.1210594
51.60746
51.6434402
53.3611221
51.0717735
51.3670502
50.2441063
80.2255325
80.5822678
80.2190475
80.2183075
80.2174835
80.2166672
80.215744
80.2148285
80.213974
80.2129898
80.2120209
80.2111664
80.210556
80.2096405
80.2086029
80.2080231
80.2069016
87.5105362
135.870621
144.314987
111.037804
125.867401
307.281891
261.117645
234.544281
159.401993
104.552406
80.9654083
80.1988449
80.1980667
100.295433
100.580399
100.312408
100.195572
100.194824
100.400444
100.923683
100.46534
100.208694
100.191383
100.190369
50.1898651
50.2298698
51.4726868
180.53302
321.343811
353.907562
413.152405
527.947449
422.152222
262.970123
167.197266
120.593826
115.174629
202.507385
249.579987
190.98761
125.707497
102.880669
101.669266
100.616371
60.1921654
60.208313
121.832993
108.366211
74.9198456
60.2097816
157.23465
289.697723
208.060959
98.2167511
60.2844086
60.1943932
60.2099953
60.2100487
60.2100334
60.2100639
99.4375
258.491516
459.249573
360.920044
192.625961
103.337013
103.557793
360.531799
411.417419
231.063675
151.7966
100.819519
72.267189
60.1944542
70.1943207
70.1942596
70.194191
70.1941223
70.194046
70.1939621
70.1938705
70.193779
70.1936798
70.193573
70.1934662
70.1935272
70.2089386
70.1931534
70.1929703
70.1930161
70.2086792
76.6106873
75.2424469
71.4892883
70.1919556
70.1918869
180.539642
205.579834
134.178146
81.6897278
73.9609375
93.747345
111.439888
93.3873749
76.1903839
51.2108841
50.5399818
50.2888031
50.2266426
50.1887093
50.1884422
50.1882019
50.1880341
50.3248787
50.8797607
51.0618935
50.3967819
111.339638
94.9200439
63.3722572
50.7249069
53.4100952
192.67923
193.610275
109.646736
58.6803017
50.1825027
50.1823921
54.8837051
54.2837181
51.2181778
50.1807861
51.3701591
51.8606567
52.4903374
68.8053589
51.9540329
91.6756592
87.8094635
351.143005
268.355621
289.025757
277.099365
216.501526
155.360962
89.943779
58.2607269
382.186646
643.950562
392.258057
119.939377
40.2764435
40.2764435
40.2764435
40.2764435
40.2764435
40.2764435
40.2764435
48.0709381
132.125443
334.162689
327.789795
395.864563
410.759583
269.792572
146.296585
563.382751
637.774231
366.229919
155.776611
191.877777
658.564697
429.481781
379.656097
425.08786
389.473602
169.113892
100.276443
100.276443
100.276443
100.276443
100.276443
100.276443
100.276443
100.276443
100.276443
100.276443
100.276443
123.463806
146.680725
128.081238
105.398727
100.276443
100.276443
100.276443
103.090378
107.587433
102.534416
101.018219
102.697243
102.063728
100.85276
100.320168
100.236855
100.227104
117.602432
109.424217
103.026733
100.737732
100.232033
359.18573
355.865143
177.8134
112.074707
105.776169
101.973007
100.136459
100.130981
100.120186
105.406082
102.953621
101.137291
100.058998
100.020142
100.003975
99.9937134
114.614601
56.5800934
52.0894737
50.0769463
50.070591
50.032383
49.994606
49.9864388
49.9803085
49.9747925
51.2563095
130.258057
116.574776
69.994072
50.0026436
49.9890671
49.9852562
49.9476013
49.9454041
49.944603
49.9442291
49.9443779
49.945015
49.9460983
49.9475479
49.9493408
49.9516792
49.9544945
49.9575806
49.9616127
90.0211563
128.165222
109.512695
100.278793
100.038849
100.044899
100.078293
131.071304
120.632347
106.488914
100.096428
100.086578
100.092789
100.099686
100.106323
100.112572
100.11898
100.124748
100.130653
100.136444
100.148567
100.147156
100.149399
100.152893
77.9696121
50.162281
51.2283554
50.330368
50.2598038
50.1803551
50.1854362
50.1908646
50.1842194
50.193119
50.2027435
50.2140045
50.1987877
50.225399
50.22715
50.2269554
50.2267189
50.2262726
50.2259026
50.2255898
50.225296
50.2249985
50.224514
50.2242241
50.2238655
50.2233238
50.2229691
50.2226181
50.2220688
50.2217178
50.3266106
72.9258118
65.741272
55.1459045
50.2194328
50.2190399
50.1014099
50.1008415
50.1002922
50.0999451
50.0996819
50.0992699
50.0990562
50.098671
50.0983047
50.0977783
50.0974922
50.0954704
50.092186
50.091095
50.0903473
50.0898514
50.0892754
50.0888367
50.0882912
50.0874596
50.0873337
50.0877647
50.4709053
50.0924187
50.1112862
50.0851517
50.0854301
53.1527023
52.8575554
51.0355492
50.2951202
50.1963768
80.1953049
80.1945038
80.1935654
80.9294434
80.2043457
80.1906967
80.1895294
80.1883545
80.1871872
80.1862259
80.1851501
92.1630173
11.5942726
141.584137
130.151535
95.707283
80.1789017
80.1778107
80.1767349
83.0587158
85.1601486
82.6992111
80.8663635
80.1717377
93.4902344
13.697093
81.6624069
83.7118988
82.0271912
80.8289261
55.0101242
54.6478233
54.8494263
53.6336784
52.3627205
57.1659737
63.0993729
114.060051
103.838173
131.035309
421.459656
587.322021
356.876373
115.53463
55.1112556
105.839561
103.388893
102.606873
50.869091
50.1971245
50.1985626
50.1996536
50.2001381
50.2003632
50.2004852
50.2308197
50.3712425
59.0984955
59.6945724
53.6044998
50.3226128
60.1305046
60.1131592
60.7498245
61.7703247
62.709362
82.3227997
88.6302872
77.2446442
65.3058929
61.0138092
69.2487106
65.7349319
61.8333282
122.30513
142.389343
170.165527
195.851669
196.490417
262.572632
217.17308
141.256775
84.6007462
67.8522644
151.413849
351.765594
267.573242
117.735031
65.8693314
63.0760994
61.3295975
15458.585
111.715317
128.088501
117.89196
104.48716
100.166916
102.40242
102.633995
101.045715
100.971687
100.868805
100.36129
100.23436
100.186119
100.169701
100.164963
121.968933
130.058105
122.463867
108.757309
101.697281
100.253609
114.209984
116.720795
108.517792
101.940445
108.62764
252.133789
288.120453
197.547501
123.617775
102.165359
100.319389
100.156311
101.703285
102.107826
100.651077
100.154968
100.154533
100.153984
100.152977
106.867737
105.244011
101.42662
100.150459
100.167717
102.720322
102.628723
110.077103
147.86348
183.421021
164.099457
180.841232
196.430573
149.622299
126.16124
144.35939
198.732574
184.529587
133.796402
186.464874
157.909607
56.7425613
40.5992508
41.0110435
40.8218269
40.4831886
40.2490463
40.2493591
40.2494507
40.2496872
40.2496452
82.0965118
203.851288
526.851501
381.855499
219.279999
263.663361
178.028809
75.6468964
40.2728729
40.2744484
40.2756538
40.2762108
40.2764053
295.381287
252.221375
116.531242
56.6667404
47.4459076
69.1992645
69.2311249
114.295265
104.636566
103.404884
102.714363
154.381073
144.075943
158.68399
138.621399
109.863434
100.276443
156.256348
251.308655
260.021637
173.324326
112.703568
100.276443
100.276443
100.276443
110.741066
136.754761
124.750267
105.395493
175.623581
260.541382
205.195602
218.226746
232.456512
169.686447
183.185303
158.556442
117.256905
101.070862
100.592758
100.275078
100.266258
115.179176
106.824463
102.137215
165.113785
196.518372
295.675598
236.81665
137.957687
100.998634
100.296989
100.168755
100.167999
100.163307
100.144783
100.133331
100.12809
100.60466
100.143295
100.123535
145.681305
177.349426
140.871857
109.098724
106.469093
103.031181
101.05265
50.0371819
50.0241318
50.0156479
50.0076408
50.0001106
49.9931755
50.0197296
137.839508
346.887268
306.370911
132.690002
58.0930099
85.1654663
857.499084
1005.00891
488.634766
123.102646
50.0363731
50.4905701
50.0379677
49.9953537
49.9489365
49.9467468
49.9482422
49.9502563
49.952816
49.9558411
49.9593544
49.9633331
49.9678993
108.077454
273.154449
577.747925
556.368652
290.59137
131.604172
100.095078
100.076088
100.998123
100.201469
100.154282
100.1119
100.119141
100.128258
100.137817
100.146355
100.155304
100.16449
100.173424
100.181747
100.189705
100.196892
100.21093
100.217659
100.216759
100.223694
100.22982
100.238121
100.242943
100.245773
100.251839
100.210876
100.21994
100.248932
100.254539
100.242996
61.2056351
54.4252625
51.6850204
104.025085
51.4177742
56.2077179
60.8911629
65.7601929
66.2033539
68.2775726
57.419529
102.166595
50.2581749
50.2575569
53.8787041
51.401638
50.7466278
50.2563744
50.2561607
50.5337029
50.2554893
57.0871696
52.6916695
57.7700195
110.307961
107.742477
110.11026
124.275246
114.808754
104.520493
117.045235
122.364738
132.951279
116.501968
104.969269
100.145042
102.674278
102.678055
100.808365
100.294426
100.142807
101.173309
100.223358
100.163528
100.163643
107.381462
102.955627
101.195236
101.364555
141.405884
161.057632
235.169983
297.329529
278.396881
174.409302
96.7443314
80.5032883
80.2420883
80.2417297
80.2412262
80.2409286
80.2404404
81.0097122
80.2397995
80.2393723
80.2390366
80.2384491
80.2378616
80.237236
80.2365494
80.2358856
80.2352829
80.2346191
80.2337036
80.2329788
80.2322769
80.231575
151.994965
210.881714
189.618103
137.058151
311.383972
308.278717
247.062561
162.12738
132.677444
104.656403
100.501244
100.729485
100.383095
100.238464
100.238625
101.463661
102.137001
100.892181
100.269073
100.237968
100.237473
100.237267
100.236778
100.236374
100.235924
100.235252
100.234787
100.234276
100.233376
100.232704
103.278221
152.186447
157.771957
150.047119
126.963539
107.499054
142.027893
285.856873
359.633118
212.738739
100.038612
63.7966728
60.6069565
60.1650124
60.4300232
60.5940704
60.3230171
66.1697693
105.283798
124.251007
105.041512
74.4701996
62.5094719
60.1490097
60.1485786
60.1482277
60.1475906
60.1474838
60.8015633
60.420433
60.2332039
60.1607971
60.2183571
60.1683044
60.158905
60.1411743
60.1400795
60.2090645
60.5169754
19345.4434
127.957199
117.681267
104.704002
100.152779
149.073761
137.454224
111.551407
100.131363
104.651176
103.655861
101.731369
111.534752
108.439354
102.637817
254.563446
223.475113
486.505127
509.303009
574.191406
360.148682
187.39502
251.650482
214.473312
136.276611
104.180031
102.402191
100.650612
105.478127
104.377739
120.981995
356.161682
571.852478
511.090942
541.861511
347.181213
245.985092
248.393677
371.983154
166.862915
142.870834
112.9981
108.601479
125.627678
117.736633
116.450584
110.715775
102.922882
100.18528
100.18515
100.202492
100.184456
100.184242
128.694427
204.758331
176.104675
120.281456
121.211609
236.928467
567.554443
502.972595
250.636063
117.825684
100.276443
188.005096
198.134613
158.356781
175.602631
204.403625
221.549332
217.058289
198.12616
168.025375
125.284523
121.744064
110.49604
102.09684
100.276443
100.276443
100.276443
100.276443
100.276443
100.276443
100.276443
100.276443
100.276443
100.276443
100.276443
100.276443
100.276443
46.6757736
46.2148933
103.114311
100.716789
100.356544
100.276443
100.316429
100.289146
100.276443
100.276443
100.276443
102.054741
104.100151
102.54731
100.476357
100.276443
100.681175
100.405014
100.276443
100.276443
102.360992
104.032547
102.197021
146.536957
144.544479
119.069069
196.601959
277.799164
425.654175
410.892548
234.327316
120.543495
100.276443
100.268196
100.261467
100.262894
100.27195
100.235489
100.246368
100.235413
100.224686
100.232338
178.769531
353.836121
472.614929
376.396149
196.765381
114.649551
100.177437
100.278854
100.163055
100.132133
100.128639
143.65593
243.953766
370.725342
361.853394
229.71048
128.685699
102.429764
100.033035
99.9941101
100.010735
55.0318184
52.715332
146.809082
606.018188
496.029266
184.461227
52.395195
103.084152
50.070076
50.0349579
49.9976349
49.9605865
49.9567604
49.9535446
49.9509544
50.886055
50.0014381
49.9555969
49.9447479
49.9443817
49.9445267
49.9451637
49.9464188
49.9862442
50.0259972
79.6935196
102.917328
77.221489
57.8925056
100.027733
100.041565
176.907196
196.404205
141.461304
107.297195
100.083199
123.470818
111.627663
103.758125
100.0886
100.097046
100.105804
100.114326
100.138947
100.137512
100.138962
100.14666
100.154915
100.162521
110.601913
103.663857
101.348213
100.188263
100.193054
100.20034
100.209312
100.209572
100.207451
100.215408
100.229622
100.221863
100.296272
50.2176857
50.2278519
50.2360611
50.2405624
50.243248
50.2427483
54.4845695
51.3688545
50.6873932
50.2417679
50.241478
50.2414589
50.2411041
50.2405167
50.2402306
50.2399559
50.2396812
50.2390938
50.2388268
50.2386856
50.2381744
50.2377892
50.2374573
50.2370453
50.2365837
50.2362061
50.2357903
50.2351952
100.123375
105.930443
104.300545
101.509094
100.384857
100.142975
100.118652
100.118164
178.948029
162.863907
120.112427
100.119377
100.11895
100.118874
50.118576
50.1182365
50.1183853
50.1403389
50.1182327
84.0445633
73.4235764
57.7841492
50.1171074
50.1168518
50.1170197
59.2951355
54.4089928
51.6255264
51.9456482
50.5203285
50.2989388
80.2177353
80.2170944
80.2164536
81.6453247
80.4122162
80.2881775
80.283371
88.5209351
113.093658
179.00914
318.155273
372.745483
298.050507
173.262604
107.10714
84.8894501
81.7024307
80.2093582
80.2091675
80.2086334
99.6625519
92.9570999
84.6277161
80.2067871
80.205925
81.5630569
80.2327957
80.2039566
80.2032089
80.2025604
100.201782
100.200806
100.20018
139.267273
134.007416
110.750435
100.221016
100.196548
100.196083
100.195183
100.194664
100.193893
100.192924
103.165909
143.188553
156.416901
129.261475
109.285873
178.9823
182.542511
167.923798
160.987396
177.110336
130.132523
105.100044
100.186684
139.558762
587.439697
816.244995
649.499939
359.173218
122.389359
65.6097107
60.5710373
60.2093124
60.1942787
60.1938133
60.1938477
60.1940765
60.2104416
60.2105827
112.94664
98.7661362
72.1038666
60.1944046
60.2607803
60.2022095
77.0471039
69.1355438
62.9949265
60.1936646
60.1934853
60.1935387
100.02652
86.4102325
68.3139496
62.4927063
243.630005
205.997192
107.158051
61.8872643
143.289856
282.032776
277.749268
292.737305
185.798691
100.109032
70.193779
70.1938705
70.209198
70.193367
70.1930084
70.1927795
70.1926117
70.1924744
70.1925812
71.4109726
71.4085083
70.5558395
97.868103
91.1952057
76.334137
70.1912231
70.2071075
70.1905518
70.1901703
70.1898575
70.1894913
70.2055588
70.188385
70.1879272
70.1874771
51.4251442
51.8665581
50.6171455
50.1850243
50.1845551
64.8788376
60.8545036
53.6626396
13.5005922
44.0739708
50.9304504
64.7081909
144.416443
165.176208
105.180634
61.0790977
50.1774025
50.1772118
52.1526413
83.9024429
82.627121
63.5495262
58.64328
55.2792168
51.4784851
50.1726341
90.9835587
80.714386
167.217819
128.631622
74.3491516
40.8472557
40.2658615
40.265625
40.2653923
40.2651176
40.2647896
40.2645302
40.264164
40.2640076
78.3262482
67.7523575
49.1491585
40.9557915
50.7405281
185.249786
183.141708
97.9695969
48.6629791
40.5449333
40.2623329
40.3213654
40.5296555
40.406105
40.7882767
40.7912292
40.4936142
40.2614098
40.2611809
40.2610207
40.2608871
40.260437
40.2601395
40.2599144
41.2200241
42.4884033
41.6813965
40.3840141
40.2580948
55.2198944
74.1321793
67.4940872
50.1524925
41.3044968
40.2561226
40.2558708
40.2555771
40.2552834
40.2548523
40.2545052
40.2542915
40.2538185
44.4632416
45.8701439
42.8956795
40.4658737
40.2523994
40.4412804
42.4072685
42.2101059
40.4325714
40.2432747
17309.082
100.249245
124.962379
169.903091
144.641464
111.615585
100.195099
100.191002
100.1903
100.176819
102.683083
101.073036
100.464195
100.138771
100.130325
100.121315
101.018448
100.302422
100.197403
100.103745
100.099113
100.085991
100.046387
100.033974
109.843498
104.251495
101.199471
99.9640961
99.9807816
99.9705505
49.9943085
50.0464134
50.0401878
50.8466492
56.53302
58.1313057
71.4886627
78.052887
112.480141
86.5098419
59.9048157
49.9118538
49.9064598
49.9014053
49.8962555
49.8912468
49.8874207
49.9257507
49.9247971
49.881691
49.9146004
49.9127274
49.8718681
49.8679047
49.9036369
49.9384499
49.9013939
49.8641853
49.8634338
54.1752472
51.0320549
50.2699928
61.7883301
114.684082
137.818634
92.2631454
59.1625443
50.0275421
50.001255
49.9987793
50.0006523
49.9775314
49.9767494
49.9809113
50.0045967
50.0106239
49.9990044
50.0046387
50.0124817
50.0208015
50.0301056
50.0400276
50.0504723
50.0695343
50.0821342
50.0801201
50.0806999
51.0714264
50.2281837
50.1682053
50.1095734
50.1155815
50.1064491
50.1299782
50.1352005
50.1252594
50.1561546
50.1592255
50.161602
50.1617203
50.1614265
50.1613503
50.160759
50.1601944
50.1601028
50.1599808
50.1590996
50.1587334
50.158577
50.1580658
50.1574211
50.1572952
50.1567955
50.1560707
50.1557693
50.1556129
50.1547241
50.1543655
50.1539574
50.1531448
50.0395355
50.0392876
50.038868
50.0388947
50.0382004
50.0377769
50.0373878
50.0363007
50.0350494
50.0332031
50.032795
50.032486
50.0320702
50.0316429
50.0311737
50.0307541
50.0304222
50.0301132
50.0296059
50.0288429
50.0286598
50.0289536
66.8754501
61.8987617
53.9059906
50.3022156
50.0289688
50.050766
50.0821953
50.0269852
50.026413
96.6176529
12.0992708
82.3768616
80.1302338
80.1292725
80.1282578
80.220253
80.1261902
80.1251373
80.1242371
10.0710964
70.1737442
80.1205063
80.1195526
80.1182175
80.1169357
80.1158142
29.9136562
10.0663309
70.4675598
80.1135864
80.1101608
80.1088562
10.5827703
37.3130493
13.825717
81.4640198
80.5531616
149.65979
142.562317
69.4262009
50.0992661
50.0983734
51.4791679
51.7675934
50.5713387
50.0949974
50.0940933
50.1134033
50.0989494
50.0916367
50.0907364
52.4733162
106.913284
152.427002
137.582565
88.3543015
57.2325058
50.0857201
50.0851021
55.7133904
102.697037
113.843285
79.4369354
54.5743523
50.0852089
14.5238647
45.2233849
51.5762596
50.0783806
50.0775032
59.9903641
69.8184891
84.1510315
148.807251
199.561768
152.847336
130.295288
208.315872
280.064911
199.787231
96.6187439
61.9924049
60.0007401
70.212265
93.1433487
90.862236
96.9275665
80.6942444
65.7672958
148.848145
178.834946
117.139664
70.2757645
60.0687103
97.2379913
139.461258
189.738617
283.080627
269.80069
150.914276
16001.0234
120.628883
117.888641
109.7369
124.586304
118.872551
105.379059
100.150185
100.082748
102.987312
107.188133
111.906303
181.801575
177.656342
268.124634
235.260803
192.560852
224.08461
289.951904
212.083572
127.223518
100.105545
100.126434
100.113869
158.367584
165.867264
248.352692
294.477783
265.251465
172.471069
116.184448
219.827057
237.128845
163.331482
112.593544
101.493378
101.44384
100.782097
100.559616
100.25563
100.168396
130.021698
206.737762
199.841904
356.837921
255.049347
143.155075
103.039078
103.853745
166.90509
183.874405
145.119095
121.021179
108.853584
139.291626
133.379486
112.714279
103.703125
102.852135
101.586052
121.055008
115.369576
112.019325
119.472412
88.9239426
56.0199928
43.2584267
40.3421669
143.694946
137.12532
100.103607
62.264061
106.425117
103.474022
105.103096
42.8869934
100.989716
41.1638565
41.3828545
63.2985382
58.159832
106.246635
44.0878906
153.795837
82.1422958
52.3651276
100.275818
105.440079
104.131264
98.4754562
61.1235275
110.269516
107.187759
109.39859
105.328011
147.961838
183.115295
160.685089
142.213623
155.920929
298.282715
319.004456
246.231689
201.886063
148.769272
110.276749
100.339783
100.738251
103.395729
103.254181
100.555153
100.583405
100.373955
100.276443
100.276443
101.188904
130.222412
125.705154
117.309738
154.834457
139.597778
150.70105
