0.0
0.0
0.0
0.0
0.0
0.0
0.0
0.0
0.0
0.0
0.0
0.0
0.0
0.0
0.0
0.0
0.0
0.0
0.0
0.0
0.0
0.0
0.0
0.0
0.0
0.0
0.0
0.0
0.0
0.0
0.0
0.0
0.0
0.0
0.0
0.0
0.0
0.0
0.0
0.0
0.0
0.0
0.0
0.0
0.0
0.0
0.00312364008
0.00312364008
0.00312364008
0.00312364008
0.00312364008
0.00312364008
0.00312364008
0.00312364008
0.00312364008
0.00312364008
0.00312364008
0.00312364008
0.00312364008
0.00312364008
0.0
0.0
0.0
0.0
0.0
0.0
0.0
0.0
0.0
0.0
0.0
0.0
0.0
0.0
0.0
0.0
0.0
0.0
0.0
0.0
0.0
0.0
0.0
0.0
0.0
0.0
0.0
0.0
0.0
0.0
0.0
0.00312364008
0.00312364008
0.170060977
24.6809864
35.1188469
46.9742279
30.9589386
10.8980589
10.0015631
1.69390321
0.00312355184
0.00312364008
0.00312364008
0.00312364008
0.00312364008
0.00312364008
0.00312364008
0.00312364008
2.26627803
7.02564526
4.77174759
1.45341504
0.00312364055
0.00312364008
0.00312364008
0.00312364008
0.00312364008
0.00312364008
1.07545006
0.767568946
0.339486986
0.170210138
0.0510240979
0.00312364008
8.2567091
8.55937958
2.57440233
0.00312364055
0.00312364008
0.00821482297
0.00474100932
0.00312364008
0.00312364008
0.00312364008
0.00312364008
0.00312364008
0.175948307
0.383787662
0.11065989
0.0712324008
0.249426469
0.0745699853
0.183109641
0.390235662
0.586343884
0.67869705
1.67302358
1.7323997
6.89632893
6.86011124
2.0886023
0.0
0.0
21.1162987
23.1333313
11.581356
19.3644447
8.59438133
2.22659612
9.72374821
26.4985962
17.8776512
16.1541729
7.34185886
1.26981664
0.0119702294
0.0
0.0
0.0
20.6089687
71.7215576
67.8887939
30.5582714
10.3259945
28.0431709
16.9498787
10.5183525
1.73808801
0.0
0.0
0.0
0.0
0.0700553656
0.408113062
2.72957397
4.95561981
9.63029289
30.0370369
13.7215958
9.91694164
3.27294612
0.0
0.0
0.0
0.0
0.0
0.0
0.0
4.03552055
3.22608018
0.831159711
0.150271997
40.2202263
50.1647491
53.2869568
37.5856018
27.4295158
108389.164
109.96167
103.085754
100.61245
100.122108
99.9600525
100.343102
100.526772
100.075958
99.9220581
99.9225464
99.9229279
107.432426
132.633453
151.139313
135.650635
187.893204
180.600586
156.72052
145.192322
129.080017
109.885704
106.391411
105.111412
101.857536
100.21006
100.057739
100.02713
113.112503
112.303925
103.384445
100.791733
101.142586
100.258942
99.9719925
99.9536057
100.050056
40.0506973
41.6605186
41.3531075
46.2393723
46.9119415
44.2834244
53.1396484
94.5884399
169.491043
163.536316
92.6907959
48.6831818
109.875313
129.859589
88.5858994
53.4319153
50.9892044
48.3770943
42.7092705
40.1042404
40.1070442
40.1093445
40.1111374
41.9910736
124.134476
135.520218
79.33918
49.565979
44.228447
41.4375191
100.13517
100.137833
59.8951073
40.1415672
40.1430511
40.4944954
65.9008942
63.0295601
46.5052299
54.734642
57.4082146
53.1434174
46.0754623
41.1999054
101.763123
96.50811
57.0870094
41.6825829
40.8251457
40.2156372
40.1644821
98.0914459
149.664642
105.946701
95.6150055
129.024033
114.582382
67.9640808
44.3823166
40.5674324
40.2233734
100.210144
100.190826
11.8866863
100.182961
11.9771767
101.186279
193.763763
211.921997
148.734695
108.921249
100.174767
100.156502
100.150871
100.133064
100.125465
188.153442
164.535873
120.837448
202.523895
255.046722
104.390587
106.772987
100.052528
100.061317
100.054276
113.018562
175.92131
45.0871048
111.63932
100.024902
50.0724297
50.038147
53.2260551
79.3180008
173.773224
156.749374
84.6707764
238.323318
157.051331
80.0533142
49.9595299
49.9946175
103.465881
136.790436
163.479706
111.369598
235.926208
346.457977
369.058044
340.819519
207.811386
92.1336365
54.3717422
49.9506187
49.9531174
49.992691
50.0332794
50.0029259
49.970314
50.0045395
101.871902
166.980804
139.09436
87.9484329
183.308563
158.678513
119.879547
101.941063
123.475021
61.0401573
56.8852463
101.089287
50.555748
50.763588
50.159996
50.151989
50.1536636
50.1627235
50.1713333
50.1795998
50.1876602
50.1946335
50.2018013
50.2091331
50.217205
50.5308685
50.2392845
50.2391739
50.2430649
50.2458534
50.2480507
50.2081299
50.2360191
50.2227898
50.2311821
50.2563782
50.6026192
50.9952049
50.3834152
50.3226433
50.2574883
52.9980965
51.4597321
53.0246506
51.3230057
50.5757561
51.3749695
51.4447403
50.564537
50.3603134
50.2544632
50.2542877
50.2541313
50.253521
50.2533302
50.2529564
50.2525101
52.4888573
51.2676888
50.6272125
50.171978
50.1412277
50.1412811
50.1410484
50.1407661
50.1405144
50.1404419
50.1402092
50.1399841
51.2258072
50.7455902
50.8763237
50.1753464
50.1523476
50.138855
55.6536369
68.4273224
60.4875488
53.3585815
50.1583328
85.5799713
116.608322
86.0023651
59.3618431
50.1354485
51.3348274
51.3642769
52.7309341
50.8713951
51.1314087
50.2548828
80.2398834
80.5219193
80.2342911
80.2336502
80.2327652
80.2320862
80.231308
80.2304382
80.2296219
80.2288284
80.2279282
80.2269821
80.226181
80.2252731
80.2244644
80.223671
80.2226334
15.3336353
110.189041
127.038727
103.217545
113.688797
253.672882
136.255508
206.685913
141.087555
99.0000992
80.816391
80.2188568
80.2185822
100.288376
100.512154
100.307396
50.2172318
50.2168541
50.3630676
50.7667809
50.4268913
50.2289619
50.2139664
50.2132034
50.2125626
50.2461166
51.1532059
148.570526
260.2099
294.357208
381.031128
475.449646
329.828033
194.853058
165.546204
120.777657
113.18116
190.169098
241.445908
194.220398
127.598793
102.945679
101.649147
100.619942
60.1934471
60.2092819
113.682556
104.372124
74.0852432
60.2102509
146.34819
287.253662
200.073242
97.1927567
60.2929153
60.1943893
60.2099915
60.2100449
60.2100296
60.2100601
95.3075714
259.954803
455.588562
362.323975
198.70491
106.994102
105.733696
419.030426
487.494385
275.674286
167.434662
105.37571
73.8642883
60.1944542
70.1943207
70.1942596
70.194191
70.1941223
70.194046
70.1939621
70.1938705
70.193779
70.1936798
70.193573
70.1934662
70.1935272
70.2089386
70.1931534
70.1929703
70.1930161
70.2086792
75.4850998
74.5648575
71.3140335
70.1919556
70.1918869
160.89151
186.787231
125.576469
80.1557465
73.4187012
90.5915298
106.240593
90.4484177
75.3811417
51.0878372
50.496788
50.2769279
50.2243042
50.1887054
50.1884384
50.1881981
50.1881485
50.3032913
50.7656898
50.9471321
50.3692856
101.496071
88.5761185
61.4248619
50.6557159
52.8919983
185.091049
179.362839
102.044807
57.6245422
50.1832809
50.1831703
54.2212791
53.8212891
51.1018257
50.181778
51.192028
51.6657257
52.1495018
65.8982315
50.4890099
83.4470596
81.463829
341.860504
246.305054
279.76062
278.056335
221.90033
162.147232
94.5100021
58.9439659
446.460602
795.972412
524.246216
150.811295
40.2764435
40.2764435
40.2764435
40.2764435
40.2764435
40.2764435
40.2764435
46.2072296
116.474129
310.561279
335.362183
479.065826
518.492737
323.931763
155.728317
629.545837
740.977417
403.961761
157.630371
617.274902
697.636414
445.972107
405.31192
438.517426
401.118835
163.824753
100.276443
100.276443
100.276443
100.276443
100.276443
100.276443
100.276443
100.276443
100.276443
100.276443
100.276443
117.735741
135.611221
121.658936
104.221275
100.276443
100.276443
100.276443
102.440018
105.785728
101.975143
100.832237
102.067978
101.602562
100.705826
100.301773
100.236855
100.227104
113.072144
107.042595
102.292694
100.592796
100.225052
302.303131
299.318207
160.3703
110.066643
104.846863
101.667282
100.136459
100.130981
100.120193
104.4217
102.442726
100.950409
100.058998
100.020142
100.003975
99.9937134
111.652557
55.2920113
51.6951561
50.0769463
50.070591
50.0323792
49.994606
49.9864388
49.9803085
49.9747925
50.9825401
111.292343
100.212852
65.0675125
50.0026436
49.9890671
49.9852562
49.9476013
49.9454041
49.944603
49.9442291
49.9443779
49.945015
49.9460983
49.9475479
49.9494362
49.9518356
49.9545479
49.9578247
49.9619293
79.984642
120.672119
106.973076
100.210258
100.040421
100.046684
100.080643
123.346146
115.061325
104.772018
100.099327
100.089798
100.09687
100.104935
100.112427
100.119507
100.125648
100.131432
100.137489
100.14399
50.156559
50.1547356
50.1583862
50.1623764
50.1663857
50.1709709
51.0075073
50.294548
50.2431183
50.1891441
50.1942825
50.1992264
50.1882477
50.1973228
50.2069016
50.2181702
50.2028351
50.2289467
50.2304459
50.2302704
50.2298431
50.229496
50.2291985
50.2290268
50.2284775
50.2280693
50.227932
50.2275238
50.2268944
50.2266846
50.2262688
50.225647
50.2254295
50.2248993
50.3031616
66.0687408
60.779747
53.5974274
50.2228127
50.2222252
50.1045723
50.1041832
50.1037102
50.103405
50.1029816
50.1028061
50.1026268
50.1022568
50.1018982
50.1016273
50.1009293
50.0990868
50.0957222
50.0947495
50.0942345
50.0937386
50.0931015
50.092411
50.0920601
50.0914307
50.0909042
50.0918274
50.3792343
50.0946922
50.1151924
50.0890808
50.0893135
52.2508316
51.9924545
50.695179
50.2216949
50.2001648
80.1990509
80.1983719
80.1973495
80.7308578
80.2036819
80.1943665
80.1932907
80.1924744
80.1912994
10.0984583
70.2810059
88.2971268
85.2082748
124.438797
32.9932289
90.3876648
80.1834564
80.1824036
80.1812897
82.1804276
83.579567
81.8482513
80.6357346
10.0924978
79.3295288
87.4338837
82.8805771
82.6032257
81.3952484
80.6062469
103.435211
103.093124
53.2935791
52.4290733
51.6124496
54.8511391
58.7381516
93.2936859
85.4071655
105.351913
315.393066
443.82193
274.935791
98.9681015
53.9651489
104.255959
52.530571
51.9471512
50.7084045
50.2274246
50.2292938
50.2304611
50.2313957
50.2319756
50.2321091
50.2525024
50.3579025
56.6703758
56.8414345
52.6194916
50.3007584
60.1630898
60.1461563
60.5790901
61.2645226
61.8949699
76.0669861
79.9908905
71.8488617
63.6591415
60.7594528
66.6999207
63.9468155
61.3069878
105.855217
118.468613
140.79657
160.22319
161.659714
219.298218
177.96257
122.635056
77.9865341
65.7621918
143.312927
338.815552
214.037262
102.819473
65.0019455
62.5397797
61.1440849
33216.3672
110.370224
124.068161
114.143631
103.627632
100.190468
102.098747
102.153793
100.85099
100.876236
100.743683
100.332016
100.247871
100.205307
100.192497
100.18959
118.966789
124.552231
118.137703
106.840645
101.375587
100.270958
112.292328
113.473526
106.688881
101.546463
107.432053
244.997009
269.64325
177.866394
118.856224
101.767448
100.317879
100.18737
101.536171
101.703369
100.567085
100.187187
100.18708
100.186584
100.186172
105.980911
104.112434
101.155472
100.18441
100.201935
102.377625
102.085854
108.563728
140.699707
171.473267
153.216858
178.790222
188.62738
139.278488
122.527924
141.785614
194.486862
172.482925
127.419159
183.932129
148.197922
53.7767563
40.5815125
40.9789886
40.7795563
40.4770126
40.2764435
40.2764435
40.2764435
40.2764435
40.2763405
74.9144974
180.486511
534.346985
356.87561
219.924316
301.957275
193.530396
78.0587158
40.2764435
40.2764435
40.2764435
40.2764435
40.2764435
317.73645
283.161072
126.691994
59.4900055
49.2255173
69.0413971
72.8961258
116.187538
104.686783
103.696991
102.653114
152.108917
146.842743
158.398407
141.765808
110.497978
100.276443
154.341888
263.111359
282.647339
190.333069
115.105255
100.276443
100.276443
100.276443
109.967911
136.03093
126.327583
105.729874
174.579498
278.558899
226.886017
240.187317
265.469086
187.635406
198.103607
174.061584
120.703751
101.165611
100.651222
100.275078
100.266258
114.259964
107.177139
102.366455
162.19194
197.951752
338.812531
266.279205
147.376556
101.333679
100.345772
100.168747
100.167992
100.1633
100.144775
100.133331
100.12809
100.531494
100.143295
100.123535
141.698059
174.851212
142.351059
109.885902
105.902115
103.217346
101.18837
50.0371857
50.0241318
50.0156517
50.0076408
50.0001144
49.9931755
50.0197296
125.406219
340.533142
298.717407
132.841278
58.6433449
83.03582
1036.78906
1263.46558
631.013428
146.046158
50.0363884
50.3980064
50.0379562
49.9953499
49.9489326
49.9467392
49.9482384
49.9502563
49.952816
49.9558411
49.9593506
49.9633255
49.9678955
105.983025
235.751801
505.735046
502.558228
270.817627
128.570801
100.095085
100.076088
100.814255
100.191208
100.148476
100.1119
100.119141
100.128365
100.13797
100.146751
100.155876
100.165253
100.174294
100.182907
100.191101
100.198647
100.212944
100.220047
100.219299
100.226402
100.232635
100.241539
100.246552
100.249748
100.255913
100.215263
100.224487
100.253021
100.258385
100.247513
108.152153
103.268997
101.297783
102.99057
101.10508
104.569511
107.966927
61.5275154
61.8797035
63.4574203
55.4660339
51.6543388
50.2625618
50.2621651
52.9381828
51.0995483
50.6219597
70.0987091
50.2608032
50.4655113
50.2602425
55.2368889
52.0316696
55.710537
107.56237
105.702347
107.455765
117.898842
110.682068
103.292824
112.735306
116.505539
124.607513
111.883781
103.624092
100.150009
102.131447
102.102119
100.635887
100.259743
100.147995
100.96328
100.213356
100.163712
100.169029
105.702675
102.178932
100.907974
101.113007
131.962494
146.063629
215.86322
277.426697
247.000885
155.05864
92.5948105
80.4458618
80.2507629
80.2508774
80.2509308
80.2510147
80.2507324
80.8195419
80.2503662
80.2500305
80.2497635
80.249382
80.2488785
80.2484436
80.2479553
80.2473755
80.246727
80.2462692
80.2455368
80.2449875
80.2441559
80.2433472
131.97023
175.966019
161.100128
122.708229
263.462128
259.311646
221.845581
145.949692
125.918831
103.761253
100.4636
100.643356
100.373192
100.259384
100.259567
101.194466
101.69735
100.762405
100.284607
100.25943
100.2593
100.259163
100.258995
100.258835
100.258675
100.258064
100.257736
100.257362
100.256989
100.256462
102.51046
138.913345
143.48378
137.897659
120.534012
105.851509
131.702621
242.914276
304.086456
181.740372
92.4612961
63.1778755
60.5670967
60.1926498
60.3980827
60.5329666
60.3266869
65.0136032
96.8472137
111.667374
96.0366211
71.5267639
62.0737648
60.1779938
60.1778717
60.1777344
60.1774902
60.177578
60.6982613
60.4069405
60.2528229
60.1918793
60.2335968
60.1978722
60.1908875
60.1736908
60.172966
60.2267761
60.4776497
36932.0742
122.233192
113.546005
103.676521
100.183037
140.163788
128.544128
108.923317
100.167145
103.808975
102.816681
101.402328
109.424522
106.425163
102.076057
232.979218
195.116531
494.873413
448.600861
528.193909
326.435822
178.257385
263.703491
210.677475
134.731903
104.55349
102.330017
100.636688
105.750938
104.152176
120.288742
387.534058
651.448364
595.399475
693.6073
459.285156
231.751221
488.73291
444.901947
161.891556
142.473999
113.12719
107.794617
123.42067
117.094177
114.968208
110.191292
102.85067
100.185272
100.18515
100.202484
100.184456
100.184242
124.012482
191.847473
168.880188
118.501511
118.753723
232.455872
593.929382
569.019958
284.617157
122.875191
100.276443
274.431091
193.309326
159.186737
170.604797
202.102646
222.011047
211.102417
203.319946
176.930389
130.217896
120.847862
110.485992
102.148285
100.276443
100.276443
100.276443
100.276443
100.276443
100.276443
100.276443
100.276443
100.276443
100.276443
100.276443
100.276443
100.276443
45.2205925
45.2546501
102.691818
100.621246
100.337471
100.276443
100.306694
100.286049
100.276443
100.276443
100.276443
101.610374
103.299576
102.18129
100.451027
100.276443
100.579254
100.372635
100.276443
100.276443
101.831673
103.260231
101.858932
135.640656
135.635986
115.135216
175.963562
244.395813
379.546234
387.471222
227.242767
119.287979
100.276443
100.268196
100.261467
100.262894
100.27195
100.235489
100.246368
100.235413
100.224686
100.232338
169.964508
350.783112
514.362061
438.507812
223.717896
120.381668
100.177406
100.278206
100.16304
100.132126
100.128632
142.370209
258.241211
453.048828
450.568848
271.956665
136.804138
102.719238
100.032982
99.9940643
100.010689
54.4162827
52.4099274
134.526443
673.997925
580.351013
211.448685
51.9981537
102.540565
100.062454
100.031342
99.9976273
99.9605865
99.9567566
99.953537
49.9509544
50.6834221
50.0014381
49.9555931
49.9447479
49.9443817
49.9445267
49.9451637
49.9464188
49.9862442
50.0259972
71.6668549
89.0522232
70.1041794
55.9142342
100.027733
100.041565
157.999298
173.582947
131.069489
105.509926
100.083763
118.71389
108.621071
102.811005
100.089951
100.098427
100.107452
100.116081
100.141022
100.139542
100.141228
100.148895
100.157341
100.165413
108.131081
102.60672
101.000031
100.192505
100.197914
100.20565
100.214783
100.215149
100.213234
100.221214
100.23468
100.22821
100.281395
50.2208939
50.2310333
50.2389145
50.2434578
50.2466202
50.2461205
53.3887939
51.0144424
50.55093
50.244873
50.2446251
50.2442284
50.2441139
50.243618
50.2433777
50.2429733
50.2427292
50.2423553
50.2420044
50.2415543
50.2411041
50.2408714
50.2404785
50.2400093
50.2396431
50.239193
50.2388
50.2383881
100.126381
104.224991
103.017166
101.0494
100.307747
100.146118
100.121574
100.121246
155.825333
143.078491
113.881081
100.122459
100.121986
100.121918
50.1217384
50.121315
50.1215477
50.1434212
50.1212578
74.6958237
66.1084442
55.4052773
50.1202927
50.1199112
50.1200638
56.8932953
53.0525017
51.1458664
51.5348053
50.3913727
50.2421417
80.221138
80.2203674
80.2197495
81.30867
80.3551941
80.2687225
80.2704468
86.1746216
103.563599
151.229721
261.15921
326.226135
251.730972
149.859924
100.884033
83.7440262
81.3894196
80.2158661
80.2158279
80.2158279
94.7916412
89.6182327
83.4713898
80.2147903
80.214325
81.2508774
80.2330322
80.212677
80.2120514
80.2113495
100.21067
100.209915
100.209251
128.212509
124.563431
107.847954
100.225487
100.206009
100.205238
100.204712
100.20385
100.203072
100.202415
52.3041649
80.87043
90.6780548
71.2808838
92.96241
144.693893
148.355286
138.766846
134.548309
109.076401
73.2483826
54.0061302
50.201313
80.1177063
477.213684
733.794495
603.772949
343.446167
118.036652
65.2280502
60.5725441
60.2102013
60.1945038
60.1938286
60.1938477
60.1940765
60.2104416
60.2105827
104.936989
93.314064
70.5754852
60.1944046
60.2537689
60.2012482
74.4438629
67.9959717
62.6831169
60.1942329
60.1942329
60.1944542
93.4999847
82.1853638
67.1072159
62.1821747
232.666061
182.566254
100.108574
61.7277946
140.587677
270.314087
256.47348
278.984558
174.946136
97.6917648
70.1937943
70.1938705
70.209198
70.193367
70.1930084
70.1927795
70.1926117
70.1924744
70.1925812
71.3243256
71.2979813
70.518631
94.1055984
88.52565
75.5629501
70.1915283
70.2074127
70.190979
70.190773
70.1905823
70.1906281
70.20681
70.1901245
70.1897964
70.1898193
11.1475077
91.7436523
100.550133
100.188568
100.188576
112.384369
109.181023
103.132164
103.637299
102.786621
100.81044
112.205879
179.610382
199.2677
146.703949
109.404343
100.18502
100.184853
101.93222
130.210983
128.224304
61.4986534
57.6985931
54.5050392
51.2807503
50.1819
87.2498856
76.1057129
169.749969
117.275215
70.738266
40.7727242
40.2762871
40.2762871
40.2762871
40.2762871
40.2760696
40.2759743
40.2759743
40.2759743
71.8422852
63.8000031
47.8827438
40.8804626
48.942894
164.145599
163.694229
90.0872498
47.5972099
40.5245209
40.2760735
40.3313217
40.5128784
40.4031754
40.763504
40.7496758
40.4811478
40.2762871
40.2761688
40.2761307
40.2761307
40.2761307
40.2760315
40.2759743
41.1573524
42.27248
41.4958611
40.3801308
40.275425
52.9628029
68.9735718
63.4983292
48.6525269
41.1469879
40.2748184
40.2746048
40.2745667
40.2745667
40.2745667
40.274231
40.2740974
40.2740974
43.9680252
45.2064972
42.5160103
40.4492302
40.273632
40.4471283
42.2461929
41.9405632
40.4216537
40.2654648
5850.08643
100.2714
120.693298
158.562531
137.615997
109.751091
100.217926
100.214188
100.213593
100.200272
102.224487
100.974731
100.437851
100.162903
100.15435
100.145546
100.83374
100.299026
100.207314
100.128639
100.124062
100.111061
100.071609
100.059258
108.157204
103.669922
101.031067
99.9898758
100.006699
99.9964828
50.021946
50.075882
50.0704308
50.67379
55.3139038
56.6836014
67.674202
73.1503296
101.675827
80.1847076
58.1260872
49.9439392
49.9394913
49.9350281
49.9307518
49.9268379
49.9241409
49.9634628
49.9637451
49.9218788
49.9563637
49.9559593
49.9165726
49.9144859
49.9518585
49.9885139
49.9527359
49.9172287
49.9177475
53.3187485
50.8638611
50.2536011
59.2882996
100.824844
117.605515
81.1856308
56.7327766
50.0703468
50.0448723
50.0436363
50.0461159
50.0236855
50.0231934
50.0271454
50.0505409
50.0566444
50.0450478
50.0506172
50.0581474
50.06604
50.0750618
50.0842743
50.0930176
50.1088943
50.1198692
50.1181717
50.117836
50.9166756
50.2209167
50.1790924
50.144371
50.1494904
50.138176
50.1621246
50.167263
50.1570129
50.1870766
50.1897507
50.1921806
50.1922073
50.1919937
50.1918373
50.1910744
50.1908646
50.1906281
50.1903152
50.1896286
50.1893425
50.189064
50.1885338
50.1880913
50.1876984
50.1873283
50.1868019
50.1862946
50.1859207
50.1852722
50.1848488
50.1845169
50.1838722
50.0700607
50.0697746
50.0694008
50.0691299
50.0688286
50.0684242
50.0677528
50.0668373
50.0653954
50.0637741
50.0632401
50.0629578
50.0624046
50.0620804
50.0615883
50.0612411
50.0607033
50.0603294
50.0598602
50.0593948
50.0590324
50.0594826
61.8513412
57.7840652
52.5400658
50.2548332
50.0595322
50.0810013
50.1056747
50.0571136
50.0567513
21.6534271
77.0679245
82.4328842
80.1607208
80.1597214
80.1586304
80.2294388
80.1568375
80.1557007
80.1545868
80.1535339
80.15242
80.1513062
80.1499405
80.1490097
80.1477356
80.1465988
80.1451187
80.1442871
80.3746033
80.143364
80.14077
80.1395569
80.5188217
88.2479553
87.2015991
82.8284912
80.4221573
127.520576
120.57457
62.6496658
50.1294861
50.1283493
51.0630493
51.2166595
50.4358406
50.1246071
50.1236458
50.1355362
50.1256561
50.1205254
50.119545
51.7270508
88.7872849
118.728806
108.780258
75.6943054
54.910305
50.1134758
50.1123962
13.9699812
126.782806
143.593109
120.039864
103.171501
100.110252
103.246109
103.588394
101.125305
100.104149
100.103043
60.0153656
66.8829117
76.809967
122.58754
158.130707
124.87941
110.54438
168.561096
222.089691
162.478806
87.0073776
61.5142784
60.0362778
67.5479889
84.5061035
82.3816833
87.341629
74.9169235
64.1921692
127.601524
147.74707
101.531517
67.5476608
60.0993538
88.4746704
119.87262
159.007828
235.771637
222.96701
127.672493
12.4257774
117.277908
112.893913
107.240669
120.215775
113.458817
103.884682
100.201439
100.152298
102.268166
105.489853
109.217644
171.108429
157.41011
267.764648
200.672577
179.878998
216.212265
272.62796
183.302383
119.890106
100.171989
100.190468
100.176277
155.098618
154.590805
248.30661
276.621429
245.690308
159.607224
113.182449
223.081451
229.009796
156.029877
111.056526
101.537277
101.368004
100.788727
100.549583
100.264305
100.18811
127.920471
206.412338
197.768005
380.24115
257.192169
141.748993
103.258797
104.007401
169.22612
188.739227
146.877457
121.84285
109.329994
140.437561
135.062363
113.247078
103.908447
102.972832
101.652946
120.59935
115.807465
112.936218
121.579468
90.6557159
56.9250488
43.4232407
40.3474197
140.314743
140.377258
102.19973
63.9244728
46.8726387
43.5901222
45.2535934
43.0514717
41.0425301
41.1689339
41.4182091
61.4925995
58.4906158
46.4338074
43.9074097
89.5892639
82.5624542
52.6552429
40.2764435
45.0207405
99.3884888
98.4986267
61.7267036
49.8315086
107.348579
109.133163
105.316124
144.553925
180.86055
161.01651
142.396744
156.539856
322.885742
355.393982
272.797791
227.200851
163.344208
112.509239
100.363899
100.69696
103.092613
103.495316
100.600845
100.543655
100.361328
100.276443
100.276443
101.04213
127.41494
125.737381
116.493149
151.875977
141.084305
149.439575
