0.0
0.0
0.0
0.0
0.0
0.0
0.0
0.0
0.0
0.0
0.0
0.0
0.0
0.0
0.0
0.0
0.0
0.0
0.0
0.0
0.0
0.0
0.0
0.0
0.0
0.0
0.0
0.0
0.0
0.0
0.0
0.0
0.0
0.0
0.0
0.0
0.0
0.0
0.0
0.0
0.0
0.0
0.0
0.0
0.0
0.0
0.0
0.0
0.0
0.0
0.0
0.0
0.0
0.0
0.0
0.0
0.0
0.0
0.0
0.0
0.0
0.0
0.0
0.0
0.0
0.0
0.0
0.0
0.0
0.0
0.0
0.0
0.0
0.0
0.0
0.0
0.0
0.0
0.0
0.0
0.0
0.0
0.0
0.0
0.0
0.0
0.0
0.0
0.0
0.0
0.0
0.0
0.0
0.166937351
24.6778622
35.1172867
46.9695435
30.9558144
10.8964958
10.0
1.6876595
8.83031817e-08
1.51340234e-43
0.0
0.0
0.0
0.0
0.0
0.0
2.26315427
7.02252197
4.76862431
1.45029128
2.66633604e-10
1.30572581e-26
1.40129846e-43
0.0
0.0
0.0
1.07232654
0.764445305
0.336363345
0.167086482
0.0479004569
6.83065843e-12
8.25358486
8.55625534
2.57127881
4.17923252e-10
2.04652367e-26
0.00509118289
0.00161736924
5.92686847e-16
8.00948496e-33
0.0
0.0
0.0
0.172824681
0.380664021
0.107536249
0.0681087598
0.246302843
0.0714463443
0.179986015
0.387112051
0.583220243
0.675573528
1.66989994
1.72927606
6.89320469
6.85698748
2.08547854
0.0
0.0
21.1131744
23.1317692
11.579793
19.3628807
8.58657551
2.2234726
9.72062492
26.49547
17.8760872
16.1526089
7.33561516
1.26669312
0.0088467598
0.0
0.0
0.0
20.6058464
71.7200012
67.8841019
30.555151
10.3242741
28.038332
16.9481583
10.5164757
1.73139334
0.0
0.0
0.0
0.0
0.0656812638
0.403738976
2.72519994
4.95108986
9.62576199
30.0325031
13.7186251
9.91397095
3.26467252
0.0
0.0
0.0
0.0
0.0
0.0
0.0
4.03036499
3.22076774
0.825847447
0.144959792
40.2147522
50.1592751
53.2811775
37.5795097
27.4228325
108396.82
109.953873
103.077209
100.603279
100.112579
99.9499435
100.332634
100.515984
100.064857
99.9106674
99.9105911
99.9107437
107.42009
132.621109
151.126495
135.637238
187.879181
180.5849
156.702545
145.171661
129.056
109.858704
106.361847
105.079224
101.823692
100.174232
100.01992
99.9876404
113.071991
112.262047
103.341812
100.748222
101.097801
100.213112
99.9257736
99.9067688
100.002655
40.0026588
41.6122131
41.3045769
46.1907845
46.8629036
44.2343521
53.0905571
94.5406799
169.444382
163.486313
92.6352539
48.6226921
109.853394
129.806656
88.5171509
53.3509331
50.9099083
48.2856712
42.6139107
40.0056877
40.0058823
40.0060768
40.0060959
41.8863297
124.098137
135.428574
79.2266083
49.4535561
44.1070023
41.3129044
100.007614
100.007751
58.3286247
40.0078125
40.0078125
40.3579674
65.7901306
62.8908806
46.3654594
54.6092987
57.2705269
53.0059242
45.9313087
41.0548134
101.72319
96.3728638
56.9412231
41.5344925
40.673275
40.0616035
40.0090446
98.0484543
149.637726
105.799408
95.5425262
128.99173
114.482513
67.7913437
44.1969604
40.3759117
40.0271797
100.011459
99.9903717
9.98052788
89.9849472
32.4402962
20.4291477
184.373947
212.00145
148.5914
108.718498
99.9579468
99.9369659
99.9294968
99.9100647
9.89478874
178.361542
164.467667
120.662773
254.182617
255.505768
54.3590851
106.543831
99.8066177
99.8128662
99.8040085
112.81691
176.367218
145.091385
111.421967
99.7713623
49.8184204
49.7837906
52.9787521
79.1471329
173.920578
156.802994
84.526947
238.501221
157.163925
79.8985748
49.7010002
49.7351074
103.442299
136.763672
163.527359
111.340523
236.129333
347.288666
370.39917
341.549591
208.595688
92.1673889
54.1235924
49.6897964
49.6922913
49.7318726
49.7724571
49.7421036
49.7094955
49.7437172
101.615608
116.912796
139.252945
87.8060303
183.224518
158.598068
119.681885
101.685448
123.275764
60.8115196
56.6446037
50.8319359
100.296974
50.5053482
49.9003448
49.8926125
49.8947754
49.9042587
49.9134979
49.9222374
49.9306602
49.9384346
49.9464264
49.9546547
49.9635429
50.2790642
49.9875946
49.988327
49.9937096
49.9976807
50.0013237
49.9626541
49.9912872
49.9783669
49.9866638
50.0119171
50.3599434
50.7541237
50.1404572
50.0794334
50.0142097
52.7652473
51.221859
52.7928009
51.084938
50.3355331
51.1379509
51.2086411
50.325058
50.1203384
50.0142097
50.0142097
50.0142097
50.0142097
50.0142097
50.0142097
50.0142097
52.2598686
51.0341072
50.3920822
49.9353447
49.9047508
49.9050713
49.9052734
49.9053612
49.9055023
49.905777
49.90588
49.906189
50.9976349
50.5153122
50.6475449
49.9434547
49.9205894
49.9075508
55.4470711
68.2737122
60.2966232
53.1419792
49.9292946
85.5117035
116.677139
85.9025574
59.1690636
49.908844
51.1171799
51.1469116
52.5231972
50.6486816
50.913353
50.0315666
80.0173111
80.3020554
80.0129623
80.0129623
80.0129623
80.0129623
80.0129623
80.0129623
80.0129623
80.0129623
80.0129623
80.0128479
80.0128098
80.0127106
80.0125351
80.0124969
80.0122528
15.249033
110.032295
126.993835
103.088684
113.609306
254.217804
216.452332
207.40741
141.029358
98.8357239
80.6117706
80.0120239
80.0120239
100.082031
100.307526
100.101959
100.012024
100.012024
50.1586838
50.5653572
50.2248001
50.0263901
50.0120239
50.0120239
50.0118866
50.0465584
50.9552078
148.539291
260.484619
294.916443
381.594452
475.804565
332.082642
195.789093
165.6353
120.639252
113.003105
190.499268
242.180557
194.622253
127.525345
102.702385
101.394417
100.360825
59.9326248
59.9484596
113.786507
104.443565
73.9320908
59.9494286
146.689362
288.706024
200.892838
97.2295532
60.0332794
59.933567
59.9491692
59.9492226
59.9492073
59.9492416
95.2804565
261.008118
458.088867
364.782379
199.932785
107.308228
105.956337
423.21759
490.472717
277.479919
167.8125
105.308388
73.639534
59.9336319
69.9334946
69.9334335
69.9333649
69.9332962
69.9332199
69.933136
69.9330444
69.9329529
69.9328537
69.9327469
69.9326401
69.9327011
69.9481125
69.9323273
69.9321442
69.9321899
69.9478531
75.2383728
74.3237228
71.0578308
69.9311295
69.9310608
160.9655
187.059311
125.540909
79.9324646
73.1682968
90.4301987
106.165192
90.280014
75.1408997
50.8316612
50.2372513
50.0164948
49.9635735
49.9278831
49.9276161
49.9273758
49.9273262
50.0427246
50.5070763
50.6906166
50.1094894
101.516273
88.5168915
61.2171173
50.3977165
52.6450615
185.923462
179.714523
102.061775
57.4023285
49.9224625
49.922348
53.9761276
53.5828056
50.8464012
49.9209557
50.9356232
51.4142532
51.8982887
65.7068024
50.292942
83.369606
81.4376907
342.859558
247.377289
280.658386
279.728577
222.99231
162.780853
94.8388214
58.8352318
447.854523
802.093262
526.30188
150.825943
40.0156174
40.0156174
40.0156174
40.0156174
40.0156174
40.0156174
40.0156174
45.9539528
116.323624
311.080139
336.243958
480.063721
519.448486
324.399231
155.653534
629.621399
741.468994
404.028992
157.419968
732.227173
697.670654
445.811218
405.360138
438.34903
400.933167
163.409821
100.015625
100.015625
100.015625
100.015625
100.015625
100.015625
100.015625
100.015625
100.015625
100.015625
100.015625
117.511131
135.427139
121.445702
103.969238
100.015625
100.015625
100.015625
102.185371
105.53968
101.719009
100.572937
101.812164
101.345566
100.446304
100.041122
99.9760361
99.9662857
112.852676
106.80407
102.038704
100.333382
99.964325
302.89267
299.872131
160.353226
109.858635
104.611687
101.414612
99.8756409
99.870163
99.8593597
104.183517
102.194763
100.694221
99.7981644
99.7593155
99.7431564
99.7328949
111.454727
55.0605507
51.4435425
49.8161201
49.8097649
49.771553
49.7337799
49.7256126
49.7194824
49.7139664
50.7271957
111.32872
100.17984
64.8749619
49.7418251
49.728241
49.7244263
49.686779
49.6845779
49.6837692
49.6834106
49.6835594
49.6841888
49.6852722
49.6867218
49.6886139
49.6910133
49.693821
49.6971512
49.7012596
79.8964462
120.518051
106.748344
99.9513321
99.7811203
99.7882004
99.8230438
123.227837
114.883926
104.542145
99.8455582
99.83741
99.8456955
99.855217
99.8644791
99.8729477
99.8805389
99.8878326
99.8955231
99.9035187
49.9177551
49.9176445
49.922699
49.9281654
49.9335098
49.9398727
50.7844658
50.0668297
50.016983
49.9643478
49.9710426
49.978035
49.9683533
49.9782562
49.9883118
49.9997063
49.9848785
50.0112228
50.0129623
50.0129623
50.0129623
50.0129623
50.0129623
50.0129623
50.0129623
50.0128632
50.0128059
50.0128059
50.0128059
50.0128059
50.0128059
50.0126686
50.0126495
50.0126495
50.0920792
65.933136
60.6055946
53.4000168
50.0123787
50.0122185
49.8949013
49.8947029
49.8948975
49.8950768
49.8952827
49.8953514
49.8955727
49.8958092
49.8959122
49.8961334
49.8962708
49.8949966
49.8923531
49.892025
49.8921738
49.8923645
49.8925438
49.8926353
49.892807
49.8930206
49.8934288
49.8949165
50.1857605
49.8993607
49.9208221
49.8954086
49.8964081
52.0729103
51.8102264
50.5050888
50.0320282
50.011261
80.0112457
80.0112457
80.0111313
80.5503311
80.0187607
80.0104599
80.0104599
80.0104599
80.0104599
10.0053349
70.0152969
88.1586609
85.0415039
124.435745
112.863251
90.2277527
80.0101547
80.0101547
80.0101547
82.0224075
83.4254303
10.2375917
71.9137421
80.0101547
89.1191711
87.2848358
82.7209396
82.4515305
81.2343979
80.4454193
53.2854233
52.9360199
53.1419868
52.2722054
51.4564438
54.7073708
58.6000824
93.2564087
85.2753754
105.323654
315.779816
444.525024
274.862854
98.8099823
53.7893028
54.0640221
52.3307152
51.7421722
50.4969826
50.0124741
50.0127296
50.0129089
50.0129623
50.0129623
50.0129623
50.0333748
50.1393814
56.4719009
56.6348839
52.4064789
50.0834007
59.94561
59.9290047
60.362587
61.0486794
61.6797752
75.9004059
79.8102341
71.6432953
63.4462166
60.5471878
66.5071716
63.7360001
61.0970039
105.817596
118.383957
140.827225
160.290726
161.728561
219.834045
178.026047
122.664642
77.7646103
65.5361938
145.310776
339.422852
214.287979
102.711723
64.7907867
62.3071327
60.8974457
38004.8359
110.191727
123.99469
113.997772
103.397392
99.9328003
101.860039
101.911057
100.596497
100.624344
100.48912
100.074142
99.9897995
99.9470367
99.9343033
99.9315414
118.858513
124.49585
118.029472
106.636169
101.12709
100.014
112.136841
113.328033
106.484276
101.298645
107.238274
246.291016
270.512421
178.218933
118.741905
101.521255
100.060234
99.9282913
101.290367
101.455345
100.30999
99.9272232
99.9269257
99.926384
99.9259796
105.76799
103.891693
100.905151
99.9246521
99.942215
102.138184
101.845688
108.374184
140.786224
171.942413
153.710297
179.048599
189.019974
139.403061
122.451874
141.872437
194.885254
172.911255
127.454491
184.245239
148.462982
53.6589775
40.3243942
40.7265472
40.5245247
40.2184448
40.0156174
40.0156174
40.0156174
40.0156174
40.0156174
74.9253845
181.469147
539.802612
360.756012
221.473114
305.144897
195.690338
78.4352646
40.0156174
40.0156174
40.0156174
40.0156174
40.0156174
319.061096
287.191437
128.021591
59.3778343
49.0367203
68.8672867
72.8957291
116.06929
104.447533
103.467461
102.400429
152.092178
147.012344
158.483826
141.917435
110.340416
100.015625
154.360107
264.012726
284.40921
191.120392
115.02256
100.015625
100.015625
100.015625
109.731514
135.922394
126.222542
105.515228
174.769135
279.64444
227.652481
240.819031
266.589691
188.331818
198.697418
174.274124
120.612679
100.917419
100.397095
100.014259
100.00544
114.065331
106.970619
102.128212
162.277405
198.371033
340.830994
268.470886
148.104828
101.074409
100.085236
99.9079285
99.9071732
99.9024811
99.8839569
99.8725128
99.8672638
100.271439
99.8824615
99.862709
141.621902
174.968613
142.317062
109.675766
105.665977
102.970192
100.932175
49.7763634
49.7633133
49.7548218
49.7468071
49.7392921
49.7323532
49.7588997
125.465103
341.851379
299.829071
133.109451
58.4424133
82.9000931
1039.92053
1268.24097
632.302429
145.819778
49.7755547
50.1378059
49.7771339
49.7345238
49.6881065
49.6859169
49.6874161
49.6894341
49.6919899
49.6950188
49.6985283
49.702507
49.707077
105.735626
236.040222
505.99762
503.033203
270.862152
128.357086
99.834259
99.8152771
100.554832
99.9303818
99.8876419
99.8510666
99.8583145
99.8675385
99.8771515
99.8859253
99.89505
99.9045258
99.9137726
99.9225006
99.9309845
99.9387436
99.9532547
99.9610062
99.9608154
99.9688416
99.9759979
99.9855881
99.9916992
99.9957962
100.002823
99.9632568
99.9732056
100.00222
100.00769
99.9969559
107.925171
103.026367
101.050674
102.750183
100.857605
104.334084
107.741577
61.3132706
61.6672096
113.251007
55.2325821
51.4101143
50.0142097
50.0142097
52.7010803
50.8548241
50.3759956
50.0142097
50.0142097
50.2201271
50.0142097
55.0093384
51.7919083
55.4854965
107.342705
105.477081
107.237541
117.718323
110.473679
103.060692
112.542557
116.324356
124.462555
111.679794
103.394669
99.9087143
101.902321
101.871719
100.397514
100.020432
99.9086304
100.729836
99.9747849
99.9255753
99.9313965
105.496391
101.948433
100.674385
100.88382
131.905884
146.070404
217.226944
277.473511
247.080292
155.007401
92.4064865
80.2107315
80.0141907
80.0142136
80.0142136
80.0140762
80.0139618
80.5834885
80.0139008
80.0139008
80.0139008
80.0139008
80.0139008
80.0139008
80.0137787
80.0137405
80.0137405
80.0137405
80.0137405
80.0137405
80.0134888
80.0134277
131.863037
176.01123
161.135086
122.627823
263.745331
259.732544
222.260345
145.94104
125.777374
103.533363
100.221581
100.401077
100.129021
100.014526
100.014526
100.954857
101.458664
100.519524
100.039879
100.014526
100.014526
100.014526
100.014526
100.014526
100.014526
100.014435
100.014366
100.014366
100.014366
100.014252
102.280312
138.856384
143.472595
137.845642
120.400932
105.640999
131.609467
243.342392
304.866882
182.132202
92.3824921
62.9485817
60.3245583
59.9474449
60.1543732
60.2900734
60.0817261
64.8063812
96.8657227
111.758804
96.009552
71.3371429
61.8358688
59.9319878
59.9320068
59.9320221
59.9318924
59.9321823
60.458004
60.1640511
60.0091171
59.9479065
59.9900208
59.954464
59.9476357
59.9308701
59.930851
59.9854622
60.2391281
37531.3945
122.153038
113.385201
103.45649
99.9441223
140.236496
128.46991
108.733795
99.9299774
103.601768
102.594666
101.174751
109.262665
106.224205
101.851631
233.971191
195.4151
497.15799
450.082825
530.749451
327.899597
178.642883
266.147949
211.748245
134.849457
104.336494
102.091499
100.381302
105.531578
103.932594
120.165817
390.032928
655.071472
603.130981
697.657104
461.934448
240.602982
508.200134
444.959473
161.752136
142.333771
112.890091
107.548615
123.218124
116.888496
114.740952
109.966515
102.596947
99.9244614
99.9243317
99.9416656
99.9236374
99.9234238
123.819061
192.133499
168.871857
118.293465
118.547195
232.576111
595.259033
571.539307
286.180389
122.796539
100.015625
280.189392
193.197006
159.029526
170.475403
202.060486
222.078583
211.459045
203.402481
176.862488
129.946854
120.625168
110.242569
101.890205
100.015625
100.015625
100.015625
100.015625
100.015625
100.015625
100.015625
100.015625
100.015625
100.015625
100.015625
100.015625
100.015625
44.9707184
45.0052795
102.436646
100.361275
100.076797
100.015625
100.045883
100.025238
100.015625
100.015625
100.015625
101.353355
103.04776
101.926331
100.19075
100.015625
100.319382
100.112122
100.015625
100.015625
101.576195
103.009933
101.603966
135.512283
135.508972
114.931152
176.007751
244.735535
380.733063
388.953461
227.777985
119.138809
100.015625
100.007378
100.000648
100.002075
100.011131
99.9746704
99.9855499
99.9745941
99.9638672
99.9715271
170.064728
352.238586
517.927917
441.894592
225.002884
120.344635
99.9165878
100.017548
99.9022217
99.8713074
99.8678055
142.313324
259.696198
454.080444
451.275574
272.132141
136.630951
102.462318
99.7721481
99.7332306
99.749855
54.1638031
52.1535683
134.457901
674.826416
581.733337
211.679001
51.7382736
102.283379
99.8016281
99.7705231
99.7368011
99.6997604
99.6959305
99.6927109
49.6901321
50.4244728
49.7406158
49.694767
49.6839256
49.6835556
49.6837044
49.6843414
49.6855927
49.7254219
49.7651711
71.4584503
88.8876572
69.8844757
55.6673584
99.7669067
99.7807312
157.939636
173.584854
130.887329
105.263344
99.8232346
118.549599
108.383369
102.558128
99.830101
99.8390732
99.8485336
99.8580017
99.8836441
99.8830566
99.8854065
99.8943253
99.9035721
99.9128494
107.91317
102.362968
100.753761
99.9450455
99.951828
99.961113
99.9718246
99.973526
99.9730988
99.9824905
99.9973526
99.9924316
100.047127
49.9874763
49.9979782
50.0060234
50.0104637
50.013588
50.013588
53.1708107
50.7843742
50.319912
50.013485
50.0134277
50.0134277
50.0133095
50.0132713
50.0132713
50.0132713
50.0131378
50.0131187
50.0131187
50.0129814
50.0129623
50.0129623
50.0129623
50.0129623
50.0129623
50.0129623
50.0129623
50.0129623
99.9013901
104.017929
102.802536
100.82724
100.084793
99.9233551
99.8992004
99.8994522
155.822418
142.977722
113.701363
99.9024887
99.9027786
99.9030762
49.9033813
49.9036446
49.9044342
49.9269981
49.905201
74.5945358
65.9363556
55.2055283
49.9064026
49.9066696
49.9074211
56.7177238
52.8473778
50.9368935
51.3347473
50.1818199
50.0330696
80.0121155
80.0118866
80.0118713
81.1093521
80.1494598
80.0633621
80.065834
85.9998779
103.461441
151.327911
262.059174
327.40979
251.807404
149.815948
100.726875
83.551445
81.188446
80.0118713
80.0118713
80.0118713
94.5961151
89.4385757
83.2758102
80.0118713
80.0118713
81.0499191
80.0317001
80.0118713
80.0118713
80.0118713
100.011734
100.011719
100.011719
128.035965
124.41938
107.669823
100.030594
100.011566
100.011566
100.011429
100.011406
100.011406
50.0112762
52.1156006
80.7128983
90.5628204
71.1416779
92.8209534
144.64418
148.347809
138.732697
134.513077
109.012665
73.1177292
53.8271942
50.0110893
79.9595795
477.957397
735.677368
605.168213
344.076263
118.144409
65.0095978
60.3166275
59.9493828
59.9336853
59.9330063
59.9330254
59.9332542
59.9496193
59.9497604
104.990791
93.3169556
70.3989334
59.9335823
59.9933586
59.9404831
74.2871246
67.8038483
62.4444885
59.9334145
59.9334106
59.9336357
93.4796295
82.1016922
66.9021149
61.9388123
233.875366
183.236176
100.160301
61.480793
140.773575
271.190247
257.527252
280.163635
175.561432
97.6634598
69.9329758
69.9330521
69.9483719
69.9325409
69.9321899
69.9319534
69.9317932
69.9316483
69.9317551
71.0735092
71.0469131
70.2607956
94.0163651
88.4080276
75.3429184
69.9307098
69.9465866
69.9301605
69.9299469
69.9297562
69.9298019
69.9459839
69.9292984
69.9289703
69.9289932
11.0263567
91.3638
100.292091
99.9277496
99.9277573
112.215401
108.995399
102.895515
103.404373
102.54763
100.55481
112.038139
179.998291
199.91954
146.837189
109.220772
99.9243622
99.9241943
51.6876945
80.2620316
78.2310028
61.3356667
57.5137634
54.2823753
51.0295753
49.9213905
87.4286346
76.077507
170.571747
117.609856
70.6565094
40.5163612
40.0156174
40.0156174
40.0156174
40.0156174
40.0156174
40.0156174
40.0156174
40.0156174
71.7873459
63.7624931
47.6922646
40.6265755
48.7395821
164.760696
164.503113
90.2810593
47.4036446
40.2666092
40.0156174
40.0714417
40.2547112
40.1438026
40.5078011
40.493721
40.2225075
40.0156174
40.0156174
40.0156174
40.0156174
40.0156174
40.0156174
40.0156174
40.905777
42.0327415
41.249176
40.1212921
40.0156174
52.8079529
68.9707413
63.465538
48.4783592
40.8958893
40.0153046
40.0153046
40.0153046
40.0153046
40.0153046
40.0153046
40.0153046
40.0153046
43.744091
45.002552
42.2835121
40.1929092
40.0151482
40.1907616
42.0095291
41.702652
40.1655579
40.0075722
6185.93408
100.01387
120.623474
158.86792
137.762238
109.592079
99.9608612
99.9571228
99.9566422
99.9434814
101.982948
100.72599
100.183571
99.9063187
99.8979797
99.8892288
100.581284
100.043747
99.9514618
99.872467
99.8681335
99.8552322
99.8157806
99.8034363
107.981331
103.454086
100.785271
99.7343216
99.7512741
99.7412491
49.7669182
49.8212357
49.8163986
50.4239616
55.1117859
56.4971123
67.6000214
73.1339417
101.938156
80.2582626
57.9592934
49.6960907
49.691967
49.6880722
49.6843987
49.6813965
49.6795464
49.7196236
49.7209625
49.6798706
49.7151985
49.7158012
49.6775093
49.6764107
49.7148247
49.7524223
49.7176018
49.6827736
49.6844063
53.1163521
50.639946
50.0257797
59.1430664
101.032166
117.896858
81.1464386
56.5429802
49.8480988
49.8242416
49.8244972
49.8284721
49.8074913
49.8084602
49.8140144
49.8387032
49.8463745
49.836483
49.8435516
49.8526802
49.8624763
49.8726654
49.8830338
49.8930054
49.910778
49.9231758
49.9228401
49.9243927
50.7320671
50.0308151
49.9903183
49.957119
49.9640274
49.9538841
49.9786224
49.9842453
49.9743996
50.0045166
50.0073776
50.0102806
50.0107765
50.0107765
50.0107765
50.0107765
50.0107765
50.0106354
50.0106201
50.0103455
50.0103111
50.0103111
50.0101929
50.0101547
50.0101547
50.0100327
50.0099983
50.0099983
50.0099983
50.0099983
50.0099983
50.0099983
50.0099983
49.8966141
49.8968773
49.8971443
49.8973808
49.8975296
49.8975906
49.8975334
49.8972321
49.8964005
49.8952866
49.8954811
49.8957329
49.8959885
49.896244
49.8964996
49.896759
49.8970146
49.8972435
49.8973236
49.8975449
49.8979797
49.8989601
61.7592392
57.6334
52.3816833
50.0975914
49.9021568
49.9244194
49.9500046
49.9018097
49.9018822
21.638792
76.8439102
82.2802429
80.0086288
80.0085907
80.0085907
80.0812912
80.0085907
80.0085907
80.0085907
80.0085907
80.0085907
80.0085907
80.0085907
80.0085907
80.0085907
80.0085907
80.0082016
80.0081253
80.2423019
80.0097275
80.0080261
80.0079651
80.3919601
88.1549225
87.0817871
82.7011261
80.295723
127.566803
120.450035
112.526291
100.007027
100.007027
50.9450836
51.0971489
50.3175087
50.0070305
50.0070305
50.02005
50.0111694
50.0070305
50.0070305
51.6204681
88.7885284
118.707748
108.712067
75.5857391
54.802906
50.0064621
50.0064087
53.9223709
86.7065887
93.511467
69.9369659
10.0033398
93.0748215
103.15126
103.488686
101.026009
100.00547
100.00547
59.9189148
66.7993774
76.7389069
122.595688
158.12851
124.803055
110.508331
168.598831
222.125305
162.428268
86.9148712
61.4059258
59.923378
67.4570389
84.4695816
82.2934723
87.3042068
74.8076706
64.07341
127.789658
147.815125
101.437622
67.4225922
59.9654198
88.481308
119.959213
159.271332
236.614243
223.640869
127.544067
11248.9922
117.354797
112.715569
107.071533
120.269737
113.268524
103.679787
99.993042
99.9424591
102.078323
105.325974
109.089737
172.387878
157.641678
269.09024
200.688599
179.944458
216.481567
273.124268
183.298264
119.707161
99.9301224
99.9460754
99.930069
155.338013
154.743622
248.977493
277.705139
246.718262
159.928314
113.053558
224.107635
230.278259
156.42514
110.910789
101.293198
101.121933
100.534981
100.293365
100.004539
99.9272919
127.895576
207.236404
198.569336
382.871155
259.096924
142.048828
103.02565
103.788742
169.568817
189.387238
147.197891
121.821365
109.181084
140.564377
135.211136
113.158142
103.685966
102.745934
101.407043
120.487137
115.73513
113.298645
122.101097
90.9198837
56.8576355
43.199913
40.087326
140.680191
141.200317
102.56749
63.9391136
46.690239
43.3527946
45.0311089
42.8183594
40.7899437
40.9134216
41.1661301
61.3471336
58.4107475
46.2394409
43.6674423
89.6158218
82.7472153
52.5404892
100.015625
44.7833557
159.489227
98.8197327
61.7095642
109.634048
107.154625
108.929947
105.096359
144.564713
181.278793
161.370377
142.519424
156.777802
325.283234
357.705688
274.61618
228.759125
163.752914
112.399277
100.103149
100.436615
102.835747
103.238571
100.340408
100.28331
100.100662
100.015625
100.015625
100.782852
127.258461
125.660561
116.322876
151.85997
141.168304
149.501389
