0.0
0.0
0.0
0.0
0.0
0.0
0.0
0.0
0.0
0.0
0.0
0.0
0.0
0.0
0.0
0.0
0.0
0.0
0.0
0.0
0.0
0.0
0.0
0.0
0.0
0.0
0.0
0.0
0.0
0.0
0.0
0.0
0.0
0.0
0.0
0.0
0.0
0.0
0.0
0.0
0.0
0.0
0.0
0.0
0.0
0.0010335471
0.00468546059
0.00468546059
0.00468546059
0.00468546059
0.00468546059
0.00468546059
0.00468546059
0.00468546059
0.00468546059
0.00468546059
0.00468546059
0.00468546059
0.00468546059
0.00468546059
0.0
0.0
0.0
0.0
0.0
0.0
0.0
0.0
0.0
0.0
0.0
0.0
0.0
0.0
0.0
0.0
0.0
0.0
0.0
0.0
0.0
0.0
0.0
0.0
0.0
0.0
0.0
0.0
0.0
0.0
0.0
0.00468546059
0.00468546059
0.171622813
24.6825504
35.1196289
46.9765739
30.9605007
10.8988409
10.0023451
1.69702494
0.00468546059
0.00468546059
0.00468546059
0.00468546059
0.00468546059
0.00468546059
0.00468546059
0.00468546059
2.26783967
7.02720642
4.77330923
1.4549768
0.00468546059
0.00468546059
0.00468546059
0.00468546059
0.00468546059
0.00468546059
1.07701206
0.769130766
0.341048837
0.171771944
0.0525859222
0.00468546059
8.25827122
8.56094074
2.57596421
0.00468546059
0.00468546059
0.00977664348
0.00630282983
0.00468546059
0.00468546059
0.00468546059
0.00468546059
0.00468546059
0.177510157
0.385349452
0.112221718
0.0727942213
0.250988305
0.0761318132
0.184671491
0.391797483
0.587905705
0.68025893
1.67458534
1.73396146
6.89789057
6.86167288
2.09016395
0.0
0.0
21.117857
23.1341133
11.5821381
19.3652267
8.59828186
2.22815776
9.72531128
26.5001564
17.8784332
16.154953
7.34497976
1.27137852
0.0135321319
0.0
0.0
0.0
20.6105309
71.7223511
67.8911285
30.5598335
10.3267756
28.0455151
16.9506607
10.5191336
1.7410717
0.0
0.0
0.0
0.0
0.0713048279
0.409481168
2.73113608
4.95702553
9.63169861
30.0385971
13.7225151
9.91803646
3.27591205
0.0
0.0
0.0
0.0
0.0
0.0
0.0
4.03739548
3.22795463
0.833034515
0.152146876
40.2221069
50.1667786
53.2889862
37.5877914
27.4319973
108385.602
109.964745
103.088783
100.61573
100.125557
99.9633865
100.346649
100.530647
100.079857
99.9259872
99.9263306
99.9266891
107.436348
132.637375
151.143387
135.654846
187.897568
180.605972
156.7267
145.19931
129.088165
109.895073
106.401741
105.122322
101.869537
100.222672
100.070709
100.040642
113.126373
112.318359
103.399109
100.806824
101.157768
100.274239
99.9878311
99.9698105
100.066208
40.0669327
41.6767578
41.3697548
46.2559967
46.9283333
44.3002472
53.1564865
94.6052246
169.507507
163.553436
92.709938
48.7040062
109.883438
129.877792
88.6092148
53.4593773
51.0165291
48.4081993
42.7420158
40.1379738
40.1415443
40.1447372
40.1470337
42.0269928
124.147202
135.551926
79.3779984
49.6048508
44.2699356
41.4805374
100.179199
100.182518
60.4246368
40.1878204
40.1895676
40.5413589
65.9386139
63.0770607
46.5531273
54.77742
57.4554977
53.1904755
46.124794
41.2495613
101.777321
96.5546799
57.1368446
41.733284
40.8772774
40.2683792
40.2175369
98.1058197
149.673538
105.997215
95.6402588
129.035507
114.617004
68.0234222
44.4459152
40.6329384
40.2902756
100.277985
100.25959
30.2867603
50.2527313
12.0110798
101.276665
100.431862
205.184204
148.783661
108.990616
100.249168
100.231598
100.226753
100.209351
50.2020721
138.084808
114.558838
20.8969669
251.951477
254.905182
154.406265
106.85157
100.136627
100.146431
100.139854
113.086517
175.748993
145.079407
111.713531
100.111557
50.159111
50.1249504
53.3106117
79.3765411
173.721802
156.730591
84.7198029
238.261902
157.012451
80.1061249
50.0478554
50.083252
103.473267
136.799194
163.462982
111.380356
235.854614
346.172668
368.592499
340.569702
207.537994
92.1204529
54.4564934
50.0396385
50.042141
50.0817223
50.1223068
50.0919456
50.0593376
50.0935631
101.959518
167.00351
189.038284
137.99675
183.336761
158.705902
119.946899
102.028404
123.543015
111.118286
106.967545
101.17762
50.6443405
50.8520393
50.2486229
50.2405434
50.2421265
50.2509766
50.259697
50.2678642
50.2755508
50.282547
50.289753
50.2971802
50.3046799
50.6177444
50.3259392
50.3253212
50.3287468
50.3311729
50.332943
50.2925797
50.3202362
50.3069534
50.31493
50.3399162
50.6859283
51.077919
50.4667931
50.4058113
50.3408127
53.0782433
51.5412407
53.1040421
51.4042091
50.6582756
51.4564819
51.5262642
50.6466751
50.4429665
50.3372765
50.3365898
50.3361664
50.3357544
50.3353844
50.3350716
50.334301
52.5673332
51.3477325
50.7076836
50.2533226
50.2224274
50.2221031
50.2217979
50.2215004
50.2211647
50.2208977
50.2204247
50.220211
51.3040466
50.8244057
50.9549637
50.2547531
50.2316895
50.2181969
55.7236137
68.4791183
60.5527115
53.4329185
50.2365494
85.6010208
116.582817
86.0364304
59.4281731
50.2128105
51.4088554
51.4383049
52.801609
50.9473419
51.2054596
50.330925
80.3159714
80.5970001
80.3098679
80.3090057
80.30793
80.3071671
80.3061066
80.3048477
80.3034744
80.3023224
80.3012161
80.300087
80.2990417
80.2978363
80.2968216
80.2957306
80.2946548
15.3622189
110.242096
127.053917
103.26181
113.715546
253.48645
216.188736
126.458893
141.105743
99.0559616
80.8858566
80.2888489
80.2885361
100.358612
100.581932
100.37706
100.286903
100.286263
100.432159
100.835098
100.49556
50.2974663
50.2823944
50.2817345
50.2808914
50.3141289
51.2201805
148.576889
260.109344
294.159241
380.821594
475.327759
329.04071
244.534561
165.518829
120.82534
113.242134
190.056519
241.197205
194.084427
127.624062
103.02874
101.735947
100.708336
60.2824745
60.2983093
113.646805
104.347733
74.1376877
60.2992783
146.231003
286.756287
199.794464
97.1809235
60.3815384
60.2834167
60.2990189
60.2990723
60.299057
60.2990913
95.3164749
259.593079
454.738525
361.493469
198.29303
106.889214
105.657471
417.557251
486.462463
275.040833
167.296844
105.398468
73.9410706
60.2834816
70.2833481
70.2832794
70.2832184
70.2831421
70.2830658
70.2829819
70.2828979
70.2827988
70.2826996
70.2826004
70.282486
70.2825546
70.2979584
70.2821808
70.2819977
70.2820358
70.2977066
75.5690308
74.6470108
71.4014435
70.280983
70.2809143
160.865387
186.694107
125.587967
80.2319031
73.5042953
90.6463089
106.265839
90.5055237
75.4630661
51.175148
50.5852623
50.3658028
50.3132896
50.2777328
50.2774658
50.2772255
50.2771759
50.3922005
50.8540497
51.03479
50.4579659
101.488678
88.5953674
61.4955101
50.7439194
52.976635
184.797668
179.240799
102.0383
57.7002869
50.2723122
50.2721977
54.3049507
53.9026718
51.1890068
50.2708054
51.2795372
51.7515526
52.2353516
65.9632797
50.5558472
83.4728851
81.4720688
341.514923
245.936859
279.453522
277.479431
221.527817
161.935577
94.403183
58.9824562
445.975647
793.81604
523.528198
150.806732
40.3654633
40.3654633
40.3654633
40.3654633
40.3654633
40.3654633
40.3654633
46.2935753
116.525093
310.39386
335.048737
478.718018
518.158813
323.771057
155.753815
629.518066
740.798584
403.934937
157.702026
735.94696
697.62146
446.025146
405.294312
438.57074
401.180237
163.965012
100.365463
100.365463
100.365463
100.365463
100.365463
100.365463
100.365463
100.365463
100.365463
100.365463
100.365463
117.812363
135.67395
121.731705
104.307312
100.365463
100.365463
100.365463
102.526909
105.869453
102.062553
100.920746
102.155281
101.690346
100.794411
100.390739
100.325882
100.316124
113.146759
107.123993
102.379387
100.681503
100.314087
302.100983
299.128204
160.375641
110.137856
104.92717
101.753517
100.225487
100.220016
100.209213
104.502991
102.527428
101.037888
100.148018
100.109161
100.093002
100.082741
111.7201
55.3709984
51.7810211
50.1659698
50.1596146
50.1214027
50.0836296
50.0754547
50.0693245
50.0638161
51.0696869
111.279572
100.223587
65.1330872
50.0916672
50.0780907
50.0742722
50.0366287
50.03442
50.0336189
50.0332527
50.0334015
50.0340347
50.0351181
50.0365639
50.0384636
50.0408554
50.0436707
50.0470009
50.0510101
80.0146255
120.724586
107.050095
100.299232
100.12944
100.135605
100.169281
123.386543
115.122421
104.851028
100.186646
100.176682
100.183067
100.190536
100.197716
100.204094
100.209755
100.215279
100.220818
100.226532
100.238731
50.2364349
50.2392998
50.2426414
50.2460594
50.2502327
51.0837784
50.3723946
50.3207664
50.2660866
50.2702484
50.2751656
50.2637825
50.2724266
50.2820702
50.292984
50.2776909
50.3039246
50.3050766
50.3045998
50.3043251
50.3037949
50.3033485
50.3030739
50.302269
50.302063
50.3015709
50.3009644
50.3005753
50.2997704
50.2994461
50.2986565
50.2982559
50.2974091
50.3754883
66.1151352
60.8393211
53.6649361
50.2945786
50.294014
50.1763
50.1753769
50.1750488
50.1745071
50.173954
50.1735001
50.1730843
50.1723289
50.1719818
50.1714973
50.1708603
50.1689644
50.1651611
50.1639557
50.1633644
50.1623611
50.1616707
50.1606216
50.1599007
50.1592369
50.1584511
50.1585693
50.4454994
50.1613197
50.1816444
50.1549416
50.1550865
52.3116379
52.0543938
50.7603111
50.2864494
50.2647057
80.2633362
80.26194
80.2605286
80.7921371
80.2663498
80.2568817
80.2555313
80.2541275
80.2529526
10.1301975
70.3716507
88.3446121
85.2651443
124.439751
113.036041
90.4413147
80.2419434
80.2407761
80.2394409
82.2341461
12.6420116
72.8946762
80.6922226
80.2331619
89.288208
87.4842224
82.9352875
82.6548004
10.3402443
71.7704773
53.4857712
53.1463928
53.3444405
52.4819717
51.6652718
54.8994904
58.7846451
93.3046875
85.4511414
105.359818
315.256042
443.582184
274.958801
99.0212708
54.0247192
54.3208733
52.5984802
52.0168266
50.7800026
50.300312
50.3029213
50.3046684
50.3057213
50.3063049
50.3064346
50.3269806
50.4321861
56.7377853
56.9114037
52.6917343
50.3745079
60.2371063
60.2195778
60.6522217
61.3377113
61.9678688
76.1232071
80.0522156
71.9187775
63.7311554
60.8312988
66.7651978
64.0181732
61.3780708
105.867088
118.496719
140.785049
160.199371
161.635422
219.118958
177.942139
122.628418
78.0621872
65.839241
142.610077
338.65155
213.995941
102.878731
65.0737839
62.6188393
61.2281952
37581.3125
110.430771
124.092873
114.193123
103.705978
100.278358
102.180138
102.236404
100.937805
100.962242
100.830521
100.41983
100.335915
100.293396
100.280716
100.27784
119.003807
124.571236
118.17424
106.910568
101.460388
100.358711
112.345757
113.52314
106.758781
101.631096
107.497833
244.550446
269.346191
177.748505
118.895226
101.851562
100.405762
100.275726
101.620468
101.788116
100.654877
100.275902
100.275795
100.275414
100.274918
106.054611
104.188156
101.241066
100.273178
100.290649
102.460068
102.168221
108.629509
140.675339
171.323288
153.081329
178.674911
188.500946
139.238251
122.55571
141.759659
194.358673
172.340698
127.407524
183.83728
148.111237
53.8168564
40.6693306
41.0652199
40.866703
40.5653038
40.3654633
40.3654633
40.3654633
40.3654633
40.3654633
74.909523
180.146927
532.463135
355.550415
219.399323
300.833374
192.800339
77.9345322
40.3654633
40.3654633
40.3654633
40.3654633
40.3654633
317.27829
281.784302
126.232002
59.5283585
49.2898788
69.1000443
72.8943939
116.227104
104.768471
103.775238
102.739342
152.113129
146.781509
158.367325
141.711182
110.550941
100.365463
154.33429
262.796265
282.095581
189.990891
115.122162
100.365463
100.365463
100.365463
110.048241
136.067032
126.361931
105.802612
174.513275
278.178284
226.617523
239.969757
265.099701
187.370255
197.883316
173.988602
120.735031
101.250397
100.737991
100.364098
100.355286
114.325706
107.247292
102.447647
162.159637
197.805252
338.09317
265.614868
147.167526
101.414932
100.433899
100.257767
100.257011
100.252319
100.233803
100.222359
100.217125
100.620201
100.232315
100.212555
141.722824
174.800797
142.346313
109.951584
105.982712
103.299919
101.274788
50.1262131
50.1131592
50.1046715
50.0966568
50.0891342
50.0822029
50.1087494
125.384308
340.067902
298.312134
132.733734
58.7092896
83.0813141
1035.67371
1261.73035
630.530396
146.12323
50.1254044
50.4868736
50.1269836
50.0843735
50.0379562
50.0357666
50.037262
50.0392838
50.0418396
50.0448685
50.0483704
50.0523529
50.0569267
106.067741
235.651337
505.644043
502.392944
270.801208
128.643585
100.184105
100.165115
100.902817
100.280128
100.237442
100.20092
100.20816
100.217392
100.22699
100.235771
100.244896
100.254372
100.263512
100.271957
100.280121
100.28759
100.301674
100.308807
100.307861
100.315102
100.321243
100.329628
100.334076
100.336983
100.342819
100.301628
100.310699
100.339355
100.344749
100.333755
108.230202
103.352135
101.382622
103.073441
101.190094
104.650414
58.0440102
61.6011353
61.952858
63.5284195
105.546219
51.7377548
50.3473892
50.3471375
53.0194664
51.1834679
50.7059784
50.3456535
50.3453979
50.5496254
50.3445854
55.3149567
52.1140366
55.7877274
107.637367
105.779587
107.530098
117.960701
110.753563
103.372368
112.801483
116.567101
124.65686
111.95369
103.702568
100.232712
102.210236
102.180763
100.717674
100.341644
100.230011
101.043419
100.294853
100.245155
100.250435
105.773293
102.257744
100.98793
101.191383
131.982147
146.061676
215.388123
277.409729
246.972382
155.07579
92.6587219
80.5262527
80.3316574
80.3317566
80.3318787
80.3317947
80.3316193
80.900116
80.3311691
80.3307266
80.3302917
80.3297043
80.3292923
80.3287506
80.3280029
80.3269653
80.326622
80.3257217
80.3247375
80.3239441
80.3229065
80.3218155
132.00592
175.949249
161.087097
122.735161
263.363159
259.166687
221.699829
145.952148
125.966942
103.838867
100.545959
100.725861
100.456207
100.342758
100.342934
101.276428
101.778587
100.845215
100.368271
100.343025
100.342865
100.342705
100.342545
100.342186
100.341927
100.341415
100.341141
100.340393
100.339928
100.339149
102.589272
138.932816
143.487427
137.915375
120.579193
105.923103
131.734482
242.769119
303.824585
181.607162
92.4873962
63.2558403
60.6496964
60.2762947
60.4810143
60.6155128
60.4100761
65.083786
96.8407898
111.635956
96.0459137
71.5913467
62.1548767
60.2618675
60.2618446
60.2617645
60.2615013
60.2614937
60.7804451
60.490078
60.33638
60.2752419
60.3165512
60.281105
60.2738838
60.2564926
60.2558861
60.3093414
60.5588646
36484.1172
122.261154
113.601234
103.751297
100.264511
140.139771
128.570633
108.988579
100.248146
103.879578
102.892357
101.480484
109.480186
106.493988
102.152847
232.64328
195.017715
494.080933
448.104889
527.3396
325.938049
178.126068
262.861847
210.314224
134.692276
104.627808
102.411346
100.723656
105.825584
104.228073
120.331177
386.669891
650.236816
592.710205
692.213135
458.378052
228.809906
482.046051
444.886108
161.941162
142.521927
113.207985
107.878387
123.489914
117.164612
115.045456
110.268044
102.937241
100.2743
100.274178
100.291512
100.273476
100.273262
124.078369
191.782089
168.883072
118.572433
118.817375
232.385925
593.471252
568.170166
284.219116
122.920731
100.365463
272.532623
193.330215
159.221848
170.646652
202.100769
221.972137
210.878082
203.282913
176.945312
130.308838
120.921425
110.568153
102.236237
100.365463
100.365463
100.365463
100.365463
100.365463
100.365463
100.365463
100.365463
100.365463
100.365463
100.365463
100.365463
100.365463
45.3058586
45.3396301
102.778793
100.709991
100.426453
100.365463
100.395599
100.375038
100.365463
100.365463
100.365463
101.698097
103.385124
102.267845
100.53981
100.365463
100.667923
100.461548
100.365463
100.365463
101.918915
103.345345
101.945763
135.684174
135.676514
115.204132
175.946808
244.273499
379.136047
386.941803
227.045746
119.337509
100.365463
100.357216
100.350494
100.351921
100.360977
100.324516
100.335388
100.32444
100.313705
100.321365
169.929718
350.285461
513.12085
437.322968
223.306625
120.411987
100.266434
100.367233
100.252068
100.221146
100.217667
142.388489
257.727661
452.664551
450.286499
271.882233
136.863602
102.806931
100.122002
100.083084
100.099716
54.5024529
52.4975471
134.550293
673.710205
579.865784
211.365845
52.0868721
102.628395
100.151482
100.120369
100.086647
100.049614
100.045784
100.042572
50.0399818
50.7718124
50.0904655
50.0446167
50.0337753
50.0334053
50.0335503
50.0341911
50.0354424
50.0752716
50.1150208
71.7379761
89.108139
70.1787109
55.9984436
100.116768
100.130569
158.019623
173.582825
131.131607
105.594177
100.173073
118.77047
108.702316
102.897415
100.178818
100.187294
100.196198
100.204773
100.229485
100.227737
100.22921
100.236679
100.244507
100.252121
108.205795
102.690613
101.084717
100.277534
100.282372
100.289726
100.298439
100.298172
100.295639
100.303223
100.316185
100.309296
100.361694
50.3011932
50.3114357
50.3192062
50.323391
50.3261909
50.3258591
53.4637985
51.0934639
50.6301727
50.3243523
50.3238831
50.3235359
50.323082
50.3226357
50.3219109
50.3217392
50.3213844
50.3206635
50.3202553
50.3199234
50.3193932
50.3188896
50.318161
50.3177528
50.3170509
50.3165627
50.3159332
50.3154297
100.2033
104.29615
103.090553
101.125374
100.384132
100.222443
100.197548
100.19725
155.826538
143.112732
113.942596
100.197647
100.196991
100.196663
50.1961021
50.1957207
50.1958313
50.2173195
50.1951141
74.7301941
66.167038
55.4734116
50.1932068
50.192791
50.1928062
56.9529953
53.1227036
51.2171059
51.6031075
50.4629211
50.3134384
80.2921143
80.2912979
80.2903824
81.3763657
80.4251251
80.3390121
80.3403549
86.2341309
103.597847
151.195938
260.860077
325.800964
251.703949
149.87442
100.937355
83.8096771
81.4577637
80.2850571
80.2852554
80.2851944
94.8580704
89.6791306
83.5378113
80.2838058
80.2832336
81.3189087
80.3015289
80.2808838
80.2801514
80.2794647
100.278389
100.277199
100.276291
128.272446
124.612083
107.908363
100.291748
100.272072
100.271179
100.270149
100.269005
100.268188
100.267296
52.3681755
80.9235611
90.7171783
71.3276443
93.0098877
144.710083
148.356583
138.777832
134.559357
109.09758
73.2923279
54.0670013
50.2656822
80.1708145
476.955566
733.140259
603.345459
343.279846
118.012222
65.3024521
60.6598167
60.2992325
60.283535
60.282856
60.2828751
60.2831039
60.299469
60.2996101
104.919235
93.3114471
70.6347275
60.283432
60.342659
60.2902565
74.4975128
68.0609818
62.7642097
60.2832642
60.2832603
60.2834854
93.5069351
82.2129822
67.176651
62.2651596
232.250702
182.33255
100.087692
61.8118515
140.524139
270.014099
256.109375
278.579712
174.73201
97.6994705
70.2828217
70.2828979
70.2982254
70.2823868
70.2820358
70.2818069
70.2816391
70.2815018
70.2816086
71.4098816
71.3837585
70.6066742
94.1360016
88.5651245
75.6377182
70.2805557
70.2964401
70.2800064
70.2797928
70.2796021
70.2796478
70.2958298
70.2791519
70.2788239
70.2788467
11.188756
91.8732605
100.638222
100.277596
100.277596
112.442223
109.244461
103.212936
103.716919
102.867981
100.897659
112.263031
179.478546
199.04808
146.657639
109.466789
100.274048
50.27388
52.016098
80.1959076
78.2226334
61.5541573
57.7624855
54.5813332
51.3666992
50.2710838
87.1952744
76.1156158
169.463135
117.162163
70.7652664
40.86026
40.3653107
40.3653107
40.3653107
40.3653107
40.3652077
40.3651543
40.365036
40.3648987
71.8607483
63.8118668
47.9475555
40.9675255
49.0124512
163.934006
163.414322
90.018898
47.6630745
40.6125793
40.3649406
40.4200325
40.6010513
40.4916458
40.8508148
40.8370247
40.5694351
40.3653107
40.3653107
40.3652077
40.3651543
40.365036
40.3649979
40.3648987
41.2431374
42.3542976
41.5801277
40.4684677
40.3643723
53.0152512
68.9757233
63.5128555
48.7142067
41.2330589
40.3635902
40.3632545
40.363121
40.363121
40.3628845
40.362709
40.3626556
40.3625374
44.044075
45.2763062
42.5957336
40.5367126
40.361599
40.5346832
42.3268967
42.0216026
40.5089226
40.3532944
5766.74561
100.359238
120.71666
158.460449
137.572205
109.808228
100.305687
100.301865
100.301086
100.287849
102.306801
101.060089
100.524765
100.250267
100.24189
100.233147
100.919792
100.386047
100.294403
100.215797
100.211426
100.198395
100.15892
100.146439
108.216843
103.74427
101.115295
100.076859
100.093773
100.083755
50.1091614
50.163002
50.1575928
50.7595291
55.3832321
56.7479134
67.7001266
73.1576538
101.587227
80.1639709
58.1854782
50.0290337
50.0242271
50.0194054
50.0145607
50.0105324
50.0075798
50.0466614
50.0468102
50.0045738
50.0387459
50.038044
49.9983788
49.9957237
50.032795
50.0692711
50.0333366
49.9970207
49.9971886
53.3878174
50.9403496
50.3315659
59.3371658
100.753571
117.508026
81.2024002
56.79842
50.1461182
50.1202393
50.118412
50.1203117
50.0971489
50.0962524
50.0999336
50.1226349
50.1283226
50.116291
50.1213264
50.1281548
50.1356201
50.1440086
50.1525345
50.1604996
50.176239
50.1866341
50.1843338
50.1834602
50.9790421
50.2856522
50.2430916
50.2078018
50.212429
50.2005081
50.2242203
50.2291756
50.2188721
50.2490387
50.2514954
50.2536392
50.2539635
50.2532349
50.2526741
50.2525635
50.2518349
50.2512665
50.2509003
50.2502251
50.2497292
50.2491989
50.2486496
50.2481461
50.2474365
50.2469978
50.2463303
50.2456894
50.2449226
50.2443962
50.243557
50.2429886
50.2425003
50.1285744
50.1280327
50.1276932
50.1271324
50.1265602
50.1257858
50.1249771
50.1238785
50.1222839
50.1204948
50.1195869
50.1192017
50.1185036
50.1177559
50.1174889
50.1165276
50.1158371
50.1153412
50.1143684
50.1137314
50.113266
50.113327
61.881813
57.8342171
52.5930786
50.3075104
50.1121712
50.133461
50.1578789
50.1093254
50.108448
21.6578255
77.1424942
82.4840622
80.2114792
80.2101898
80.2088394
80.2788925
80.2061539
80.2047806
80.2034988
80.2021255
80.2007065
80.1991653
80.1977615
80.1961899
80.1945114
80.1926804
80.190918
80.1893234
80.4184952
80.1880188
80.1849518
80.1833801
80.560936
88.2788467
87.2415619
82.8709183
80.4640808
57.4246101
110.692863
112.69062
50.1698952
50.1685143
51.1018791
51.2558479
50.4751129
50.1634789
50.1621284
50.1737404
50.1635361
50.1579285
50.1566238
51.7623634
88.7841187
118.733505
108.801918
75.7301254
54.9462128
50.1486588
50.1474075
54.0500221
86.7415924
93.6192856
70.0735397
10.0803213
43.2684097
53.2769279
53.620842
10.0777817
91.2159348
50.1350098
60.0471649
66.9093399
76.8319168
122.581657
158.129013
124.904282
110.554657
168.544983
222.074875
162.494781
87.03759
61.5501328
60.0733223
67.5787277
84.5184631
82.4103394
87.3548279
74.9530487
64.2311096
127.540802
147.723312
101.560616
67.5882568
60.1435585
88.4735107
119.845276
158.923111
235.505615
222.766663
127.714363
29154.9902
117.26059
112.953903
107.29776
120.20343
113.52298
103.953804
100.271866
100.223007
102.332306
105.545578
109.26123
170.732071
157.348312
267.207672
200.667389
179.857758
216.123566
272.469055
183.315613
119.956711
100.253975
100.273491
100.259995
155.018616
154.53862
248.082565
276.278046
245.351166
159.497787
113.2258
222.746429
228.593201
155.898483
111.106712
101.620949
101.4524
100.875542
100.637238
100.353035
100.27713
127.929367
206.132172
197.496597
379.335693
256.543457
141.647186
103.338432
104.082588
169.112396
188.524384
146.771957
121.85218
109.382301
140.404007
135.014069
113.278954
103.984528
103.050613
101.737106
120.637589
115.833786
112.807281
121.405045
90.567543
56.9494057
43.4998856
40.4362144
140.191193
140.100708
102.076454
63.9214821
46.9355278
43.6716042
45.3301926
43.1317863
41.1289749
41.2562256
41.504406
61.5424957
58.5186348
46.5004234
43.9893913
89.5802383
82.5003281
52.6944656
40.3654633
105.101479
99.3541718
158.389877
61.7332649
109.899124
107.415253
109.202934
105.391289
144.549835
180.716522
160.894501
142.353622
156.457794
322.173218
354.500153
272.185333
226.64444
163.200485
112.5466
100.452896
100.785866
103.180298
103.582832
100.689713
100.632561
100.450317
100.365463
100.365463
101.130676
127.467735
125.762321
116.550827
151.880539
141.053436
149.417053
