0.0
0.0
0.0
0.0
0.0
0.0
0.0
0.0
0.0
0.0
0.0
0.0
0.0
0.0
0.0
0.0
0.0
0.0
0.0
0.0
0.0
0.0
0.0
0.0
0.0
0.0
0.0
0.0
0.0
0.0
0.0
0.0
0.0
0.0
0.0
0.0
0.0
0.0
0.0
0.0
0.0
0.0
0.0
0.0
0.0
0.00315992348
0.00484181195
0.00484181195
0.00484181195
0.00484181195
0.00484181195
0.00484181195
0.00484181195
0.00484181195
0.00484181195
0.00484181195
0.00484181195
0.00484181195
0.00484181195
0.00484181195
0.0
0.0
0.0
0.0
0.0
0.0
0.0
0.0
0.0
0.0
0.0
0.0
0.0
0.0
0.0
0.0
0.0
0.0
0.0
0.0
0.0
0.0
0.0
0.0
0.0
0.0
0.0
0.0
0.0
0.0
0.0
0.00484181195
0.00484181195
0.171992049
26.4556999
39.8145828
56.9918289
38.4908981
13.4688435
10.0025015
2.46872258
0.00499791279
0.00499782432
0.00499782432
0.00499782432
0.00499782432
0.00499782432
0.00499782432
0.00499782432
2.79941678
8.77523804
5.98056221
1.82335341
0.00499782525
0.00499782432
0.00499782432
0.00499782432
0.00499782432
0.00499782432
1.3134166
0.936419964
0.41455546
0.19420284
0.0607782565
0.00499782432
9.60974503
9.725914
2.97129059
0.00499782525
0.00499782432
0.0109178042
0.00687848683
0.00499782432
0.00499782432
0.00499782432
0.00499782432
0.00499782432
0.190458745
0.415071666
0.122163057
0.0778528452
0.267593056
0.0817852542
0.191898048
0.413472205
0.606844902
0.712641597
1.71839559
1.80830431
7.20268917
7.28439713
2.22168922
0.0
0.0
23.4243183
25.2771549
13.9383411
21.412426
11.88624
3.20069313
12.1699438
34.0247688
20.4039211
18.1942558
11.9139929
5.16998482
0.0436520278
0.0
0.0
0.0
26.7804432
96.3454361
102.256714
43.7324524
10.4904003
39.260807
19.7813416
10.7700634
9.93641663
0.838003457
0.0
0.0
0.0390999094
0.132239982
0.543245673
3.31570816
6.03529072
11.5715408
36.3566933
16.3266411
9.94129467
108340.031
99.9527969
99.9530334
99.9530792
99.9532547
99.9538116
99.9706268
100.010117
104.540993
103.8601
101.034714
100.206978
146.212006
174.174316
167.756958
149.116562
136.066772
125.029732
113.389061
104.255875
100.861481
100.23774
100.029068
100.468216
100.740395
100.174561
99.9784622
99.9782944
99.9784698
108.085335
136.760422
160.642914
144.398987
208.599564
207.114014
173.08606
157.641434
137.557709
112.863525
107.500679
106.054497
102.31115
100.360931
100.188652
100.149582
114.701271
113.656898
103.917458
100.939529
101.355766
100.401886
100.083809
100.064201
100.158867
40.1570892
41.9171066
41.5153313
47.0568161
47.4583855
44.7029839
54.8158188
103.027328
199.805328
195.587982
106.413544
51.2241325
133.220734
149.49353
98.1519012
55.1901245
54.3121033
48.8020592
42.967762
40.2615166
40.2629318
40.2637482
40.263958
42.4691772
146.489639
148.041382
82.8969803
52.0700607
44.6508102
41.6386108
40.2869682
40.2878265
40.2881317
40.2881699
40.2880516
40.7550468
72.5359039
64.7269897
47.0083351
59.0285416
60.405056
56.0486984
46.9518738
41.4229469
122.535583
104.624939
59.5065765
42.431179
41.1248894
40.3534355
40.2966042
121.152771
197.868683
124.049004
137.413757
197.804016
156.509888
81.0423889
46.2301102
40.9994431
40.381031
10.1769323
90.4944534
100.322769
100.316544
102.727509
114.349823
243.587189
281.509827
174.187973
113.002396
100.305603
100.284294
100.27597
100.256775
100.248024
239.88385
205.812119
131.82695
361.180176
384.492737
204.749252
113.240204
100.157417
100.163521
100.154625
114.861847
197.836166
175.429001
121.265305
100.121674
100.168739
100.134125
103.390015
82.522171
194.233521
187.889862
100.453056
331.927368
260.71814
149.101974
100.05101
100.085114
160.034515
203.859528
238.633423
183.240662
334.0625
542.213013
599.513367
533.61908
585.334961
392.44577
204.992813
100.039642
100.042137
100.081703
100.122299
100.091942
100.059341
100.093559
101.804886
160.709793
187.727844
138.372879
178.822357
159.763138
120.309364
101.898788
121.295219
110.50251
106.645149
101.050972
100.586929
100.801483
100.229614
100.216888
100.213837
100.21714
100.220276
100.222565
100.223763
100.224609
100.224731
100.225296
100.225601
100.49897
100.233879
100.227425
100.227341
100.224953
100.221718
100.176781
100.201538
100.186829
100.193886
100.218628
100.512573
100.844788
100.315292
100.266846
100.215057
102.481567
51.1733551
52.4896011
51.0665131
50.4593925
51.1386528
51.1884766
50.450531
50.2868843
50.201046
50.1994896
50.19804
50.1965256
50.1947746
50.1930618
50.1913986
51.9669685
50.989212
50.4601097
100.09938
100.073639
100.072128
100.070557
100.069199
100.067696
100.066391
100.064926
100.0634
100.922874
100.549232
100.649849
100.086006
100.066193
100.053925
54.4761467
65.2164307
58.9583931
52.8473396
50.0654716
81.4493713
113.14621
85.7387238
59.3866653
50.0353012
51.1631241
51.2042198
52.5263062
50.8167915
51.002636
50.1463966
80.1289368
80.3786316
80.1199875
80.1174316
80.115036
80.1128387
80.1105194
80.108551
80.1066742
80.1049194
80.1035614
80.1021957
80.1011429
80.1002274
80.0991898
80.0981827
80.0972824
84.6375122
117.702644
128.289856
105.130486
115.532494
289.973511
261.891418
258.345703
162.654663
105.597923
80.9166718
80.1620331
80.1648407
100.247116
100.473816
100.257439
100.163902
100.162086
100.323395
100.719826
100.362282
100.166916
100.152573
100.150192
100.14798
50.1744347
51.0616264
149.656982
288.927124
358.240173
445.055969
542.948364
446.634674
258.937744
164.191895
120.46508
112.41024
185.717331
239.883209
194.565994
128.048996
103.098259
101.740875
100.718597
60.2824745
60.2983093
109.884628
101.698059
73.3186569
60.2992783
142.044449
289.550659
199.264786
97.51754
60.378273
60.2834167
60.2990189
60.2990723
60.299057
60.2990913
93.1789322
259.480835
500.319702
416.959167
230.231262
116.529045
110.449806
480.457703
564.421814
319.890808
171.346375
106.380272
73.8198242
60.2834816
70.2833481
70.2832794
70.2832184
70.2831421
70.2830658
70.2829819
70.2828979
70.2827988
70.2826996
70.2826004
70.282486
70.2825546
70.2979584
70.2821808
70.2819977
70.2820358
70.2977066
74.4739456
73.7165909
71.1505203
70.2797852
70.2785034
144.977814
165.487366
114.537292
78.3276749
72.9033508
87.7678375
100.95752
86.7150726
74.4279556
51.0126953
50.5253105
50.3449593
50.3039513
50.2706451
50.2694778
50.2681046
50.2666588
50.3558502
50.7065773
50.8571014
50.4018021
92.9348221
80.1829605
58.9666481
50.6322975
52.4323235
173.147079
161.199524
94.7594299
56.8315735
50.2527084
50.2532959
53.6882706
53.3196945
51.0235519
50.2515602
51.0641136
51.4724541
51.8376579
63.6664658
48.7958603
77.06073
75.1908798
325.988281
234.515732
286.875977
298.150879
245.236908
177.786972
102.150986
60.0815468
465.45636
882.610596
565.992249
159.259567
40.3654633
40.3654633
40.3654633
40.3654633
40.3654633
40.3654633
40.3654633
45.4958878
107.240654
300.239685
336.234833
493.566498
533.775024
331.777283
155.545303
630.168518
868.358459
809.319763
769.171814
777.240295
698.558472
444.147522
405.690247
436.561401
401.00882
162.480652
100.365463
100.365463
100.365463
100.365463
100.365463
100.365463
100.365463
100.365463
100.365463
100.365463
100.365463
115.588242
131.32724
119.145874
103.815826
100.365463
100.365463
100.365463
102.288887
105.140335
101.829536
100.840576
101.881065
101.486893
100.728676
100.382454
100.325882
100.316124
111.038368
106.009476
102.034477
100.612709
100.310791
279.56427
275.020508
152.836472
109.6409
104.705513
101.67823
100.225487
100.220009
100.209206
104.184059
102.368195
100.978775
100.148018
100.109161
100.093002
100.082741
110.563408
54.8864594
51.636467
50.1659698
50.1596107
50.1213989
50.0836296
50.0754547
50.0693245
50.0638123
50.9514847
100.820251
90.1330566
62.0933647
50.0906906
50.0766602
50.0721359
50.0335922
50.0300789
50.0275116
50.0252342
50.022644
50.0201912
50.0181885
50.0157509
50.013855
50.0120239
50.0104561
50.0092239
50.0088234
73.9803391
115.698174
105.316895
100.191788
100.058792
100.057709
100.084183
119.30629
111.669991
103.710014
100.078606
100.058266
100.056732
100.056244
100.05584
100.055687
100.055908
100.056641
100.056976
50.0579796
50.0665894
50.0625038
50.0583496
50.0577316
50.0582275
50.059845
50.7730827
50.1579437
50.112793
50.0681381
50.0710945
50.0748711
50.074707
50.0827827
50.0916519
50.1022568
50.0866928
50.1146011
50.1163483
50.1157417
50.1149826
50.114315
50.1137085
50.1131821
50.1124802
50.1118164
50.1110916
50.1106682
50.110096
50.1096077
50.1089058
50.1083603
50.1078758
50.1073227
50.1648483
64.0003433
59.6582184
53.1068497
50.1047745
50.1043053
49.9866791
49.9859505
49.9854965
49.9851761
49.9848137
49.9843788
49.984108
49.9838791
49.983532
49.9832687
49.9828186
49.9810257
49.9779282
49.9770126
49.976635
49.9763565
49.9759674
49.9756546
49.9754028
49.9750252
49.9747772
49.9757919
50.1923561
49.9790688
49.9998627
49.9736519
49.9741631
51.7288666
51.6303673
50.5879402
50.1095467
50.0861893
80.0851364
80.0841599
80.0829468
80.4784393
80.0892487
80.0798264
80.0785751
78.5981293
10.0476875
70.1038361
80.0739059
87.2467422
85.0248947
124.08107
116.15406
91.3325195
80.0674438
80.0663986
80.0654144
82.0894928
83.7116928
10.3207483
72.3130188
80.06147
89.8025208
88.4619904
83.2696533
82.6690903
81.5291977
80.5828476
53.6681519
53.4488831
53.586895
52.6865692
51.7326775
55.2582626
59.7977715
101.036469
94.1689148
121.147377
462.934967
657.813232
406.900513
126.034973
53.7590027
104.199677
102.484062
101.90831
100.749985
50.3019981
50.3009109
50.2988358
50.2962379
50.2932281
50.2896423
50.3053589
50.3900032
55.8532524
56.3194847
52.4391594
50.3219528
60.1962166
60.1757584
60.5819664
61.2272949
61.8233604
74.1641464
78.5754547
71.4418411
63.6319351
60.7605247
66.1822433
63.9446907
61.3033981
102.929703
118.542664
144.057098
170.644577
176.42923
245.1315
203.047668
133.030838
79.9985275
66.1563797
152.91452
354.98465
234.72496
108.986618
65.5954361
62.8559456
61.3118706
21557.5684
110.613998
124.487762
114.366997
103.739449
100.266884
102.222092
102.254974
100.928131
100.95652
100.812325
100.400864
100.316673
100.272781
100.258583
100.253838
117.78009
123.09465
117.186218
106.575089
101.369186
100.319702
111.60762
112.885933
106.47673
101.553902
107.04705
248.451935
277.174774
184.83873
120.985817
101.978867
100.380684
100.241707
101.644745
101.781418
100.623215
100.240845
100.239746
100.238144
100.236504
105.799164
104.060608
101.171173
100.229523
100.245506
102.290428
102.058754
108.030418
138.678741
171.618866
154.969803
180.845367
193.40416
143.037781
123.992188
144.336823
201.114868
178.975525
129.869888
192.636902
153.301804
54.8822594
40.6843414
41.1568489
40.902729
40.5609245
40.342926
40.342495
40.3420296
40.3415604
40.3408737
74.1306305
185.89946
666.889465
471.013977
274.173706
374.47879
274.275513
98.9138412
40.3654633
40.3654633
40.3654633
40.3654633
40.3654633
335.945923
319.446838
136.684586
59.2339096
49.148159
68.0739441
72.2974625
115.908295
104.553902
103.635498
102.587776
149.702545
145.095413
156.963654
141.136154
110.35627
100.365463
152.609161
264.911163
295.172424
194.331451
116.05851
100.365463
100.365463
100.365463
109.33091
134.379333
125.547775
105.796532
174.314178
283.618011
232.567551
252.615723
283.92865
198.041946
205.988846
179.943542
123.095665
101.351517
100.800491
100.364098
100.355286
113.600288
107.140388
102.465454
159.937302
196.619965
360.634399
285.12915
154.025467
101.377762
100.426666
100.257767
100.257011
100.252319
100.233803
100.222359
100.217125
100.580956
100.232315
100.212555
138.528748
170.217621
139.934128
109.416557
105.608566
103.110161
101.205467
50.1262131
50.1131554
50.1046715
50.0966568
50.0891342
50.0822029
50.1087494
116.010742
324.837036
285.735443
131.692307
59.2623024
81.4225006
1075.89368
1314.13342
646.381775
146.124283
100.125412
122.866081
139.001404
100.084366
100.037956
100.035751
100.037262
100.039276
100.04184
100.044868
100.048378
100.052353
100.056915
105.100655
218.048355
465.157898
472.528137
261.178925
127.77697
100.184113
100.165115
100.855286
100.275352
100.234283
100.199348
100.205147
100.212395
100.21962
100.224632
100.229324
100.233673
100.236946
100.239204
100.241386
100.242516
100.250351
100.25116
100.242897
100.24276
100.241905
100.243378
100.2416
100.240715
100.243103
100.196602
100.202408
100.229729
100.234367
100.221939
106.573425
102.486938
101.005577
102.473145
100.863686
103.709846
106.412834
109.291527
109.623009
111.065063
104.386749
101.336426
50.2237892
100.222328
52.4809952
50.895813
50.5091171
50.2162361
50.214653
50.3850632
50.2115135
54.3030052
51.6407051
54.6749878
106.250633
104.753746
106.255966
115.257973
108.910622
102.750687
111.10022
114.403755
122.101753
110.445488
103.198769
100.080322
101.916771
101.902061
100.535988
100.176926
100.06955
100.821976
100.127655
100.0783
100.083496
105.160889
101.967033
100.780128
100.947357
130.030273
144.066925
228.30928
286.748596
261.472076
163.189056
94.2737198
80.3492889
80.1861649
80.1881256
80.1888351
80.1887131
80.188652
80.6785736
80.1870041
80.1859512
80.1844788
80.1827164
80.1807022
80.1784363
80.1760788
80.17379
80.1711502
80.1684418
80.1654892
80.1625214
80.1593018
80.1562347
128.141449
174.655228
163.465088
124.896019
295.022644
296.453186
240.501404
151.174423
128.041443
103.972878
100.455383
100.650528
100.372368
100.25914
100.258492
101.083229
101.677803
100.731018
100.274597
100.251152
100.248466
100.246094
100.243706
100.241127
100.238335
100.235321
100.231583
100.228271
100.2248
100.221222
102.085289
133.169693
139.276855
134.18399
119.583229
105.391632
129.161331
243.792999
321.063293
197.406052
96.4432831
63.2244873
60.5318642
60.1963043
60.3855972
60.4985237
60.306797
64.4723587
93.827652
108.605576
94.0808563
70.9099655
61.9293938
60.1751938
60.1734238
60.1711655
60.1684189
60.1655998
60.6199799
60.3432655
60.2126617
60.1667557
60.2035027
60.1661415
60.1557732
60.1348953
60.1305084
60.178894
60.3822746
33050.5547
120.27243
112.272705
103.241112
100.119202
138.246216
127.13073
108.221909
100.094482
103.607834
102.727119
101.276772
109.077881
106.254005
101.916344
251.676636
202.417526
548.039978
521.334412
562.550415
341.494385
179.470673
257.629547
203.283356
132.592133
104.121986
102.11084
100.651352
105.032379
103.678635
117.48307
373.806763
629.036011
626.614685
718.744995
515.129822
460.094971
677.732544
452.21756
184.817474
141.068634
112.347374
107.236465
121.785362
116.336594
113.730026
109.759079
102.735596
100.2743
100.27417
100.291512
100.273476
100.273262
120.997696
183.871643
162.214386
116.373962
116.917763
223.889862
597.756042
619.632568
297.25708
123.298492
135.806015
352.950165
187.173157
155.635071
167.047379
198.213867
222.767578
196.236206
203.015884
178.297226
130.297287
119.54055
109.885071
102.108727
100.365463
100.365463
100.365463
100.365463
100.365463
100.365463
100.365463
100.365463
100.365463
100.365463
100.365463
100.365463
100.365463
44.4061546
44.4606247
102.350388
100.645897
100.415146
100.365463
100.389671
100.373154
100.365463
100.365463
100.365463
101.413795
102.721252
101.833275
100.498566
100.364876
100.600258
100.439392
100.36441
100.364265
101.561111
102.62429
101.551468
126.561462
126.63604
111.575111
159.321594
216.530304
355.448975
371.8638
226.876144
119.571815
100.365463
100.357216
100.350494
100.351921
100.360977
100.324516
100.335388
100.32444
100.313705
100.321365
165.27121
359.919495
571.393433
486.377563
241.740723
120.955238
100.266434
100.359726
100.252068
100.221146
100.217659
139.695312
261.937958
454.406219
458.985229
278.606262
138.10051
102.738464
100.121994
100.083076
100.099716
54.1612358
52.3128967
128.455841
674.860229
588.532837
214.201248
101.923943
102.472275
100.14814
100.118782
100.086647
100.049606
100.045784
100.042557
100.03997
100.711464
50.0904655
50.0446167
50.0337753
50.0333977
50.0335464
50.0340843
50.0350456
50.0742455
50.1127014
67.2297363
81.0069275
65.5080795
54.7574539
50.1028366
100.113388
148.159103
160.93483
124.807518
104.504303
100.130363
116.76857
106.972336
102.283081
100.112457
100.114578
100.117226
100.120003
100.13903
100.131027
100.126076
100.126961
100.128258
100.129303
107.021652
102.009987
100.753891
100.131828
100.131371
100.133568
100.137268
100.132256
100.125084
100.128151
100.139961
100.126694
100.177437
50.1238861
50.1333618
50.1410751
50.1448975
50.1473274
50.1463928
52.804657
50.7544441
50.3814125
50.1426392
50.1417084
50.1406326
50.1395607
50.138485
50.1374931
50.1364365
50.1352081
50.1342087
50.1331673
50.1321831
50.1311035
50.1300278
50.1288338
50.1274338
50.1263008
50.125164
50.1241264
50.1229858
100.010506
103.387497
102.460762
100.821442
100.169594
100.027679
100.002632
100.002121
151.702423
140.024994
112.567551
100.002266
100.001976
100.00164
50.0013199
50.0008354
50.0008507
50.0227699
50.0004272
74.3474884
66.2378235
55.2913933
49.9990463
49.998558
49.9986839
56.7140732
53.1856117
51.1093178
51.3010025
50.3033218
50.1341362
80.0992203
80.0983734
80.0975418
81.0548782
80.2273254
80.1453857
80.1390228
85.6676483
102.874481
154.592148
306.75296
391.498718
307.63208
173.853394
105.7061
84.137291
81.3976135
80.1896286
80.1911697
80.1911163
94.7230377
89.5245514
83.4186783
80.1857681
80.1834793
81.0803299
80.1989288
80.1753922
80.1722794
80.1691971
100.165741
100.162308
100.159225
127.10334
124.409073
107.654045
100.164192
100.147644
100.145477
100.143036
100.1409
100.13826
100.135635
102.100777
129.245422
90.6788025
71.8490067
93.3910141
152.074005
161.806854
153.215942
149.400085
119.109276
76.7667618
54.4548569
100.181793
81.0167389
584.190552
879.604126
724.403687
355.893616
119.329498
65.3831329
60.6050911
60.2992325
60.283535
60.282856
60.2828751
60.2831039
60.299469
60.2996101
100.296501
89.4262161
69.3238068
60.2833099
60.3363342
60.2888794
72.6046448
66.8610687
62.34515
60.2793427
60.2777977
60.2758675
88.5915604
78.0453186
65.75383
61.8702393
222.942703
166.843933
94.5319443
61.6423225
136.928741
262.505219
250.41745
281.668091
174.962021
97.6273041
70.2828217
70.2828979
70.2982254
70.2823868
70.2820358
70.2818069
70.2816391
70.2815018
70.2816086
71.3531342
71.3084488
70.5751038
92.0811996
86.066803
74.8120117
70.2785187
70.2935257
70.2761917
70.2747726
70.2733688
70.2716522
70.2859039
70.2672653
70.2649536
70.2625885
51.1745071
51.4112816
50.5446548
50.2530251
50.250824
60.4965439
57.5117149
10.4136152
45.2915688
52.3690224
10.0812893
50.9631729
119.526054
139.482849
91.8940201
58.5870171
50.2288857
50.2284622
51.7983551
78.4353561
76.1476746
60.5638847
57.236908
54.1865196
51.2259483
50.2221069
86.1056442
73.8470154
166.729523
114.747238
69.9881744
40.807785
40.3218956
40.3223381
40.3221588
40.3215103
40.3202553
40.3191643
40.317894
40.3164673
67.8684616
61.5254669
47.1989365
40.8590889
47.8614655
154.997589
160.522476
90.2816162
47.8944016
40.5627785
40.3208084
40.3742561
40.5335426
40.4349556
40.7755737
40.7434769
40.5001526
40.3199654
40.3189888
40.3178139
40.3166656
40.3155746
40.3143997
40.3129959
41.1004753
42.0815544
41.3761368
40.3976402
40.3055763
51.005825
65.2381973
61.1414719
48.0381966
41.1318207
40.2972641
40.2959747
40.2945061
40.2931442
40.2918968
40.2903481
40.288929
40.287426
43.436451
44.7324677
42.3567543
40.4470253
40.2808876
40.4337959
42.0152168
41.8057747
40.4143791
40.2670479
19693.2422
100.271065
117.259331
151.77272
135.613815
109.335289
100.213478
100.20945
100.208542
100.194885
101.874397
100.957924
100.441879
100.155487
100.146385
100.136963
100.667847
100.299828
100.203827
100.117683
100.112701
100.09906
100.058807
100.046043
106.925537
103.468269
101.005676
99.9741058
99.9902954
99.9796753
50.0048332
50.056366
50.0478249
50.4814224
54.3497429
55.6872864
65.2656555
70.8386078
97.8947144
80.0429535
58.1892815
49.8933449
49.8860893
49.8773537
49.8695946
49.862793
49.8553848
49.8909264
49.8877029
49.8422508
49.8732834
49.869442
49.8266068
49.8212318
49.8556786
49.8893127
49.8503304
49.8114243
49.8089218
52.7228813
50.7372322
50.138485
58.041996
98.1600037
120.184143
85.1572876
57.7295341
49.9374046
49.9076767
49.8992271
49.901516
49.8783875
49.8782158
49.8819466
49.9047852
49.9098511
49.8969841
49.9018593
49.9088554
49.9169617
49.9263344
49.9363594
49.9465599
49.9663239
49.9833031
49.9833717
49.9843292
50.6669693
50.0947342
50.0523415
50.015976
50.0227242
50.0198441
50.044529
50.0499153
50.0399628
50.0709991
50.0740623
50.0767517
50.0773773
50.0772171
50.0769463
50.0767555
50.0765991
50.0764465
50.0761681
50.0759773
50.0758171
50.0756607
50.075386
50.0751953
50.0750389
50.0748863
50.0747261
50.0745316
50.0742569
50.0740585
50.0739021
50.0737457
50.0735893
49.9600525
49.9603157
49.9605827
49.9608154
49.960968
49.9610291
49.960968
49.9606667
49.9596214
49.9582825
49.9582977
49.9585495
49.9588051
49.9589005
49.9591599
49.9594154
49.9595184
49.9597473
49.9597893
49.9600487
49.9603271
49.9613304
60.3863373
57.716465
52.523819
50.1480904
49.9644508
49.9864769
50.0051842
49.963829
49.9637833
20.6107864
77.2880402
82.4685745
80.0695343
80.0690613
80.0685959
80.1236649
80.0673447
80.0668716
80.0662537
80.0657806
80.065155
80.0645294
80.0639038
80.0634384
80.0628128
80.0621872
80.0615616
80.0610886
80.2403717
80.061615
80.0593719
80.0587463
80.364296
87.6239014
87.1528168
82.8391647
80.3589401
130.542679
126.23465
114.40976
100.053741
100.053268
101.143829
101.374146
100.430679
100.051079
100.050613
100.06562
100.054474
50.0488968
50.0482712
51.8661423
96.3000183
137.862991
128.957428
85.8229904
56.8635483
50.0489998
50.0492706
55.065979
98.1569366
108.987206
77.5197601
54.3299103
50.0576439
54.0477295
54.6121559
51.3933678
50.0541649
50.0539169
59.9670143
68.1329422
80.2555389
139.174835
189.944504
148.0513
128.578583
208.637283
281.533447
201.809326
96.9421234
61.9186096
60.1228294
67.4786301
84.2633286
83.1585999
87.4999237
75.8358231
64.5109787
127.77298
154.165131
106.156067
68.5640564
60.1953011
88.334404
121.972366
165.943573
261.557556
257.219055
137.807495
39314.7461
119.431694
113.9142
108.123772
122.669907
114.527626
104.316483
100.313492
100.25737
102.660538
106.040359
109.963135
182.019608
162.528961
289.753357
217.771515
194.649933
242.723175
338.024353
214.277374
126.459946
100.268814
100.285645
100.270012
168.346008
169.846909
305.623169
359.974609
318.911804
193.283981
120.810272
265.835815
289.870178
192.526611
118.997322
102.053368
101.9375
101.037987
100.753265
100.380066
100.27713
128.830643
217.904419
219.748672
452.7547
368.507172
173.021515
103.679977
105.025337
174.769913
207.685059
162.43602
127.44677
112.281006
143.847687
143.622147
117.327339
104.52002
103.687515
101.903664
120.769989
118.559906
115.190536
131.332947
98.6730652
120.702744
104.276337
100.450378
200.110855
154.096313
111.058975
129.529602
108.542198
103.763161
105.604073
103.539612
41.266304
41.2026329
41.5404701
120.315369
59.4709511
47.0034142
43.7858734
146.405731
84.2752762
53.6696434
100.365463
104.694588
95.7566071
100.062729
123.445259
49.7222366
107.785599
109.000908
105.276436
141.51355
179.5858
162.863068
143.834625
160.572037
346.049774
405.027527
312.813416
247.491913
174.56311
115.685905
100.448875
100.754898
102.970161
103.324089
100.662964
100.609184
100.442886
100.365463
100.365463
101.050346
125.175995
124.897957
115.707298
148.859329
140.811829
148.513153
