0.0
0.0
0.0
0.0
0.0
0.0
0.0
0.0
0.0
0.0
0.0
0.0
0.0
0.0
0.0
0.0
0.0
0.0
0.0
0.0
0.0
0.0
0.0
0.0
0.0
0.0
0.0
0.0
0.0
0.0
0.0
0.0
0.0
0.0
0.0
0.0
0.0
0.0
0.0
0.0
0.0
0.0
0.0
0.0
0.0
0.00133139617
0.00468546059
0.00468546059
0.00468546059
0.00468546059
0.00468546059
0.00468546059
0.00468546059
0.00468546059
0.00468546059
0.00468546059
0.00468546059
0.00468546059
0.00468546059
0.00468546059
0.0
0.0
0.0
0.0
0.0
0.0
0.0
0.0
0.0
0.0
0.0
0.0
0.0
0.0
0.0
0.0
0.0
0.0
0.0
0.0
0.0
0.0
0.0
0.0
0.0
0.0
0.0
0.0
0.0
0.0
0.0
0.00468546059
0.00468546059
0.31602326
47.0734634
75.9321899
93.0925369
60.9299774
20.9332218
10.0023451
3.55223012
0.00468546059
0.00468546059
0.00468546059
0.00468546059
0.00468546059
0.00468546059
0.00468546059
0.00468546059
4.51267767
14.0234766
9.52909374
2.9026916
0.00468546059
0.00468546059
0.00468546059
0.00468546059
0.00468546059
0.00468546059
2.11235738
1.5017972
0.662876248
0.324863225
0.0970447734
0.00468546059
15.8732414
12.6650505
8.64503098
0.00468546152
0.00468546059
0.0143942274
0.00776974577
0.00468546059
0.00468546059
0.00468546059
0.00468546059
0.00468546059
0.329943925
0.724420309
0.208361134
0.132953003
0.469926
0.139811009
0.342886031
0.735332787
1.10143757
1.27964687
3.14815807
3.27073669
13.0723658
12.090662
4.92263031
0.0
0.0
40.4841461
46.504509
26.8628578
28.3791485
13.0728683
9.93225384
20.3786125
50.4632912
37.3738174
26.450367
12.9079151
10.0791216
0.107806206
0.0
0.0
0.0
41.3421478
140.608444
150.26387
61.5411949
32943.2852
145.25293
142.107391
114.804314
101.222794
99.9222183
99.9224625
99.923111
100.050819
100.19487
100.83564
105.224945
109.507332
118.343376
156.913055
141.363754
111.271797
99.9226303
99.9226837
99.9227295
99.9226151
99.9226532
99.9231873
99.9399872
100.003693
107.512939
106.293076
101.693771
100.333694
174.593323
215.404343
202.241531
172.298416
152.517487
136.236023
89.2672424
76.0831146
71.2229004
70.3125763
70.003067
100.677803
101.088593
100.226669
99.9280167
99.9279404
99.9282455
113.24807
158.768753
193.859207
167.169571
257.150299
250.92395
204.044266
182.201248
153.621201
118.460815
111.260452
109.309578
103.460121
100.417183
100.155579
100.08223
122.486237
72.0215836
56.1564522
51.3841438
52.0676956
50.5079422
49.9808846
49.9622269
50.0582466
40.0585594
42.7843475
42.2953339
50.5782318
51.814064
47.3012924
62.251915
132.748413
260.958221
252.888275
131.499222
55.0846558
156.631683
192.054993
122.292183
62.6558914
57.7417564
54.03088
44.5173454
40.1058655
40.1078148
40.109272
40.1100731
43.1284866
173.896393
199.647491
106.560753
55.5454788
47.0177002
42.3228302
40.1270828
40.1285248
40.1298103
40.130703
40.131031
40.7276535
80.9236832
78.8835373
50.9127159
63.2694244
68.9915695
61.6459389
50.1908226
41.908371
136.854095
135.461212
68.7747574
42.6391029
41.248539
40.233139
40.1449203
128.845413
214.469757
150.256989
125.103867
176.124542
157.652832
85.5734024
46.8504257
40.696476
40.2259903
10721.21
100.179436
100.177383
100.172081
102.586678
115.063438
228.126938
264.570251
177.046036
114.208847
100.182152
100.159142
100.14724
100.130302
100.123367
212.713089
195.103683
131.505661
278.350006
298.70517
178.728775
110.099632
100.061134
100.071014
100.064964
114.52359
181.283356
158.767853
116.475082
100.042946
50.0913582
50.0571823
53.4890022
83.725914
180.156082
178.773285
96.9698105
241.735016
189.632462
91.0562973
49.9790916
50.0147362
111.274368
147.028259
176.855072
126.48143
247.061279
373.243958
388.561401
345.995056
215.375504
276.968475
432.962891
253.810181
100.001297
100.040726
100.081207
100.050354
100.017319
100.051018
102.556961
180.049347
200.95932
144.29184
187.784607
167.690384
123.071068
102.225517
127.112648
112.769714
107.993645
101.253357
100.637115
100.927254
100.174911
100.162933
100.160622
100.165291
100.170013
100.17347
100.17659
100.178757
100.181007
100.183601
100.186378
100.600731
100.19912
100.194801
100.197426
100.198631
100.198975
100.16037
50.1864548
50.1723938
50.1800156
50.2052422
50.6876259
51.2278633
50.3595314
50.2840195
50.2038727
53.9352798
51.7626724
53.9272804
51.5848579
50.5963135
51.7445602
51.8149529
50.5814056
50.3274612
50.1949234
50.1937714
50.1928787
50.1919136
50.1906853
50.1895599
50.1883621
53.2513885
51.5137367
50.6972466
100.112244
100.072853
100.071877
100.070908
100.069664
100.068428
100.067146
100.066063
100.064919
101.558006
100.891609
101.074501
100.106804
100.076096
100.058167
107.904892
126.451683
115.028221
104.679214
100.072655
152.024017
148.57251
105.543442
64.2188797
50.044754
51.6178589
51.6828041
53.5721092
51.2295914
51.420433
50.1684189
80.1441803
80.5034256
80.1346588
80.1327362
80.1308594
80.1289825
80.1268616
80.1247864
80.1226349
80.1209259
80.1190262
80.1168594
80.1150436
80.113205
80.1111984
80.1094055
80.1076889
87.8867722
141.997864
155.716919
117.876877
133.274261
354.548157
316.681213
275.347595
186.235687
113.029213
81.132309
80.1007233
80.1009064
100.229523
100.589912
100.248474
100.10038
100.099693
100.364128
101.017914
100.438408
100.118408
100.096741
100.09594
100.095016
100.144531
101.590477
250.790741
432.095856
482.776428
553.210083
685.267029
499.734833
291.179169
175.691299
122.859245
116.279778
209.975739
261.583496
198.934647
127.849159
103.010345
101.716507
100.618584
60.1789589
60.1948204
122.280563
109.988785
75.2350159
60.1938705
158.287567
295.916351
215.516708
99.8496094
60.2777977
60.1867981
60.2031212
60.2032433
60.2026558
60.2021027
98.6633606
257.178223
457.356567
370.719849
195.735687
102.877838
101.51252
344.306854
398.108765
225.047684
147.530319
98.4389801
71.7040253
60.2422676
70.2426376
70.2428055
70.2428894
70.2428589
70.2426605
70.242424
70.2419205
70.2415009
70.2409515
70.2402573
70.2394028
70.2384491
70.2529907
70.2359848
70.2345123
70.2329178
70.2470398
76.0272446
74.7021255
71.3799973
70.2238388
70.2218704
173.796356
195.317444
129.504715
81.0181274
73.6423035
92.4272842
109.218338
92.1850433
75.9094849
101.182938
100.538834
100.297958
100.237846
100.199471
100.197861
100.195999
100.19445
100.318451
100.827782
101.026031
100.390106
158.51358
93.2128677
62.9834328
50.7083321
53.2160034
188.287964
192.39975
110.589256
58.9720001
50.1721306
50.1712379
54.7312469
54.3506737
51.2399559
50.1660156
51.2942276
51.8722458
52.3991165
68.5344238
52.0337372
90.9893723
88.4312592
351.084412
283.808838
295.347534
288.705322
225.289948
158.282867
90.3427124
58.1811104
374.36618
627.627991
381.879181
118.145699
40.3242264
40.3265305
40.3273621
40.3277512
40.3279457
40.3279839
40.3279839
48.1158066
129.4263
322.362427
311.363556
379.063232
389.107117
255.405869
200.244202
791.83313
785.665955
647.516357
619.985291
695.157715
639.97998
415.951233
367.060944
417.440887
386.131958
167.666397
100.32798
100.32798
100.32798
100.32798
100.32798
100.32798
100.32798
100.32798
100.32798
100.32798
100.32798
124.122437
147.699936
128.499176
105.458145
100.32798
100.32798
100.32798
103.249298
107.841766
102.595963
101.06073
102.804024
102.125175
100.893051
100.370003
100.288429
100.278671
117.756729
109.433388
103.047523
100.798996
100.282799
360.61377
356.529114
177.815384
112.24852
105.834465
102.015121
100.188049
100.182587
100.171783
105.535675
103.006104
101.180862
100.110603
100.071739
100.055573
100.045326
114.732483
56.6101799
52.1273193
50.1285553
50.1222
50.0839806
50.0462151
50.0380478
50.0319176
50.0264015
51.3226166
128.661972
114.396545
69.3370361
50.0539856
50.0401344
50.035923
49.9977646
49.9947395
49.9927444
49.9911461
49.9896698
49.9885445
49.9876099
49.9869576
49.9863434
49.9863396
49.9864159
49.9868546
49.9880142
88.6247711
76.6011658
58.9895592
50.2791595
50.0480385
50.049221
50.0778236
80.2554626
69.5947571
56.1594887
50.0817451
50.0622559
50.0624771
50.0639153
50.0653305
50.0669746
50.0693512
50.0726471
50.0765343
50.0814056
50.0939865
50.0920486
50.0917282
50.0928879
50.0938339
50.0958824
51.1509895
50.2583618
50.1862869
50.1056595
50.1085434
50.1120415
50.101078
50.108593
50.1172714
50.1279373
50.1121407
50.1395416
50.1413269
50.1404457
50.1394081
50.1384583
50.1375961
50.1367149
50.1355286
50.1344147
50.1335182
50.1326752
50.1315994
50.1303864
50.1293755
50.1282043
50.1270714
50.1258545
50.2233887
74.5056763
67.2661438
55.4949951
50.1203918
50.1192627
50.0008926
49.999485
49.9985504
49.9973984
49.9963303
49.9951401
49.9942245
49.9931107
49.9921036
49.9910812
49.9898491
49.9874001
49.983448
49.9818153
49.980751
49.9796562
49.9785995
49.9773903
49.9763718
49.9754524
49.9749031
49.9754372
50.3367805
49.9808006
49.9988251
49.9724579
49.9728317
53.1096268
52.9565353
51.1132927
50.2260513
50.0845413
80.0835571
80.0825424
80.0812759
80.7831497
80.0950928
80.0785828
80.0777664
80.076767
10.0440912
70.1068573
80.0742188
93.083252
89.2252502
154.61142
142.138245
99.3787918
80.0700607
80.0693207
80.0684967
83.3197632
85.9459229
10.4954872
73.7225723
80.0653763
25.5705471
83.6333008
85.2406693
84.1617432
82.4193802
10.0375242
96.6310043
105.644676
105.683006
104.381012
52.777359
58.3509445
65.6745758
127.588211
118.622437
152.040726
539.839966
777.267334
471.931763
190.029572
105.772156
106.90638
103.885651
102.986832
100.945168
100.156044
100.156403
100.155853
100.154663
100.153107
100.150986
100.184418
100.343857
109.846825
61.1286736
54.0775414
50.292099
60.0697975
60.0508995
60.7821045
61.9564247
63.0343895
84.2481537
92.2183456
79.7162933
66.060463
61.0830307
70.1020889
66.526062
62.0218086
128.220917
154.314178
186.165619
218.888306
221.557693
298.319031
251.299438
157.357803
89.8373337
69.3544693
161.528427
392.336517
310.98056
129.791092
66.6207428
63.4671974
61.4461784
4464.47803
112.642593
130.970673
120.626495
105.124977
100.104248
102.589066
102.884323
101.105209
100.981865
100.882225
100.318077
100.169098
100.116089
100.09639
100.089684
123.126038
133.205582
125.152725
109.969055
101.856804
100.176888
115.038513
118.671768
109.657234
102.118004
109.164391
263.747162
314.329346
216.142059
128.380585
102.519142
100.269051
100.067802
101.801003
102.380684
100.661133
100.06472
100.063576
100.061974
100.060303
107.1978
106.012878
101.572258
100.054794
100.071091
102.818085
102.933708
110.623825
151.203812
192.007843
173.78978
189.527176
209.137238
159.909851
129.739243
148.895721
208.958267
198.380798
141.017242
191.257736
169.342239
60.3075981
40.5847702
41.0086365
40.8370094
40.4474106
40.1614876
40.1617622
40.1612434
40.1606026
40.1600761
83.6360474
215.914963
569.77063
446.977051
242.026657
270.34137
193.050674
80.2613144
40.2476006
40.2546844
40.2592125
40.262207
40.2643852
285.402832
243.823761
114.048828
55.1726418
46.6234245
67.7088242
66.2380524
112.888618
104.338898
103.060417
102.554893
150.777344
139.853912
154.687134
135.056366
109.071022
100.293167
152.726852
240.818893
248.106018
167.628815
111.845551
100.296585
100.297455
100.298248
110.185951
134.412491
122.67823
104.974892
171.267365
249.448486
196.465973
210.851685
223.05957
164.187683
177.932343
153.752106
115.920151
101.017586
100.587303
100.31086
100.302917
114.564491
106.151558
101.904213
161.863083
189.178894
282.851379
223.926971
133.784698
100.913933
100.318352
100.214256
100.21389
100.209618
100.191444
100.180351
100.175392
100.655617
100.190941
100.171234
143.475281
171.732468
136.353775
107.952774
106.358437
102.754097
100.95266
50.0849342
50.0717278
50.0631981
50.0548553
50.0468597
50.0394478
50.0654335
133.326889
329.297913
283.54718
123.880486
57.249115
83.8327026
823.535828
941.314575
451.154419
116.495987
50.0880013
131.093704
119.773468
100.046974
100.000549
99.9983597
99.999855
100.001877
100.004433
100.007454
100.010971
50.0149307
50.0194054
108.177139
270.892029
560.022827
533.647156
277.593536
129.315292
234.858734
235.751694
101.090714
100.248039
100.201103
100.159126
100.164726
100.171867
100.179062
100.184944
100.190826
100.196541
100.201996
100.20649
100.210709
100.214279
100.224136
100.226814
100.221474
100.224197
100.22525
100.229408
100.229935
100.231606
100.237221
100.193954
50.2013779
50.2293739
50.2343864
50.2222786
61.142086
54.1213722
51.5576973
54.054245
51.3111534
56.1701736
60.7328911
65.4779663
65.8921127
68.0412598
57.1423912
102.070213
50.2300415
50.2293015
53.9039497
51.3274498
50.6961441
50.2250214
50.2241478
50.5081177
50.2220764
57.0488396
52.5686073
57.6888733
110.278488
107.778496
110.146889
124.425522
114.876534
104.567116
117.232018
122.689171
133.770889
116.974373
105.143555
100.099564
102.705147
102.737389
100.807663
100.255966
100.092422
101.151024
100.172607
100.110146
100.108727
107.508499
103.07196
101.222443
101.338104
142.694351
163.734848
244.051392
315.184296
298.665344
186.113113
99.3283691
80.431015
80.1751785
80.1740417
80.1727142
80.1716614
80.1704712
80.9551392
80.1678238
80.1661148
80.1644745
80.1628494
80.1607056
80.1584396
80.1560974
80.1539001
80.1515274
80.1491013
80.1464996
80.1440811
80.141861
80.1397934
159.810516
228.883087
207.029602
146.533432
350.834747
356.85318
280.075226
179.090515
139.470413
105.413231
100.455963
100.708023
100.324417
100.165474
100.165428
101.580772
102.29187
100.869858
100.192047
100.162109
100.160843
100.159836
100.158318
100.157059
100.155846
100.154007
100.152321
100.150917
100.149338
100.147087
103.489197
157.063293
163.912277
155.187744
130.200089
108.132355
146.636078
311.659119
402.342712
240.264603
107.42099
64.4292908
60.5938606
60.0811501
60.3972206
60.5864334
60.2597771
66.9625549
110.961761
133.008194
111.444443
76.6066513
62.7675209
60.0624352
60.0613441
60.0599556
60.0583076
60.0569229
60.8159752
60.3620949
60.1471405
60.0651932
60.1287689
60.0713577
60.0595779
60.0410004
60.038826
60.1120491
60.4667816
16184.165
130.44046
119.324326
104.986076
100.049011
153.667297
141.774216
112.587021
100.022743
105.113892
104.070129
101.851738
112.697662
109.498886
102.834129
273.215881
244.813324
546.993164
592.212524
651.224365
419.976929
204.660126
256.850555
589.210449
334.193115
196.234482
184.840027
100.662651
105.073204
104.422516
120.309769
346.740356
565.278198
510.523438
710.204407
735.243408
812.639404
558.162292
363.74292
166.981262
138.04599
111.397629
107.666801
122.998856
115.923325
114.683105
109.704674
102.682327
100.236549
100.236176
100.253311
100.2351
100.234528
125.895378
194.422272
167.472137
117.735504
119.23555
224.401489
524.473633
468.533081
237.348114
116.347336
100.327927
151.766006
191.255951
153.49173
170.706741
197.518585
212.286865
173.883316
124.93631
131.576187
120.281174
120.461006
109.795029
102.017021
100.32798
100.32798
100.32798
100.32798
100.32798
100.32798
100.32798
100.32798
40.3278656
40.3277283
40.3276711
40.3274536
40.3273582
46.3611259
45.7756615
102.9403
100.741241
100.40139
100.326164
100.363159
100.337372
100.325256
100.324951
100.324501
101.9729
103.88562
102.449707
100.510971
100.322624
100.695694
100.440239
100.321083
100.320564
102.236687
103.789299
102.099228
141.984711
139.862274
117.11824
188.708649
264.291626
408.341858
397.030487
228.630981
119.719086
100.324623
100.317421
100.311546
100.313553
100.322838
100.286552
100.297585
100.286789
100.2761
100.283875
175.03067
342.784912
457.939056
366.278229
193.058289
114.102684
100.229012
100.332771
100.21463
100.183708
100.18026
142.617188
239.858948
362.068024
352.912415
225.203476
127.468575
102.332756
100.084648
100.045723
100.06234
55.0566101
52.7101402
145.502838
586.761902
486.640076
180.884857
52.3655968
53.1681747
50.1202927
50.0858421
50.0492516
50.012207
50.0083694
50.0051537
50.0025673
50.9764404
50.0530472
50.0072021
49.996357
49.9959869
49.9960327
49.9965172
49.9974785
50.0369072
50.0761719
79.1352768
101.373749
75.9141922
57.6145554
50.0732231
100.085213
175.060303
193.042297
139.654694
107.008217
100.112564
123.240463
111.166817
103.594818
100.103775
100.108002
100.113052
100.11834
100.13961
100.134224
100.131432
100.134773
50.1386833
50.1418648
60.5715942
53.463356
51.2496452
50.1530991
50.1547241
50.1589127
50.1643448
50.1612625
50.1559258
50.1606102
50.1734238
50.1612778
50.2421494
50.1598129
50.1693497
50.1772079
50.1810036
50.1838303
50.1830635
54.499485
51.287693
50.6100922
50.1796494
50.1789894
50.1781311
50.1769371
50.1759071
50.1751099
50.1742249
50.1731682
50.172039
50.170845
50.1699333
50.1689529
50.1677246
50.1665649
50.1653824
50.1641273
50.1628799
50.1616287
50.1603737
100.047455
106.10305
104.461983
101.539246
100.321831
50.0631142
50.0375977
50.0362053
137.304413
119.592415
71.7849274
100.033524
100.032425
50.0312996
50.0302315
50.0289841
50.0282745
50.0494652
50.0263863
88.1838684
76.7923355
58.7063293
50.0217056
50.0204048
50.0197601
60.2282524
55.1074524
51.7952881
51.9274254
50.5002708
50.2308464
80.1141434
80.1121674
80.1107101
81.5745621
80.3228378
80.187294
80.1731949
89.0640259
116.382156
192.442139
362.07135
439.693176
354.5755
199.437805
113.884644
85.9624939
81.861084
80.1134109
80.1145325
80.1152115
102.506439
95.1671219
85.3531342
80.114769
80.1136551
81.5229721
80.1473694
80.1117249
80.1109238
80.1100235
100.10923
100.107803
100.106613
143.559738
139.133972
112.202568
100.125984
100.101685
100.100662
100.09935
100.098236
100.097061
100.096046
103.379471
147.736618
164.733643
134.172241
167.287933
251.144135
209.330383
191.96463
210.812286
194.413773
136.94693
106.085609
100.100624
145.266479
674.091614
960.687866
793.473389
390.244965
127.742035
65.8998718
60.5657234
60.1916008
60.178997
60.1794548
60.1795197
60.1793327
60.1948814
60.1938438
112.221313
98.4957352
71.7905197
60.1716728
60.2357178
60.1754303
76.8091507
69.1185074
62.9041786
60.1584167
60.1559181
60.1535416
99.976059
86.4629974
68.1543274
62.4030991
247.371765
210.777191
108.254959
61.9328804
145.664474
288.640015
291.003906
306.319763
196.814178
102.531906
70.1576309
70.1613541
70.1786804
70.1644669
70.1648407
70.1644516
70.1636353
70.1625977
70.1617432
71.283783
71.3562393
70.5261993
97.4090424
91.2685394
76.2741776
70.1494217
70.1631241
70.1447601
70.1424332
70.1400604
70.1380386
70.1519394
70.1333618
70.130867
70.128685
51.2995529
51.8262558
50.5575676
50.1195946
50.1175995
64.6549835
60.9116936
53.5867729
54.1658058
53.2876472
50.8705368
64.5632553
145.4198
168.91394
108.380875
61.6908264
50.0945053
50.0926704
52.1137009
84.966217
84.90345
64.6850815
58.9686928
55.7285652
10.0046015
41.5998116
92.4775085
33.7370071
173.245956
138.410309
77.2275467
40.8360519
40.1669159
40.1656075
40.1642799
40.162735
40.1607208
40.1591835
40.1573067
40.1557503
80.34758
71.3891144
50.2012253
40.9361801
51.2307129
196.804169
203.607391
107.925255
50.1689796
40.4898415
40.1470795
40.2119064
40.4655685
40.3191299
40.7137794
40.7588425
40.4213333
40.144371
40.1432381
40.142067
40.140976
40.1398048
40.1386528
40.1374626
41.083168
42.45681
41.7447128
40.2833328
40.1325264
55.7432098
76.7117233
70.5638733
51.5137901
41.3490753
40.1277847
40.1269035
40.1264381
40.1256332
40.1249542
40.1243286
40.1235657
40.1230621
44.4588394
46.2671165
43.1353493
40.3729057
40.1196823
40.3111038
42.345665
42.3317146
40.3307648
40.1083488
23893.5469
100.113335
125.882179
175.416931
151.360672
113.366928
100.058105
100.054161
100.053436
100.039803
102.548302
101.067497
100.382538
100.001091
99.9924698
99.9827194
100.836716
100.192062
100.074677
99.9644623
99.959816
99.9464417
99.9067535
99.894043
110.120903
104.712837
101.262894
99.8235397
99.8400879
99.8296967
49.8497238
49.8965988
49.8892097
50.6346092
56.5731812
58.4681206
72.7522888
80.6260223
118.690056
93.0325012
61.7364845
49.7516098
49.7457123
49.7400932
49.7345276
49.7294579
49.7257385
49.7640572
49.763382
49.7202415
49.7537918
49.7521439
49.7113533
49.7080421
49.7444077
49.7803307
49.7437553
49.7072296
49.7077942
54.1433678
51.0736694
50.1818619
62.2789841
121.2257
152.864426
102.736145
61.4601326
49.8738098
49.8487854
49.8483734
49.852005
49.8301735
49.831295
49.8369789
49.8626099
49.8698082
49.8593102
49.8665199
49.8760185
49.886364
49.8973999
49.9090004
49.9209213
49.9429207
49.9635201
49.9639511
49.9662209
50.9237709
50.145607
50.0750046
50.0013008
50.0087776
50.0079613
50.0324783
50.0381088
50.0284309
50.0601616
50.0637054
50.0665016
50.0673409
50.0672226
50.06707
50.0670319
50.0667572
50.0667229
50.066597
50.0665627
50.0664062
50.066288
50.0660973
50.0659409
50.0659409
50.0657845
50.0656281
50.0654716
50.0653152
50.0653152
50.0651588
50.0650024
50.064846
49.9513168
49.9515762
49.9518433
49.9520798
49.9520721
49.9521332
49.952076
49.9517746
49.950943
49.9496727
49.9498672
49.9501228
49.9502182
49.9504738
49.9507294
49.9508324
49.951088
49.9513168
49.9513626
49.9516182
49.9520531
49.952877
68.2732849
64.0688553
54.650425
50.259964
49.9561729
49.9783363
50.0089264
49.955864
49.9559402
98.1257401
92.9444046
84.3474579
80.0621872
80.0618744
80.0615616
80.1503677
80.060936
80.0604706
80.0601578
80.059845
80.0593719
80.0590591
80.0586472
80.0581207
80.0578079
80.0573349
80.0570221
80.0567093
80.3523483
80.0589294
80.0556183
10.0367422
70.5904694
93.4547729
92.9637146
85.1545868
80.6021347
162.469147
78.0447311
74.1949844
100.052177
50.051712
51.7565498
52.1833763
50.6579781
50.0502052
50.0498352
50.0747032
50.0571022
50.048584
50.0482712
52.9292221
120.423859
181.404236
164.846191
101.178978
59.6476364
50.0463829
50.0460854
57.3792953
119.335052
135.234192
89.4639664
56.0921936
50.0501175
55.8639603
56.7460632
10.0250158
42.0266609
50.0432663
59.9565125
72.7151718
91.5216827
177.620605
246.678284
184.858368
154.785095
260.150787
356.310852
248.238953
109.269234
62.6390762
59.9980125
72.4986572
100.571823
98.1118622
105.110672
85.5338287
67.1236649
166.968628
204.850601
130.288513
72.6824188
60.0901146
103.272903
153.701141
213.301422
323.456848
311.112061
170.965591
20.1926041
122.725952
121.138954
111.286591
127.223938
122.119759
106.301514
100.191658
100.110336
103.438148
108.184837
113.425835
189.451385
189.658783
287.37323
259.26062
206.214294
240.286713
315.76474
233.100052
132.376907
100.1362
100.157501
100.144974
161.36647
173.654663
258.441162
313.95578
284.457275
184.490707
118.965103
222.710114
251.711517
173.175522
114.647491
101.667236
101.654755
100.883514
100.64595
100.30275
100.202263
131.60759
213.635834
210.343781
371.091797
278.403931
150.202835
103.337471
104.298943
172.015518
192.394485
150.661102
123.246513
109.906868
142.155655
137.174805
114.301476
104.065186
103.186371
101.744225
122.445457
117.009102
116.343323
126.408539
93.5989761
57.7788391
43.6259499
40.3840446
149.736176
146.497208
105.533699
124.722504
107.153358
103.692032
45.4402771
43.1331177
101.086998
41.2379036
41.4851646
64.3553848
59.742054
46.8559113
44.27668
96.0784912
85.8336029
53.6561356
40.3062096
45.6271667
106.762558
103.176941
63.1863823
50.737442
107.705238
109.802284
105.693962
149.673218
188.16655
165.69899
145.162888
159.332214
310.25531
339.659332
261.231171
211.181137
154.757202
111.706779
100.378853
100.780586
103.492691
103.524162
100.619812
100.625191
100.411682
100.312325
100.312599
101.243317
131.168716
127.546242
118.147835
156.843536
142.614441
152.692642
