0.0
0.0
0.0
0.0
0.0
0.0
0.0
0.0
0.0
0.0
0.0
0.0
0.0
0.0
0.0
0.0
0.0
0.0
0.0
0.0
0.0
0.0
0.0
0.0
0.0
0.0
0.0
0.0
0.0
0.0
0.0
0.0
0.0
0.0
0.0
0.0
0.0
0.0
0.0
0.0
0.0
0.0
0.0
0.0
0.0
0.0
0.0
0.0
0.0
0.0
0.0
0.0
0.0
0.0
0.0
0.0
0.0
0.0
0.0
0.0
0.0
0.0
0.0
0.0
0.0
0.0
0.0
0.0
0.0
0.0
0.0
0.0
0.0
0.0
0.0
0.0
0.0
0.0
0.0
0.0
0.0
0.0
0.0
0.0
0.0
0.0
0.0
0.0
0.0
0.0
0.0
0.0
0.0
0.0365476236
72.5997467
200.314301
272.806915
166.87146
48.1349945
10.007515
5.28036833
0.0237573273
0.0238296911
0.0239638463
0.0240987875
0.0242330469
0.0242862292
0.0242825355
0.0244805384
5.02701426
19.4226532
12.3938589
5.34936953
0.0278250687
0.0281344019
0.0283441953
0.0283792056
0.0288466886
0.0292230211
2.81825495
2.06119251
0.928079307
0.432612211
0.153325751
0.0304180849
29.8521576
19.1447487
10.0138073
9.6986866
0.0364818275
0.0516154058
0.0397845842
0.0350740924
0.0350653827
0.035055615
0.0351452194
0.0354048684
0.474495053
1.00939834
0.310075939
0.210439339
0.663012326
0.218106329
0.463995397
1.00930905
1.38104713
1.75179791
3.92980576
4.58083534
21.3442554
13.7831478
10.0279436
237655.141
100.127563
245.944031
274.106934
173.246689
144.22702
127.382721
108.326424
134.068375
229.111649
209.790741
151.503845
114.909775
103.978477
100.331352
100.085022
60.0833244
60.0816689
152.927277
501.809021
501.719788
219.378494
76.5454712
168.005585
164.101212
121.776764
101.522995
100.09832
60.0951691
60.0925484
60.1826897
100.314125
100.884323
104.944992
109.926353
121.755852
204.668488
193.823105
126.24398
100.096352
100.094902
100.093353
100.091698
100.090523
100.088982
100.086967
100.143501
107.357544
107.092163
102.050766
100.50116
288.075836
399.577637
327.510193
224.351608
172.526306
145.213806
122.892563
107.037643
101.373917
100.464485
100.188538
100.741493
101.195969
100.39875
100.112846
100.110863
100.109322
112.404305
198.540878
282.26651
230.797546
445.345276
443.316376
271.537933
195.70134
159.802185
119.150177
109.267082
107.733002
103.031654
100.510628
100.302765
100.230713
120.081604
120.678596
105.980751
101.278999
101.856201
100.595703
100.147583
100.145859
100.1446
40.1417313
42.1859055
41.9510994
49.5362396
51.5657806
47.5002022
65.2302933
227.122253
550.394043
502.555328
213.144073
61.364254
248.819809
289.727203
151.457092
61.4410324
54.2232666
51.3010521
43.7260284
40.1555862
40.1528511
40.1496277
40.1469002
42.210453
307.759369
337.454681
148.837875
53.7281227
45.4084549
41.8382607
100.148216
100.145767
100.14325
100.140533
100.138199
100.54052
144.356583
143.743195
111.471481
122.41452
128.613846
120.711533
109.774818
101.807037
281.407288
282.911682
153.136658
102.012474
100.970001
100.209526
100.14151
247.848755
399.72699
293.229553
213.800873
282.734711
253.515961
152.852371
105.93679
100.512222
100.204857
100.176979
100.175522
100.1744
100.173126
101.490265
110.27388
317.957825
354.115845
208.507095
115.709053
100.20903
100.198837
100.18573
100.184547
100.183342
263.460571
251.044235
147.336731
386.264465
413.118713
213.396927
109.343979
100.20887
100.208092
100.207031
107.954727
179.270508
162.381134
118.561172
100.214546
50.211853
50.2080498
51.77705
72.4041138
226.544418
220.544785
112.165962
328.358826
301.810364
126.526939
50.2020531
50.1984825
96.4575348
134.790634
180.962479
132.769913
314.433319
535.692566
603.494507
503.586182
316.004578
354.367279
179.143265
100.21859
100.214279
100.210037
100.205856
100.201683
100.197166
100.192917
100.995155
171.15033
200.559464
142.814377
200.85141
174.490692
124.132179
101.742004
122.219788
109.712112
105.552322
100.938148
100.50679
100.505287
100.161407
100.155937
100.150284
100.146973
100.144211
100.141502
100.139053
100.136597
100.134071
100.131989
100.129784
100.261597
100.126076
100.124527
100.122543
100.12114
100.119888
100.116241
100.115532
100.114082
100.113785
100.111992
100.28019
100.481812
100.208893
50.1578102
50.1077118
51.7891006
51.0076103
52.0791206
51.0098991
50.4242363
50.8502579
51.0045395
50.4639778
50.2250671
50.0991631
50.0984993
50.1002235
50.0994072
50.0975609
50.0971909
50.0945854
51.6955147
51.0899277
50.6263809
100.130447
100.090279
100.089958
100.089333
100.088875
100.088554
100.087982
100.087601
100.087189
100.878883
100.605965
100.687286
100.137527
50.1038094
50.0850449
55.0650749
75.8194427
66.7093277
55.881752
50.0901108
161.950531
294.9823
219.798965
94.487793
50.1098175
51.0211601
51.1904411
52.6849976
51.5138969
51.1662216
50.1359482
80.1066513
80.2606964
80.096962
80.0923996
80.090271
80.0885086
80.0867844
80.0850983
80.0839539
80.0828476
80.0820236
80.0824738
80.0852356
80.0834351
80.0796585
80.0829391
80.0820923
86.6612701
239.000732
275.859558
177.553543
191.142822
821.491455
792.557617
512.43103
289.591919
145.336197
81.0071487
80.1170807
80.1130981
100.202232
100.469612
100.210632
100.102142
100.099403
100.288994
100.785645
100.339508
100.105911
100.090111
100.087273
100.086662
100.119713
101.084518
458.961151
905.221924
938.414185
944.897583
1087.73181
741.650635
332.461548
172.231354
121.450424
110.131081
233.513672
306.914001
222.806656
129.68309
102.177589
101.049049
100.401665
60.1354103
60.1318665
126.142014
115.676338
76.9076767
60.1264839
200.798676
449.19928
350.169403
175.986435
100.199661
100.126938
100.122864
100.119202
100.115997
100.11261
128.830917
423.918823
799.408936
639.434937
382.563721
601.771423
631.505798
640.945312
624.010986
589.111877
611.823425
603.976624
313.279602
100.141792
100.138657
100.136108
100.13356
100.131119
100.128342
100.126152
100.123741
100.12149
100.1194
100.117111
100.115295
100.113297
100.111732
100.11026
100.108856
100.107521
100.105827
102.970718
102.683914
100.757713
100.101494
100.100349
237.696289
282.938019
189.268555
114.772636
102.62426
116.397537
133.835266
123.446976
106.126244
100.961685
100.387352
100.194809
100.132957
100.115105
100.113686
100.112732
100.111687
100.184761
100.548088
100.739838
100.26593
161.715912
164.302185
118.788116
100.605789
102.381752
338.629761
380.753265
210.011368
111.05172
100.130898
100.129784
102.987282
103.370834
100.968094
100.124969
100.934319
101.434532
101.733208
112.292404
51.1131172
89.5325623
97.3870697
612.403076
608.660889
474.384521
416.098999
278.666687
154.0177
147.207779
113.676598
585.881592
997.083374
661.189209
781.106445
556.179382
585.923279
177.797516
100.160675
100.1576
100.154205
100.151299
103.191849
172.339569
454.671387
453.985931
505.399963
664.033386
636.464417
603.446777
990.889526
830.635803
660.010925
637.291992
655.153931
585.162598
371.282379
322.570068
328.295929
332.310944
128.615173
100.216637
100.214752
100.212425
100.210068
100.208038
100.205711
100.203232
100.201248
100.199371
100.197418
100.195442
109.830414
122.42852
114.655609
102.851982
100.190826
100.189461
100.187912
101.378815
103.355576
101.143196
100.492805
101.263359
100.979599
100.429993
100.208221
100.174316
100.173141
108.368317
104.450539
101.513741
100.430183
100.179955
463.683716
450.926483
205.783203
105.80986
102.765068
101.024826
100.174721
100.173965
100.172974
102.442436
101.356949
100.604347
100.169205
100.166756
100.16555
100.164268
106.798111
53.0230255
51.0517616
50.1557465
50.1520538
50.1483917
50.1448135
50.141098
50.1376762
50.1344032
50.682682
129.64505
108.003967
67.5914688
50.1289253
50.1266327
50.1243172
50.1214485
50.1192474
50.1167412
50.1146584
50.1128387
50.1106758
50.108902
50.1073074
50.1056328
50.1040916
50.1024666
50.1012115
50.1001587
80.9111328
121.610085
107.457993
100.338768
100.100479
100.099457
100.098564
129.877304
121.080894
106.595657
100.100357
100.100067
100.099098
100.098274
100.097427
50.0963097
50.095417
50.0945091
50.0933571
50.0926437
50.0912666
50.0910606
50.0902481
50.0893097
50.0886993
50.0878983
50.5731468
50.2129173
50.1551933
50.085598
50.0851212
50.0847359
50.0824738
50.0820732
50.0818863
50.08144
50.0820923
50.0817299
50.080513
50.0800705
50.0794792
50.0793037
50.0787048
50.0785294
50.0782242
50.0777512
50.0772209
50.0769157
50.0764503
50.0760994
50.0757523
50.0753937
50.0750351
50.0749321
50.1252975
72.0439301
65.6241989
55.1580391
50.0775795
50.0771523
50.0735245
50.0732613
50.0732079
50.0730247
50.0730019
50.0728302
50.0728226
50.0725441
50.072403
50.0721893
50.0721741
50.071804
50.0713844
50.0711517
50.0709801
50.0709724
50.0708046
50.0706406
50.0704727
50.070713
50.0702477
50.0702477
50.3118744
50.0813446
50.0727234
50.0723801
50.0696945
52.6640205
52.7905045
51.1648369
50.3229179
50.0695839
80.0690918
80.0684509
80.0681763
80.6662216
80.0921631
80.0663223
80.0653687
80.0690918
80.0687332
80.0657883
80.0653992
23.086319
78.4854584
333.674561
300.032623
151.242569
80.0793686
80.0774765
80.0749207
83.7784576
87.6893005
84.6012497
81.3433914
80.0721588
105.720078
104.105789
89.4604874
15.1811132
74.6747437
81.4185944
108.715393
59.1726418
59.0321312
57.5072403
54.6396484
63.8599548
78.9421082
321.864044
317.288269
373.09024
1356.79834
1788.01758
971.685181
264.129852
103.69194
104.481125
102.551216
102.029221
100.638504
100.0989
100.09626
100.093605
100.090981
100.088646
100.086487
100.106903
100.20874
106.742912
107.912979
102.96154
100.261848
60.0766907
60.0729027
60.6202164
61.5635681
62.533226
86.542366
96.6466522
83.2448807
67.3144913
61.2563667
70.6372223
66.9975891
62.2111053
213.379181
245.651672
319.504639
391.160492
368.25061
509.286896
413.960236
197.704895
87.0527649
67.9699249
212.41893
637.869263
540.253113
193.645859
64.413887
62.3263397
60.9966736
100.206688
108.321136
123.652451
117.732124
104.504532
100.116379
101.905037
102.168236
100.874451
100.751419
100.685333
100.276031
100.147766
100.119652
100.10466
100.09919
117.62719
130.282135
125.199142
80.8482666
72.0217972
70.1676407
82.4209137
88.3538513
80.1763229
72.2689667
77.7033539
401.443634
537.104065
312.54541
147.453171
102.395287
100.300331
100.117386
101.302956
101.837006
100.563705
100.111443
100.110229
100.108925
100.107399
104.539581
104.759026
101.308739
100.103447
100.101952
102.022682
102.492035
107.779495
154.857941
227.322357
211.155838
217.835175
246.941101
188.836044
131.222473
142.327057
232.336456
232.164673
152.4077
202.389954
199.321899
69.3622665
40.4758263
40.7490997
40.6420021
40.3644371
40.1553497
40.1516991
40.1480255
40.1447906
40.1413727
77.0225601
339.390381
1020.56787
854.99231
345.694366
330.819397
278.585388
105.641823
40.1703339
100.167656
100.164711
100.162033
100.159126
479.744324
489.18457
225.150772
109.823875
232.226028
119.769722
119.31353
109.842758
102.594078
102.034859
101.386032
137.830658
136.921677
142.779694
132.618225
108.406898
100.158371
141.598022
268.424622
284.209229
181.368439
112.03215
100.175919
100.17421
100.172501
104.905067
121.092865
116.857407
103.767082
164.04863
266.504395
222.100021
210.913452
215.881744
157.947342
156.05513
144.929474
112.654816
100.633141
100.395035
100.204468
100.203148
106.899796
103.58387
101.269707
144.061264
167.033173
309.208496
269.762085
149.789536
100.700012
100.288322
100.217529
100.216362
100.215431
100.214134
100.212685
100.211525
100.377365
100.208946
100.207909
124.208084
148.047607
127.957428
106.904953
103.065681
101.693367
100.738136
50.2095795
50.2052689
50.2005463
50.1955681
50.1911316
50.1866798
50.1823311
134.420441
471.987213
442.386475
174.006775
56.5588951
70.0848389
1148.39526
1438.95996
662.196228
1198.90833
529.821899
759.90686
124.02137
100.178474
100.174568
100.170746
100.166687
100.163277
100.159485
100.155708
100.152191
100.149017
100.145683
103.07338
310.217163
753.06366
738.040222
344.288544
489.697449
402.28833
298.30191
100.440376
100.169563
100.155823
100.139046
100.135971
100.133057
100.130989
100.128624
100.126495
100.124458
100.122795
100.121109
100.119377
100.117805
100.116341
100.114937
100.113556
100.112404
100.111519
100.110512
100.109535
100.108597
100.108025
100.103683
100.104729
100.103134
100.100227
100.102043
104.975952
102.208687
100.823059
101.985962
100.85302
103.447678
107.124146
112.16777
114.226677
118.126434
108.20327
102.221443
100.101143
100.100212
102.412598
101.256836
50.5663033
50.0985069
50.098011
50.2220039
50.0988274
55.3774109
52.7131348
56.9605942
110.466591
108.028717
110.415268
130.028168
118.329178
105.551216
118.164223
126.91243
142.737015
124.817047
107.544754
100.113029
101.667976
102.09066
100.877052
100.278954
100.107193
100.656754
100.163383
100.122726
100.102676
105.750862
103.556602
101.394119
100.809357
165.158218
201.903397
426.347656
625.425415
548.620361
276.858093
113.596588
100.353767
100.131683
100.128479
80.1250076
80.1218643
80.1188431
80.3951187
80.1135559
80.1109772
80.1084518
80.1060791
80.1032944
80.1011734
80.0991287
80.0973206
80.093071
80.0907745
80.0890808
80.0874481
80.086113
80.0881958
225.458893
401.080261
345.903564
190.224243
633.81897
678.327698
409.867859
228.991592
149.589905
104.968781
100.335648
100.513481
100.235542
100.123825
100.120735
100.99205
101.623627
100.592743
100.12838
100.107231
100.104965
100.102608
100.100502
100.098831
100.096992
100.094734
100.092155
100.090782
100.08876
100.08683
102.060936
180.314667
201.459427
175.728378
141.44371
110.978264
171.903046
577.348816
779.00061
428.340668
140.180771
63.764183
60.5074654
60.1154289
60.3247986
60.4473915
60.2221298
64.8286972
114.917961
140.091599
116.335266
78.072464
62.796257
60.1055222
60.1027069
60.0998268
60.0973434
60.0952377
60.6205025
60.3037186
60.1538582
60.0881577
60.1357422
60.0942688
60.0860977
60.0846138
60.0835571
60.127121
60.3664818
79.2335815
100.437843
93.0187531
76.0581589
70.1140747
160.435547
162.184067
97.2731476
70.0953827
74.8153
74.6326447
72.0458145
82.7661667
82.0728912
73.5391922
490.135773
509.284058
1001.63123
1147.37769
1035.97607
646.30542
256.717255
289.534485
289.416382
158.03923
102.806908
101.683594
100.466988
103.233475
103.011528
112.778183
486.158173
888.529236
776.597961
1200.88232
1210.3656
1088.86133
707.22229
426.913818
161.027069
126.762474
108.013641
104.033119
113.089302
110.514648
108.549698
106.240028
101.745331
100.157562
100.155602
100.154152
100.152283
100.150375
114.741745
188.004211
179.856583
121.896278
111.499313
245.254333
720.369995
676.224731
292.273224
177.27211
179.274994
294.006836
162.845581
141.685776
149.603638
172.818115
193.161728
157.574783
118.905769
102.17791
107.843407
111.247101
105.755173
101.225693
100.179527
100.176399
100.173279
100.170219
100.166893
100.163689
100.160522
100.157448
100.154282
100.151443
100.14875
40.1456947
40.1430855
42.9536324
42.9591713
101.537811
100.353035
100.171677
100.130165
100.147766
100.132645
100.123787
100.121605
100.119667
101.036514
102.32431
101.534271
100.240974
100.111618
100.342712
100.184608
100.108788
100.108101
101.367828
102.638435
101.521797
137.935089
139.754135
114.596207
251.949738
391.776001
670.801392
618.970581
300.817688
122.969948
100.14772
100.146477
100.14518
100.143822
100.142319
100.140877
100.13932
100.137901
100.136581
100.135246
174.234985
441.721954
629.391846
452.327881
202.606293
110.353104
100.166656
100.209152
100.164742
100.163788
100.162727
122.460037
227.026215
377.164795
353.323151
206.274185
118.527214
101.336678
100.193291
100.190842
100.191307
52.0405235
51.1885033
120.628983
692.572388
645.889099
228.222443
266.466064
101.24012
100.19101
100.179398
100.168266
100.164429
100.160423
100.15667
100.152908
100.434799
100.146179
100.142799
100.139755
100.136513
100.133629
100.130844
100.128365
50.1261063
50.1238785
63.7694473
83.1777573
67.5476685
55.1952744
100.120697
100.119202
185.051102
194.057404
141.197479
106.917397
100.126129
115.43103
108.841621
102.854973
100.121635
100.119835
100.118523
100.11673
100.115402
100.114113
100.112877
100.111778
100.110435
100.109383
105.937943
102.781448
100.987289
100.105347
100.104713
100.104538
100.103958
100.101463
100.10173
100.102058
100.101501
100.100975
100.129784
50.0939026
50.0930901
50.0924797
50.0920525
50.0914383
50.091011
52.2790871
51.0379219
50.4655571
50.0889854
50.0886116
50.0879555
50.0877571
50.0868797
50.0864182
50.0860138
50.0854988
50.0850716
50.084816
50.0843582
50.0836487
50.0831795
50.0827141
50.0825005
50.0820694
50.0817184
50.0814056
50.0810928
100.079483
103.739616
103.299828
101.355026
100.323128
100.082153
100.081276
100.078545
323.853027
295.67395
163.281891
100.094803
100.093811
100.092354
100.090981
100.089149
100.087906
100.086899
100.086739
113.125626
102.775169
67.4536743
50.0957108
50.0946198
50.0932426
60.2461586
57.0577202
52.5782318
51.4409256
50.7820816
50.397728
80.0882568
80.0884552
80.08741
81.0156555
80.3298874
80.174736
80.119957
89.2803345
146.447189
402.749847
902.286377
1045.21301
691.322021
290.868347
122.105362
84.7462463
81.2780991
80.1178207
80.1140213
80.1102295
95.7496948
92.4350815
84.3839722
80.0992508
80.0964737
80.8117294
80.1186752
80.089592
80.0865326
80.0846481
100.080704
100.079361
100.078308
154.519577
154.866013
116.922501
100.111794
100.086189
100.084267
100.083664
100.080902
100.079292
100.077202
102.903252
183.800446
218.210434
159.175018
237.638947
452.600952
448.090637
360.723389
317.323547
236.122314
144.850662
105.929985
100.129768
149.413956
1211.54395
1769.46069
1231.00977
514.296997
140.822922
85.9494858
491.477203
109.517105
100.138657
100.134094
100.129272
100.125153
100.121269
100.117226
142.874084
134.414139
110.520477
100.109032
100.143753
100.108131
111.84346
107.752029
102.440437
100.093353
100.091286
100.088989
136.999466
88.8388748
68.7969208
62.1719933
424.920288
421.190369
171.915359
101.828667
188.071716
449.151276
476.715515
448.051392
363.383636
315.995544
201.978821
146.285629
100.12397
100.121407
100.119026
100.116913
100.114784
100.112709
100.110481
100.806747
100.865219
100.347778
117.798882
116.860229
104.855507
100.103394
100.102333
100.101883
100.100777
100.099823
100.098549
100.097031
100.097305
100.095764
100.094833
100.969482
101.384468
100.427315
100.091125
100.090294
109.840569
109.898544
103.280472
103.598747
103.461273
100.910233
112.245605
271.035248
336.565369
221.863739
121.914963
100.1129
100.1119
101.667137
130.571548
138.628448
117.323662
107.699844
105.595558
101.534416
100.116013
140.861282
143.62381
303.319
297.668304
160.364899
40.7685471
40.1307983
40.1277504
40.1240959
40.1208382
40.1173248
40.1140251
40.1114922
40.1088371
75.9674225
76.4551315
52.1689682
40.8482094
48.6072121
354.362762
391.885406
172.668823
52.2975578
40.4226151
40.1147346
40.1567802
40.340744
40.2335358
40.4936295
40.5492096
40.3051071
40.0995865
40.0973358
40.0953293
40.0935326
100.092262
100.090416
100.088806
100.753967
101.866196
101.361389
100.202271
100.082878
112.408432
138.330673
136.15834
113.992157
101.625328
100.088425
100.087112
100.085449
100.083786
100.082405
100.0811
100.079948
100.079353
103.55867
106.010925
103.337219
100.36261
100.077042
100.239235
102.123764
102.25975
100.293617
100.074684
100.074921
100.07428
128.380997
247.826111
215.395096
132.491104
100.092079
100.091415
100.090332
100.088318
101.923805
101.057899
100.457497
100.083984
100.082886
100.081718
100.641479
100.277191
100.183784
100.081276
100.08065
100.080162
100.075409
100.075928
109.023148
11.3961992
95.1004105
100.073357
100.074394
100.073822
50.0765038
50.0766792
50.0765991
50.6064644
56.254921
59.0646248
80.4177322
93.560257
199.04895
152.57132
80.2275085
50.0915222
50.0901985
50.0889664
50.087677
50.0864258
50.085041
50.0844688
50.0835228
50.0821838
50.0819473
50.0810623
50.0790634
50.0775986
50.076416
50.0767326
50.0760345
50.0740776
50.0731163
53.4424324
51.2467346
50.4574814
62.8840485
244.193222
331.766113
206.27739
83.4060211
50.0933533
50.0921211
50.0904694
50.0891571
50.0873795
50.0862961
50.0849342
50.0841904
50.0833397
50.0826263
50.0812263
50.0803528
50.0791588
50.0779381
50.0769653
50.0757141
50.0781326
50.0776672
50.0772514
50.0730629
50.5914116
50.2088623
50.1500969
50.0725288
50.0700874
50.0718002
50.0716858
50.0674973
50.0704422
50.070076
50.066597
50.0664062
50.0662575
50.0657768
50.0656013
50.0651779
50.0650215
50.0647087
50.0646591
50.0641899
50.0641174
50.0639343
50.0637474
50.0634575
50.0632057
50.0631676
50.0629654
50.0627403
50.0624962
10.0281115
40.0965347
50.0619736
50.0618896
50.0601273
50.0600777
50.0600281
50.0599709
50.0598907
50.0597878
50.0596542
50.0594597
50.0591507
50.0586014
50.0585327
50.0584755
50.0584221
50.0583763
50.0583305
50.0582733
50.0582314
50.0581932
50.0581436
50.0581932
50.0578194
50.0579872
64.869194
61.5017395
54.0334587
50.3912926
50.0645752
50.061161
50.0909271
50.0640106
50.0607643
35.8563385
109.376251
106.795952
100.067238
100.065514
100.064369
100.145287
100.067856
100.061478
100.06057
100.059837
100.059235
100.058334
100.058098
100.057747
100.057587
100.057449
100.057587
100.057465
100.311531
80.0714188
80.0599823
80.057373
80.5199127
97.3519287
97.277916
87.234848
81.007637
422.724976
398.801453
201.635315
100.076714
100.075165
102.146912
102.821053
100.843788
100.068985
100.068428
100.098907
100.074944
100.064331
100.06398
103.562935
349.288055
551.441772
430.967133
217.519012
117.218468
100.095558
100.093239
107.918022
263.153229
291.131317
176.473129
108.36425
100.104813
105.965996
106.864067
102.067154
100.090202
100.088036
60.0844574
74.8852692
107.453674
375.264648
552.869995
358.621216
233.151794
456.350098
655.69104
422.251282
145.945068
62.2078285
60.1172295
69.1763687
98.1881256
95.6904373
104.218597
85.4869919
67.2181778
253.651398
299.352997
164.18158
75.1727905
60.170784
104.069908
180.751465
303.593567
534.888489
499.013794
233.725708
125.718208
116.880722
116.821022
108.551376
121.945465
119.403343
105.518112
100.215515
100.152229
102.469482
106.053146
110.571518
237.877441
246.566589
431.471191
404.567169
245.687668
278.597595
422.05249
320.720215
154.290649
100.169624
100.167381
100.164566
159.455048
176.611893
324.839172
432.299255
353.509552
203.527817
119.860847
244.407745
287.859863
186.059326
113.868149
101.155212
101.156708
100.614853
100.482864
100.260529
100.190605
118.507812
223.845032
239.79216
490.158508
436.768494
198.790115
197.770966
310.737549
180.615601
186.446136
145.745773
117.596542
106.952972
132.459137
128.950897
111.420372
102.662163
102.111023
101.097244
113.533104
112.232269
172.979523
185.189072
149.058243
115.128395
102.954102
100.259583
222.589752
235.685593
166.479141
120.066772
105.7491
102.007233
103.089241
101.995483
100.71917
100.678444
100.871017
54.6585388
54.4001007
45.1934967
102.476578
88.8992615
88.039238
114.94191
40.186573
103.0737
166.358856
111.071182
65.6654816
106.801361
105.293869
106.288589
104.201752
143.762512
189.068771
167.878723
138.962387
150.100601
413.003601
468.037109
301.150116
201.210083
145.274597
109.635239
100.266617
100.405251
101.542664
101.71286
100.369148
100.341782
100.255249
100.213615
100.211456
100.57457
117.32621
117.444221
110.710205
141.811829
136.312027
138.465286
