0.0
0.0
0.0
0.0
0.0
0.0
0.0
0.0
0.0
0.0
0.0
0.0
0.0
0.0
0.0
0.0
0.0
0.0
0.0
0.0
0.0
0.0
0.0
0.0
0.0
0.0
0.0
0.0
0.0
0.0
0.0
0.0
0.0
0.0
0.0
0.0
0.0
0.0
0.0
0.0
0.0
0.0
0.0
0.0
0.0
0.0010335471
0.00468546059
0.00468546059
0.00468546059
0.00468546059
0.00468546059
0.00468546059
0.00468546059
0.00468546059
0.00468546059
0.00468546059
0.00468546059
0.00468546059
0.00468546059
0.00468546059
0.0
0.0
0.0
0.0
0.0
0.0
0.0
0.0
0.0
0.0
0.0
0.0
0.0
0.0
0.0
0.0
0.0
0.0
0.0
0.0
0.0
0.0
0.0
0.0
0.0
0.0
0.0
0.0
0.0
0.0
0.0
0.00468546059
0.00468546059
0.171622813
24.7773991
35.3285255
47.509922
31.3307819
10.9116383
10.0023451
1.84729981
0.00468546059
0.00468546059
0.00468546059
0.00468546059
0.00468546059
0.00468546059
0.00468546059
0.00468546059
2.29809618
7.12315559
4.83821964
1.47489297
0.00468546059
0.00468546059
0.00468546059
0.00468546059
0.00468546059
0.00468546059
1.08668268
0.775125325
0.34356758
0.172302172
0.052773986
0.00468546059
8.29732227
8.59293652
2.58660865
0.00468546059
0.00468546059
0.00977664348
0.00630282983
0.00468546059
0.00468546059
0.00468546059
0.00468546059
0.00468546059
0.177884966
0.386253685
0.112503812
0.0729128793
0.251618028
0.0763198733
0.184790149
0.392526746
0.58864367
0.681338072
1.67642331
1.73698628
6.91247177
6.88062954
2.09604287
0.0
0.0
21.2292442
23.2371025
11.5966015
19.4615135
8.86689377
2.25078678
9.8372221
26.8396645
17.9940701
16.252594
7.70504093
1.29276514
0.015017882
0.0
0.0
0.0
20.9558105
73.0098267
69.5159912
31.1728458
10.3363991
28.7107086
17.1233788
10.5336275
2.20975423
0.0
0.0
0.0
0.0
0.0743423253
0.418573767
2.78278518
5.04696655
9.80901241
30.6174889
13.7975016
9.91834927
3.69084167
0.0
0.0
0.0
0.0
0.0
0.0
0.0
4.10080528
3.28105068
0.848853827
0.155821279
40.8930511
51.2677231
54.3502731
38.3945427
28.0327511
108149.68
110.191498
103.163452
100.631897
100.131409
99.9661865
100.356087
100.543777
100.084801
99.9280167
99.9281006
99.9285431
107.527756
133.087189
151.986176
136.341949
189.493103
182.439835
157.966354
146.203598
129.789917
110.153473
106.505547
105.234184
101.917053
100.232735
100.078323
100.047112
113.230011
112.523392
103.468765
100.820412
101.180855
100.285637
99.9946823
99.9762573
100.072891
40.0735321
41.6869087
41.3880196
46.2841415
46.9881325
44.3403473
53.2185249
94.9707794
170.944702
165.465302
93.7082214
48.893322
111.093033
131.322495
89.4055176
53.6548615
51.1826172
48.4766502
42.7747765
40.1473083
40.1508942
40.154129
40.1566238
42.050827
125.232391
136.348419
79.7019577
49.7241554
44.2967644
41.4970856
100.189629
100.192749
73.5966339
40.1975746
40.199604
40.5506783
66.2096786
63.1510696
46.588192
54.9387589
57.5508423
53.30056
46.1635971
41.2643738
102.856613
96.9526672
57.26231
41.7688103
40.892334
40.2768478
40.2259293
99.2014313
151.355392
106.609146
96.7874222
130.977371
115.926544
68.3352585
44.5094376
40.6551819
40.2982368
100.284683
100.26619
50.2644234
10.1200047
92.3610001
111.457306
196.677704
214.882401
149.652634
109.138832
100.255165
100.237198
10.0808458
90.3663101
100.207794
191.635757
166.180664
121.407211
267.947418
262.840057
156.825928
107.025848
100.141357
100.149986
10.0139227
103.350792
127.431686
46.6386375
112.125824
100.112991
50.1606293
50.1265106
53.3184776
79.6812439
175.388611
159.012878
85.7399445
240.996857
160.166061
81.1020584
50.0493813
50.0846939
104.122833
138.28833
165.518921
113.032677
238.896851
354.207123
381.68399
350.267761
217.076874
95.0275345
54.6476631
50.0396385
50.042141
50.0817223
50.1223068
50.0919456
50.0593376
50.0935631
51.9498253
117.142212
140.072205
88.7140503
133.677368
109.572838
70.3123322
102.057259
123.533936
61.2534943
57.0226974
51.1888809
50.6511765
50.8493843
100.248428
50.2400475
50.241497
50.2503548
50.258873
50.2667885
50.2744598
50.2810936
50.2877998
50.2946396
50.3019295
50.6125259
50.3221703
50.321167
50.3242912
50.3264351
50.3278618
50.2872963
50.3143501
50.3009071
50.3091011
50.3340225
50.6767807
51.0654984
50.4602203
50.3993607
50.3347054
53.0447197
51.52248
53.071846
51.3875504
50.6494141
51.438942
51.5083847
50.6383705
50.4354668
50.330265
50.3299179
50.329155
50.3288078
50.3280182
50.327713
50.3269501
52.5333672
51.3285828
50.6956863
50.2455177
50.2145538
50.2141418
50.2138367
50.213192
50.2129478
50.2122879
50.2120399
50.2115784
51.2823601
50.808979
50.937561
50.2457275
50.2224121
50.2086906
55.6363602
68.2285843
60.4810905
53.4112625
50.2269211
85.2166595
116.240005
86.0653381
59.4470406
50.2022095
51.3937073
51.4240227
52.7823486
50.9366837
51.1920815
50.3196754
80.3042908
80.583252
80.298172
80.2970352
80.295784
80.2946548
80.2934265
80.291954
80.2906265
80.2892609
80.2878571
80.2864532
80.2851639
80.2837982
80.2823944
80.2812042
80.2801514
85.4331741
119.815468
127.005653
103.327095
113.694809
254.661804
218.161804
208.770172
142.337692
99.4449158
80.8834991
80.2735596
80.2732239
100.343964
100.571312
100.362961
100.271286
50.2706413
50.4184608
50.8271446
50.4822845
50.2814407
50.2660522
50.2649727
50.2640381
50.2973824
51.2106705
149.403458
263.404724
299.529938
388.013245
483.714752
391.063293
247.710541
165.508362
120.792152
113.162155
189.593597
240.568909
193.760849
127.553207
103.014282
101.721367
100.70414
60.2824745
60.2983093
113.335228
103.954315
74.0545044
60.2992783
145.836288
286.315918
199.03154
97.0936661
60.3833466
60.2834167
60.2990189
60.2990723
60.299057
60.2990913
95.1422348
259.215576
454.818787
362.199738
199.394836
107.495216
106.073837
423.538361
489.367462
276.705811
167.654633
105.365578
73.9092102
60.2834816
70.2833481
70.2832794
70.2832184
70.2831421
70.2830658
70.2829819
70.2828979
70.2827988
70.2826996
70.2826004
70.282486
70.2825546
70.2979584
70.2821808
70.2819977
70.2820358
70.2977066
75.5053482
74.5868454
71.385025
70.280983
70.2809143
159.91835
185.282776
124.811157
80.0935822
73.469017
90.472168
105.923615
90.2414703
75.3909454
51.163475
50.5814362
50.3646622
50.3130455
50.2777328
50.2774658
50.2772255
50.2771759
50.3906441
50.8451653
51.022583
50.4548378
100.941498
87.9354477
61.2853699
50.7363472
52.9414482
184.009827
177.673492
101.300812
57.600029
100.272308
100.272194
104.265839
53.8591232
51.1771774
50.2708054
51.2665939
51.7324028
52.2097206
65.8109741
50.4087067
83.0272827
80.9463425
340.123108
244.135284
278.876709
278.296936
222.074402
162.461792
94.8759232
59.089241
447.779083
803.195557
526.779541
151.138748
40.3654633
40.3654633
40.3654633
40.3654633
40.3654633
40.3654633
40.3654633
46.2440414
115.946579
309.664612
335.298492
480.020386
519.912476
324.782257
155.790863
629.62561
741.650757
696.334412
769.341614
778.73053
697.689636
445.90564
405.312836
438.440125
401.164612
163.871109
100.365463
100.365463
100.365463
100.365463
100.365463
100.365463
100.365463
100.365463
100.365463
100.365463
100.365463
117.673904
135.403244
121.570747
104.276688
100.365463
100.365463
100.365463
102.511955
105.82402
102.048088
100.915787
102.138191
101.677391
100.790291
100.390236
100.325882
100.316124
113.015121
107.054367
102.357841
100.677124
100.313881
300.641785
297.583435
159.893356
110.100555
104.910469
101.74794
100.225487
100.220016
100.209213
104.481331
102.516579
101.033844
100.148018
100.109161
100.093002
100.082741
111.644394
55.339077
51.7714462
50.1659698
50.1596146
50.1214027
50.0836296
50.0754547
50.0693245
50.0638161
51.062027
110.614487
99.5848007
64.9398727
50.0916672
50.0780907
50.0742722
50.0366287
50.03442
50.0336189
50.0332527
50.0334015
50.0340347
50.0351181
50.0365639
50.0384636
50.0408554
50.0435753
50.0468407
50.0508575
79.5051575
70.2969208
56.9069252
50.2941399
50.1280136
50.1335297
50.1667213
73.0146408
64.7989273
54.7465096
50.182209
50.1717491
50.1777306
50.1847229
50.1913071
50.1969414
50.2019768
50.2069931
50.2120514
50.2173462
50.2288818
50.2263145
50.2288284
50.2317276
50.2346458
50.2385292
51.0640869
50.3569603
50.3062363
50.2528648
50.2567291
50.2609901
50.250042
50.2583656
50.2677002
50.2789192
50.2634354
50.289547
50.2909279
50.2904243
50.2900314
50.2893677
50.2888985
50.2884254
50.2879295
50.2872772
50.2866745
50.2861252
50.2854805
50.2848701
50.2842331
50.2836227
50.2829857
50.2820206
50.3585091
65.9653778
60.7134552
53.6059227
50.2787666
50.2778854
50.1601982
50.1590614
50.158493
50.1581116
50.1572762
50.1566467
50.1562576
50.1554604
50.1548805
50.1542053
50.1534081
50.1509361
50.1473389
50.145916
50.1449585
50.1438293
50.1428413
50.1418419
50.1406898
50.1397324
50.1389275
50.1390457
50.4209709
50.1410751
50.1614418
50.1347008
50.1343918
52.2640305
52.0171127
50.7394791
50.2650337
50.243042
10.12535
70.3561478
80.2380981
80.7586212
80.2431717
80.2335129
80.2321014
80.2305603
80.2289047
80.2273254
80.2256012
88.2320099
85.2099991
124.223305
113.05088
90.4294052
80.2160568
80.2144928
80.2129135
82.1912231
83.5919189
81.8839798
80.6669006
80.2055588
89.2285995
87.4693832
82.9167404
82.615097
81.425766
80.6338577
103.450127
103.125473
103.313942
102.459106
101.6381
104.861885
108.759598
143.37677
135.706223
155.777725
370.178986
502.82373
331.945374
150.643616
104.024185
104.31562
102.58551
101.995415
100.759933
100.281517
100.283768
100.285339
100.285995
100.286606
100.286781
100.307045
50.4107552
56.6908569
56.8622971
52.6585312
50.3527603
60.2159958
60.1983376
60.6304512
61.3146896
61.9439392
76.0325165
79.976944
71.8869858
63.7108612
60.8089981
66.7256165
63.9982033
61.3559151
105.768837
118.476662
141.003967
160.764694
162.461151
221.037613
179.488647
123.465691
78.2595825
65.8588943
144.29039
338.334839
214.649368
103.144417
64.9392319
62.5407486
61.19104
12168.4082
110.191711
123.504013
113.783836
103.605507
100.275398
102.111732
102.172272
100.918892
100.93895
100.813782
100.41539
100.33197
100.2901
100.277596
100.274597
118.513565
123.828926
117.610054
106.690331
101.418457
100.351967
112.029213
113.112976
106.549034
101.588737
107.297836
242.066849
265.944611
176.025146
118.512627
101.813286
100.397804
100.271042
101.57959
101.744965
100.640862
100.270943
100.270798
100.270294
100.26989
105.928932
104.071053
101.208107
100.268097
100.285324
102.399643
102.105873
108.441483
139.845749
169.908569
151.971008
177.532822
187.065186
138.337677
122.161118
141.17041
193.029907
170.743759
126.630157
182.988739
146.886932
53.4527054
40.6561394
41.04496
40.8475456
40.5555611
40.3634338
40.3635521
40.3635902
40.3634911
40.3634338
74.2728424
177.597382
527.327515
350.020142
217.236725
298.337128
190.242859
77.242012
40.3654633
40.3654633
40.3654633
40.3654633
40.3654633
316.323914
278.132904
124.862488
59.3750305
49.2219238
68.9281769
72.6166382
116.090401
104.744125
103.736313
102.725548
151.756454
146.376526
158.025269
141.38208
110.47094
100.365463
154.027618
262.176422
281.415405
189.608795
115.06488
100.365463
100.365463
100.365463
110.004379
135.891357
126.243851
105.777557
174.2164
278.029572
226.572922
239.916565
265.300751
187.503998
198.103973
174.081619
120.762794
101.250679
100.738388
100.364098
100.355286
114.255814
107.219925
102.442223
161.863007
197.537628
338.683533
266.419128
147.541107
101.419502
100.434235
100.257767
100.257011
100.252319
100.233803
100.222359
100.217125
100.617699
100.232315
100.212555
141.456863
174.452682
142.217896
109.930397
105.95565
103.288445
101.271286
50.1262131
50.1131592
50.1046715
50.0966568
50.0891342
50.0822029
50.1087494
124.726791
338.897186
297.478333
132.618835
58.7254829
82.9418945
1037.53918
1266.35107
632.038513
146.123276
50.1254044
50.485466
100.126968
100.084366
100.037956
100.035767
100.037262
50.0392838
50.0418396
50.0448685
50.0483704
50.0523529
50.0569267
106.00766
234.55246
503.032227
500.369202
270.10849
128.567719
100.184105
100.165115
100.899841
100.279839
100.237267
100.20092
100.20816
100.217392
100.22699
100.235771
100.244896
100.25428
100.263214
100.271538
100.279411
100.286674
100.300735
100.307632
100.306351
100.312958
100.318634
100.326569
100.330872
100.333069
100.338219
100.296951
100.305481
100.334213
100.339493
100.328262
108.094795
103.271843
101.351128
53.0311432
51.1626472
54.576828
57.9039192
61.3920021
61.7358627
63.2939262
55.4259872
51.7001534
50.3412247
50.3408699
52.981102
51.1569214
50.6908989
50.3390732
50.3388176
50.5408669
50.3378029
55.2332115
52.0633087
55.6890907
107.499916
105.665245
107.400291
117.675636
110.529404
103.295883
112.631203
116.308548
124.31543
111.724579
103.627693
100.224663
102.188164
102.152817
100.699295
100.330627
100.221428
101.029305
50.2849274
50.2358437
50.2414246
55.7104378
52.2086182
50.9623947
51.175457
81.6740494
95.5495605
165.482574
226.707886
196.509491
104.847664
92.59375
80.5136871
80.3210754
80.3212357
80.3213043
80.3214264
80.3211975
80.8848267
80.3204498
80.3200989
80.3195496
80.3190079
80.3182068
80.3173828
80.316597
80.315567
80.3147049
80.3136902
80.3127289
80.3116608
80.3105698
80.3094711
131.622421
175.487518
160.813171
122.618057
264.30719
260.368286
222.816956
146.404114
126.193649
103.862862
100.537552
100.72084
100.450668
100.336884
100.33728
101.257011
101.775337
100.840271
100.362175
100.337082
100.336807
100.336617
100.336342
100.336044
100.335579
100.33477
100.333961
100.333267
100.332558
100.331772
102.538017
138.275299
143.05864
137.498215
120.461525
105.885803
131.282654
241.595642
303.518677
182.041534
92.6690521
63.2673073
60.6438675
60.2698364
60.4739838
60.6071053
60.4039078
65.0154953
96.4364624
111.302917
95.8960876
71.5968781
62.1560097
60.2573051
60.257103
60.2569084
60.2564507
60.2562256
60.7641983
60.4810867
60.3298378
60.2696037
60.3096199
60.2748489
60.2676735
60.250145
60.2492332
60.3014145
60.545063
20302.7969
121.946632
113.465202
103.707153
100.256462
139.600449
128.350723
108.905708
100.239464
103.816589
102.870148
101.457359
109.352501
106.450401
102.130112
231.928192
194.943665
494.640076
450.434631
530.012878
328.421661
178.863861
265.726959
211.107941
134.814163
104.631378
102.411133
100.720932
105.812408
104.220566
120.262131
388.046204
651.275757
600.31665
696.291016
552.232239
471.379822
526.081787
444.811615
161.435913
142.203979
113.123093
107.833305
123.342529
117.028831
114.952126
110.183762
102.917427
100.2743
100.274178
100.291512
100.273476
100.273262
123.885597
191.15062
168.206085
118.400459
118.706772
231.805054
593.121582
568.277222
284.282074
122.89711
100.365463
270.714752
192.94455
158.979874
170.419586
201.823929
221.853363
208.896896
202.765747
176.595169
130.278488
120.837173
110.525192
102.228264
100.365463
100.365463
100.365463
100.365463
100.365463
100.365463
100.365463
100.365463
100.365463
100.365463
100.365463
100.365463
100.365463
45.2506409
45.2850227
102.752151
100.706001
100.425735
100.365463
100.395248
100.374924
100.365463
100.365463
100.365463
101.680649
103.344246
102.240791
100.537239
100.365463
100.663887
100.460266
100.365463
100.365463
101.896965
103.30072
101.921318
135.120865
135.099396
114.973923
174.910278
242.49057
377.193176
385.991119
226.768265
119.294624
100.365463
100.357216
100.350494
100.351921
100.360977
100.324516
100.335388
100.32444
100.313705
100.321365
169.605835
350.305359
515.814819
440.810425
224.865891
120.608307
100.266434
100.36676
100.252068
100.221146
100.217667
142.346954
258.864685
453.332153
450.751038
272.108582
136.898346
102.802536
100.122002
100.083084
100.099716
54.4813385
52.4860611
134.141052
673.884705
580.966736
211.713318
52.0766563
102.618561
50.1512413
50.1202507
50.0866547
50.0496063
50.0457764
50.0425568
50.0399818
50.7680588
50.0904655
50.0446167
50.0337753
50.0334053
50.0335503
50.0341911
50.0354424
50.0752716
50.1150208
71.4522247
88.5864792
69.8743362
55.9179497
100.116768
100.130569
157.287476
172.564301
130.63942
105.512146
100.172676
118.574028
108.554764
102.851875
100.177902
100.186264
100.19471
100.202728
100.227188
100.225128
100.225792
100.232864
100.240204
100.247414
108.097351
102.621162
101.057114
100.270515
100.27504
100.281738
100.290154
100.289444
100.286629
100.293556
50.3065071
50.2987633
50.3514061
50.2913246
50.3012657
50.3090401
50.313221
50.3158798
50.3154526
53.4129639
51.0627708
50.6114082
50.3137894
50.3133659
50.3127327
50.312252
50.3118439
50.3112869
50.3106079
50.3100395
50.3094978
50.3089104
50.3085403
50.3077354
50.3072853
50.306488
50.3059196
50.3052025
50.3046722
50.3039474
50.303421
50.191143
54.2148743
53.0283051
51.0958633
50.3685646
50.2095261
50.1846924
50.1841164
105.310234
92.6473923
63.7624664
50.1839981
50.1834908
50.1828461
50.1823654
50.181839
50.1815834
50.203064
50.1807671
74.5891266
66.0306854
55.4118805
50.178421
50.1777
50.177536
56.9051857
53.0928345
51.1956635
51.5773201
50.4456482
50.2966576
80.275856
80.274704
80.273819
81.3498993
80.4061661
80.3208008
80.3219681
86.1735382
103.441231
151.024933
261.930359
328.616699
253.459671
150.73317
101.167831
83.8371582
81.4475479
80.2677917
80.2680817
80.268013
94.9315262
89.743042
83.5467072
80.2663269
80.2657623
81.2944107
80.2842178
80.2630844
80.2621536
80.2611923
100.260025
100.258766
100.257751
128.40416
124.792511
107.935478
100.27211
100.25248
100.251259
100.25016
100.248894
100.247681
100.246429
102.360291
81.0684128
91.0159607
71.4892654
93.3586273
145.81839
149.760513
140.192001
136.064697
160.212891
123.722435
104.116585
100.246338
80.5139236
486.11969
747.999268
610.69397
344.076202
117.599045
65.2359009
60.6555862
60.2992325
60.283535
60.282856
60.2828751
60.2831039
60.299469
60.2996101
104.360077
92.5761948
70.4137497
60.283432
60.341835
60.2901459
74.2954178
67.8586502
62.7025795
60.2832642
60.2832603
60.2834854
93.0071335
81.6065521
66.994957
62.2248917
230.694214
179.478607
99.1621933
61.780201
139.946503
268.025757
253.60318
276.827698
173.334213
97.3555908
70.2828217
70.2828979
70.2982254
70.2823868
70.2820358
70.2818069
70.2816391
70.2815018
70.2816086
71.3996582
71.3683777
70.6020813
93.9099274
88.2206573
75.5375137
70.2805557
70.2964401
70.2800064
70.2797928
70.2796021
70.2796478
70.2958298
70.2791443
70.2788239
70.2788467
11.1701937
41.8366585
50.6285934
50.2775993
50.2776031
62.2661514
59.0021935
53.1348419
53.6547127
52.7962723
50.8794365
62.084034
128.376526
147.361908
95.6015854
59.2588196
50.273365
50.2732544
51.9937477
79.9298859
77.7180862
61.2970314
57.6766548
54.4856987
51.3402748
50.269989
86.942337
75.5599213
168.876495
115.918594
70.3629456
40.8499413
40.3638039
40.3637466
40.3637466
40.3636475
40.363472
40.3633347
40.3632774
40.36306
71.5041733
63.3306427
47.7920494
40.9525414
48.9083214
162.78157
161.682419
89.2609253
47.5623817
40.6059723
40.3628731
40.4175072
40.5946045
40.4872093
40.8443527
40.827137
40.5634575
40.36306
40.3629646
40.3629646
40.3628464
40.362709
40.3626518
40.3624344
41.2320938
42.321476
41.546978
40.4624443
40.361618
52.8430901
68.5400391
63.1202393
48.5559692
41.2153091
40.3603859
40.3602104
40.3600388
40.3598785
40.3596268
40.3594131
40.3591576
40.3590622
43.9938087
45.1851463
42.5387115
40.5278168
40.3580055
40.5293083
42.3013306
41.9758339
40.500248
40.3495445
19231.6738
100.355492
120.385918
157.587006
136.904327
109.644463
100.301796
100.297821
100.297272
100.284004
102.27433
101.049606
100.519585
100.246353
100.237762
100.228813
100.905655
100.382042
100.290222
100.211548
100.207207
100.194305
100.154617
100.14209
108.086861
103.697945
101.102486
100.07251
100.089279
100.079102
50.1045837
50.158226
50.1524811
50.7435608
55.28685
56.638916
67.4243622
72.8122253
100.927216
79.712822
58.0725174
50.0216217
50.0164375
50.0113869
50.0066223
50.002182
49.9987984
50.0377045
50.0378914
49.9952354
50.0287895
50.0276947
49.9878922
49.9851303
50.021553
50.0574913
50.0210762
49.9846954
49.9844818
53.3257065
50.9195938
50.315937
59.1921616
100.217377
117.077469
81.1352615
56.7966309
50.1319389
50.1056709
50.1036186
50.1050186
50.0818596
50.0806656
50.0838547
50.1062851
50.1116714
50.099247
50.1039047
50.1104355
50.1178246
50.1256561
50.1340065
50.1415176
50.1562233
50.1658897
50.1630058
50.1621246
50.9494934
50.2635345
50.2206955
50.1849785
50.1891785
50.1759109
50.1992073
50.2042274
50.1939621
50.2237625
50.2260818
50.2285042
50.2283287
50.2278481
50.2273712
50.2266502
50.2261086
50.2254143
50.2248802
50.2241554
50.2235069
50.2230797
50.2224731
50.2217598
50.2210655
50.2202301
50.2196236
50.2188301
50.2182236
50.2174187
50.2165756
50.2159386
50.2151756
50.1006775
50.1002388
50.0997429
50.0990753
50.0984116
50.0977058
50.0967484
50.0953598
50.0938492
50.0918121
50.0909538
50.0900383
50.0892982
50.0885544
50.0877571
50.086956
50.0862427
50.0852776
50.0842094
50.0834885
50.0828514
50.0826225
61.7453079
57.7994385
52.5657196
50.2750931
50.0807266
50.1018333
50.1253548
50.0773735
50.0763512
4425.35596
107.029839
102.457321
100.178238
100.176834
100.17543
100.243652
100.172302
100.170776
100.16906
100.167343
100.165367
100.163773
100.162148
100.159981
100.15799
100.155975
100.154243
100.152489
100.376244
100.15049
100.147171
100.145332
100.514755
108.173462
107.19455
102.836449
100.425774
147.421326
140.857117
112.740471
100.129677
100.128242
101.066147
101.226105
100.437737
100.122734
100.121368
100.133171
100.122719
100.117233
100.116028
101.723389
138.907272
169.382874
159.573944
126.131027
104.993622
100.107971
100.106804
104.062531
137.269867
144.432312
120.459198
103.233536
100.10405
103.290665
103.651093
101.139091
100.096992
100.095818
60.0082664
66.9874268
77.0906067
123.801392
160.367172
126.48127
111.772888
171.337784
226.465027
165.36853
87.7685242
61.5573235
60.0454407
67.5903549
84.6092682
82.5605545
87.4577332
75.0387802
64.2345047
127.71357
148.285858
101.863396
67.6220779
60.1195221
88.5018845
120.032364
159.411789
236.952377
224.523285
128.374237
82.5809021
87.2986908
82.9512177
77.2626114
90.1675568
83.4854889
73.9379807
70.2522964
70.2048416
72.265419
75.4474258
79.1281738
140.354294
127.172348
236.160568
170.436707
149.238937
184.788773
240.826843
153.406158
90.0317612
70.2447433
70.2664642
70.2533264
124.032608
123.330414
215.636292
243.095581
212.522202
128.230255
82.922287
220.628891
225.539337
154.33934
110.806175
101.585121
101.419159
100.859375
100.62529
100.350067
100.27713
127.466843
204.375549
195.107925
375.09668
252.300598
140.346664
103.292213
104.001442
168.405106
187.013489
145.707382
121.446945
109.192001
139.99939
134.325043
112.964554
103.922562
102.992653
101.710014
120.416428
115.495598
112.193741
120.104691
89.663559
56.6130409
43.4325333
40.4351997
139.309067
138.373199
101.127045
63.5241432
46.8131065
43.6429977
45.2773514
43.0926018
41.1177673
41.2475052
41.4921036
61.3405685
58.2047386
46.3820953
43.9530373
89.0769043
81.7206345
52.4276924
40.3654633
45.0576172
98.766243
97.4276962
61.3333015
49.8095741
47.3207169
49.1245155
45.3321075
84.1394653
119.727669
100.007011
81.9022598
96.0403595
261.572083
292.789062
211.174637
166.717743
162.721161
112.391579
100.452652
100.783844
103.167198
85.7672653
61.1079178
54.119976
51.733696
50.9475136
50.7240944
51.4131889
67.2758636
65.4561081
56.3932343
91.5495911
80.5826874
89.0884323
