0.0
0.0
0.0
0.0
0.0
0.0
0.0
0.0
0.0
0.0
0.0
0.0
0.0
0.0
0.0
0.0
0.0
0.0
0.0
0.0
0.0
0.0
0.0
0.0
0.0
0.0
0.0
0.0
0.0
0.0
0.0
0.0
0.0
0.0
0.0
0.0
0.0
0.0
0.0
0.0
0.0
0.0
0.0
0.0
0.0
0.0
0.0
0.0
0.0
0.0
0.0
0.0
0.0
0.0
0.0
0.0
0.0
0.0
0.0
0.0
0.0
0.0
0.0
0.0
0.0
0.0
0.0
0.0
0.0
0.0
0.0
0.0
0.0
0.0
0.0
0.0
0.0
0.0
0.0
0.0
0.0
0.0
0.0
0.0
0.0
0.0
0.0
0.0
0.0
0.0
0.0
0.0
0.0
0.0328328907
26.1519966
69.2495728
134.176987
103.027832
36.5442886
10.0016184
5.17577887
0.00941559765
0.00974721182
0.00983912684
0.00985536817
0.0100276107
0.0100431349
0.0100578889
0.0102418205
5.13094616
17.5219994
12.1042089
3.73515749
0.0110755656
0.0112827038
0.0114145651
0.0115643367
0.0120722894
0.0119675333
2.77611351
2.01198149
0.896018624
0.414957821
0.133299589
0.0130303223
23.4166508
13.9227104
10.0039234
6.67758846
0.0138674648
0.0297725908
0.0176697783
0.0128530124
0.0128499307
0.01284579
0.0128403381
0.0130179245
0.466381639
0.96297884
0.289424509
0.190397024
0.614333868
0.193582296
0.447505176
0.929906607
1.35852373
1.59075701
3.75628233
4.02642584
16.9559078
12.7903509
10.0150948
0.613866687
0.0905314237
80.1914902
102.874962
54.0440559
40.6321754
24.2821407
10.0154648
37.900425
84.5892029
81.6014938
42.857769
33549.8281
103.800346
100.295715
100.050621
100.050941
100.05117
161.058365
464.546082
466.696991
234.651031
114.238983
151.054047
151.370956
117.944275
101.524231
100.083946
100.083298
100.082542
60.1802177
100.32048
100.916748
104.985313
109.61425
119.503952
174.160889
163.077087
117.400085
100.086685
100.086319
100.086021
100.08532
100.084343
100.084007
100.083054
100.14341
107.368843
107.151062
102.07415
100.488731
225.570847
300.185516
235.157837
172.827255
165.75322
142.520523
92.051239
76.9212875
71.3803711
70.4679642
70.1826401
100.760483
101.234482
100.405388
100.108154
100.107185
100.10627
111.816673
168.440643
226.178101
196.259415
374.566376
378.328308
242.996841
183.652161
153.884293
118.057121
109.241501
107.716415
103.017616
100.501556
100.298004
100.224487
118.377075
118.886322
105.489441
101.300507
51.8949623
50.6002235
50.1409149
50.1398125
50.1396484
40.1381187
42.223793
41.9754753
48.8844337
50.679039
46.947773
62.1749802
167.744431
441.337769
419.353973
182.966324
56.8078728
190.424835
227.624847
130.118973
60.1711349
53.7429123
50.9243469
43.5996933
40.1624451
40.1612015
40.15979
40.1582108
42.2784119
236.443085
264.197052
125.552292
53.3022614
45.4550934
41.8553963
40.1652832
40.1639519
40.1626816
40.161335
40.15979
40.5780563
74.891098
74.2142563
49.4715195
60.641922
66.6133652
59.7861519
49.4336777
41.7882118
166.715805
167.880005
76.9973373
42.0708275
41.0046997
40.2345352
40.1663017
139.793777
246.53067
175.081284
141.634811
231.993347
214.960693
142.888687
105.799911
100.550171
100.229507
100.201302
100.200432
100.199875
100.199165
101.563934
109.946808
251.239548
282.583191
183.621597
113.815384
100.236214
100.226265
100.213203
100.212555
100.212059
211.679703
201.748856
132.577682
318.053009
342.773865
191.207718
108.816399
100.237961
100.237938
100.237801
107.955261
157.696655
147.407837
114.081329
100.243347
50.2421608
50.2397919
51.8602104
70.3290863
166.896408
169.375
96.4814301
261.503113
236.912567
106.799362
50.245842
50.2439957
87.8468628
122.04715
151.514496
117.323059
246.978104
436.318085
444.794373
353.795898
201.2034
87.1393127
53.2373886
50.274128
50.271637
50.2695122
50.266819
50.2642021
50.2615166
50.2591248
101.324875
155.518097
183.155457
135.326691
184.965759
160.267471
119.975525
101.83474
121.656151
109.362343
105.773285
101.010971
100.575348
100.657906
100.226051
100.220345
100.214149
100.210457
100.207077
100.20343
100.199928
50.1968498
50.1936264
50.190464
50.1873627
50.3358765
50.1814499
50.178421
54.4218788
50.1726227
50.1701622
50.1675262
50.1662865
50.1651611
50.1648331
50.1635551
50.3432007
50.5530548
50.2658424
50.2145042
50.1595993
51.8907852
51.0787544
52.0660629
51.0213432
50.4540062
50.8698235
50.9911995
50.4626999
50.2594872
50.1514511
50.1504555
50.1497383
50.1487923
50.1479416
50.1469803
50.1455917
51.7334099
51.0375595
50.6022072
50.1733589
50.139576
50.1390076
50.1382141
50.1371498
50.1361694
50.1351433
50.1341972
50.1331367
50.9000435
50.6031113
50.6822701
50.1684303
50.1431732
50.1276779
54.6906166
69.4602814
61.7965622
53.9567184
50.1245308
104.65097
190.967255
147.854477
77.5638809
50.1327362
51.0867348
51.2453461
52.7238426
51.5869865
51.213501
50.16222
80.1334
80.2913895
80.1231232
80.1213989
80.1199036
80.1184311
80.1168289
80.1152725
80.1137085
80.1117859
80.110054
80.1086502
80.108017
80.1068192
80.1040115
80.1044235
80.1033783
86.7388382
169.540497
206.249222
150.900711
162.068436
746.466187
729.766113
435.005402
231.646057
127.351311
81.0654755
80.1356277
80.1332626
100.229904
100.514458
100.2407
100.126572
100.12484
100.325409
100.848663
100.377846
100.133705
100.117317
100.115646
100.11438
100.148674
101.183739
370.595032
759.466858
806.135742
826.468384
970.012451
673.526978
305.530579
160.551941
118.226776
110.111626
190.063019
244.84726
191.159332
124.495049
102.243538
101.117699
100.445892
60.1706123
60.1688347
106.519577
100.823547
72.4280472
60.1652107
154.556992
357.058472
286.843475
120.668945
60.247921
60.1728783
60.1710243
60.1688843
60.1666718
60.1645126
87.2306595
334.990784
658.426208
530.374939
226.534653
93.9563751
93.009285
432.49881
493.748596
245.851913
130.415497
86.603714
67.9196625
100.193382
100.19162
100.189964
100.187981
100.186302
100.184273
100.182434
100.180344
100.178535
100.176712
100.174561
100.172745
100.171021
100.169479
100.167709
100.165741
100.164078
100.162743
103.207359
102.888031
100.855774
100.156166
100.154434
179.906723
225.202972
165.580978
113.316048
102.788376
117.779457
135.175995
121.520981
105.665199
101.03331
100.437271
100.237671
100.173561
100.154617
100.153656
100.152451
100.151306
100.228912
100.610039
100.810402
100.313446
146.97316
143.945755
113.159431
100.666656
102.690033
301.996704
322.355255
187.307159
110.299927
100.159691
100.159081
103.460999
103.504074
101.025551
100.156013
100.985062
101.493874
101.812202
112.738754
50.2381172
80.9768066
87.6824646
563.112305
542.514282
416.012207
339.333496
231.913788
142.360947
81.9539108
53.2026787
476.883881
836.98938
527.024109
148.876144
109.332146
554.217712
168.137131
100.197914
100.196068
100.194229
100.192604
103.342827
151.54541
376.295807
390.138306
450.462646
459.911804
453.389435
510.308502
877.893799
696.805725
583.883484
573.57843
602.533936
515.700439
310.61972
273.471283
272.031067
298.91745
119.839203
100.257515
100.256935
100.255814
100.255035
100.253914
100.252815
100.25145
100.250633
100.249413
100.248306
100.247505
109.580658
120.500839
113.01004
102.583542
100.243874
100.243317
100.242233
101.442253
103.432304
101.210464
100.555275
101.314873
101.029366
100.488861
100.267845
100.235176
100.234093
108.092682
104.343178
101.51123
100.493423
100.243202
378.092712
366.27774
180.451279
105.971817
102.873421
101.100243
100.241692
100.241188
100.240623
102.55661
101.45533
100.682816
100.238754
100.236847
100.236496
100.236008
106.743713
53.0672302
51.1102676
50.2297821
50.2271538
50.2248459
50.2219658
50.2190933
50.2165985
50.2138557
50.7717552
99.4978256
89.020752
61.866806
50.2052498
50.2032013
50.2010117
50.1986198
50.1960869
50.1936531
50.1914635
50.1889839
50.1867828
50.184227
50.1818962
50.1797523
50.1771851
50.1749344
50.1729965
50.1703835
75.9040375
118.814117
106.469757
100.349258
100.158928
100.156174
100.153763
124.321724
117.184799
105.435349
100.145706
100.143654
100.141273
100.13913
50.1369629
50.1351929
50.1332169
50.1315041
50.1298752
50.1283646
50.1268921
50.1251602
50.1237869
50.1224594
50.1210518
50.1198654
50.6194458
50.249424
50.1911507
50.1154366
50.114563
50.1134834
50.1105156
50.1100273
50.1093674
50.1086311
50.108429
50.1081161
50.1068344
50.1061859
50.1055069
50.1051826
50.1045074
50.103756
50.1030731
50.1022758
50.101429
50.1008148
50.0999298
50.0992355
50.0986633
50.0978928
50.0968666
50.0960274
50.1491699
67.4364014
62.632637
54.1724968
50.0946045
50.0943069
50.0905457
50.0900192
50.08955
50.0890923
50.0886879
50.0881844
50.0879135
50.0875244
50.0869255
50.0863228
50.0858269
50.0854416
50.0845566
50.0843048
50.0839577
50.0836182
50.0833626
50.0830231
50.0826645
50.0828667
50.0824127
50.0824089
50.3213997
50.0913315
50.0838394
50.083725
50.0809822
52.232151
52.1933517
50.8766212
50.2640533
50.0805969
80.0802078
80.0798035
80.0794296
80.6180191
80.0974808
80.0777206
10.0425873
70.1148529
80.0802002
80.0770111
80.0765915
89.0384674
11.0763111
186.856812
160.647659
106.597122
80.0888672
80.0881958
80.0875549
83.9153748
87.656868
84.605278
81.3366776
80.0845871
32.0354996
91.0081482
88.2979813
85.9235001
83.864769
10.0467358
49.8016205
58.6443062
58.6380081
56.9100456
54.376564
62.8629837
75.7739792
251.157776
246.774414
289.135925
1240.56592
1615.29224
854.551208
248.573929
103.841141
104.63501
102.631798
102.067795
100.663322
100.11908
100.11721
100.11554
100.113632
100.111603
100.109673
100.131332
100.238068
106.732536
107.791916
102.891762
100.267815
60.0990143
60.096981
60.6175842
61.4909897
62.336937
80.6118774
89.6803131
79.5048752
66.4326401
61.2090263
70.2619934
66.7608185
62.1517105
161.55838
188.65477
244.290573
289.109772
272.770355
414.187775
349.584808
178.243759
85.3551102
67.5973206
162.81929
542.504822
475.907837
178.299866
64.545433
62.406086
61.0413551
70.2351913
78.1892395
91.9242172
86.050148
74.0631561
70.1406174
71.9825058
72.240509
70.9126511
70.7868347
70.7200775
70.3051605
70.1761322
70.1481476
70.1329956
70.1279831
86.0445633
96.8830948
92.2537918
79.6544342
71.8605957
70.1939621
81.9412918
87.3591843
79.5715179
72.1655197
77.5875702
326.055908
415.545593
244.899323
104.760719
102.49025
100.328575
100.141106
101.380013
101.932938
100.607445
100.137413
100.136429
100.135529
100.134331
104.616043
104.787552
101.335571
100.130249
100.129616
102.017845
102.460754
57.2846146
92.114975
144.468811
135.303818
141.338043
164.542877
120.244896
77.5434723
138.951523
148.740005
199.222839
92.6235275
174.147705
170.15834
60.9223442
40.4998512
40.788784
40.6686897
40.3821526
40.1687279
40.1667366
40.1647263
40.162796
40.1610985
70.1581268
265.442108
899.102844
782.563599
311.056366
256.956207
217.868683
89.0730057
40.1956062
40.1948166
40.1932106
40.1917877
40.1904793
339.129578
347.955383
140.622208
49.8520432
44.6999054
55.437355
58.1590843
109.30619
102.590637
102.065712
101.42498
131.768158
130.906784
137.715607
128.945847
107.640587
100.197128
134.631989
219.217957
234.994934
163.802734
110.862709
100.212578
100.211952
100.211319
104.909569
119.598145
115.418381
103.548271
148.082092
220.944916
188.091949
196.575363
200.873657
149.901093
158.544769
137.965546
111.838852
100.682083
100.433357
100.235405
100.234619
107.599083
103.61908
101.296844
137.933319
165.320358
276.501648
216.922562
134.21611
100.750984
100.320251
100.247383
100.247032
100.246582
100.245995
100.245644
100.245056
100.45562
100.244102
100.243393
122.202728
143.433289
124.536789
106.045959
103.753075
101.771393
100.785248
50.2435379
50.2410851
50.2383575
50.2357101
50.2329407
50.2305679
50.2280502
106.026962
422.168823
381.301819
153.916107
56.3608437
75.5570526
1109.89697
1340.01514
587.298218
120.669228
50.2420998
50.4972038
100.23835
100.23571
100.233025
100.230652
100.228256
100.225693
100.223
100.220573
100.218102
100.215363
100.212944
103.489838
249.964844
661.550415
654.260681
299.782196
123.191223
252.179688
266.99054
100.688942
100.233986
100.219429
100.200943
100.197662
100.194389
100.191269
100.188004
100.185181
100.182213
100.179176
100.176224
100.172958
100.170341
100.167709
100.165154
100.162651
100.159897
100.157974
100.155502
100.153252
100.151489
100.14933
100.147278
100.146202
100.145409
100.144783
100.143745
105.166634
102.314804
100.879723
101.920273
100.81778
103.210381
106.22065
109.940857
110.975143
113.543518
106.249466
101.851906
100.136063
100.135536
102.308449
101.212067
50.5905952
50.1327019
50.1317406
50.2569199
50.1299973
54.7932358
52.4508324
56.0155602
108.739288
106.925064
109.042076
124.317749
114.845459
104.490891
116.64473
123.73381
137.358383
120.340691
105.998024
100.128899
101.735893
102.133095
100.907265
100.298294
100.125381
100.689606
100.184128
100.142097
100.122269
105.738113
103.564194
101.399597
50.8217468
94.9672852
137.878525
327.257599
464.602234
400.41272
182.731873
104.070358
80.3696594
80.1466064
80.1448746
80.1429977
80.1413803
80.139679
80.4419403
80.1358643
80.134079
80.1323166
80.130661
80.1287766
80.1267929
80.1247787
80.1228485
80.120842
80.1189651
80.1170731
80.1152115
80.1132965
80.111618
160.208038
293.961609
275.854919
172.185394
568.67865
599.015198
345.08728
176.422852
138.864426
104.829933
100.362434
100.551964
100.261894
100.145897
100.143822
101.060463
101.708946
100.636284
100.155823
100.135284
100.13343
100.131874
100.130005
100.128784
100.126869
100.125053
100.123383
100.121727
100.11982
100.117981
102.224228
148.705841
164.785034
160.880646
137.168457
109.790596
152.708527
502.384216
667.561829
360.49292
124.660873
63.8153114
60.5355568
60.1404381
60.3618393
60.4912033
60.2561188
64.8889618
102.063995
127.047905
109.557289
76.7274399
62.7329407
60.1318321
60.1300545
60.127594
60.1254044
60.1231918
60.6806068
60.3444748
60.186264
60.116291
60.1650505
60.1199074
60.1117897
60.1103554
60.1087074
60.1532974
60.4136009
79.0562515
95.7371521
88.7919006
74.908905
70.1281815
130.48111
128.042023
87.0761414
70.1090851
74.9484024
74.7759857
72.1081696
82.0928116
81.4449387
73.398262
413.608429
429.134766
913.155396
1000.8479
893.880188
550.769226
212.54364
231.66243
202.185196
140.954163
102.932831
101.760185
100.499886
103.427277
103.095566
113.389099
436.54068
783.226929
676.811157
612.557739
412.627228
183.846481
179.708038
418.729675
167.389572
124.235924
107.343117
104.660416
114.403229
110.138359
109.324387
106.177933
101.749512
100.185059
100.183846
100.183197
100.181732
100.180687
115.652222
179.110474
156.391724
115.288605
113.784103
223.708679
647.927124
619.326355
272.47464
111.932648
137.259415
298.325928
157.28775
136.775269
146.519226
169.022476
184.370575
151.513474
117.133804
102.175964
108.174225
111.130905
105.598541
101.202766
100.205757
100.203911
100.202278
100.200607
100.198738
100.196739
100.194832
100.193069
100.191391
100.189674
40.1878204
40.1863022
100.184799
43.0565147
43.0520134
101.588661
100.389999
100.215347
100.176056
100.193512
100.179314
100.171936
100.170425
100.168869
101.030777
102.179291
101.446136
100.280701
100.16275
100.379555
100.229454
100.15934
100.158058
101.323723
102.41037
101.371391
129.251831
129.579834
112.567276
197.69281
293.565765
560.812256
533.441895
263.905853
117.868668
100.189453
100.188782
100.188576
100.188042
100.187164
100.186485
100.18544
100.185028
100.183907
100.183495
150.183243
370.373962
515.507324
379.777863
184.839355
109.736755
100.21302
100.25827
100.212914
100.212372
100.211922
120.494141
187.477814
313.614319
300.181885
187.482727
116.740852
101.375832
100.23568
100.234299
100.234993
52.7659721
51.4802246
111.621201
651.002136
579.061279
210.855408
51.1962967
51.9090004
50.2450714
50.2343025
50.2241936
50.2216911
50.2193031
50.2167206
50.2142143
50.617775
50.2092857
50.2067337
50.2042427
50.2019081
50.1996231
50.1971092
50.1946678
50.1925201
50.1901016
63.3761673
77.6343079
64.3065948
54.3764839
50.179966
100.17765
163.440155
182.655273
132.830704
106.22934
100.171677
118.483887
108.528748
102.767235
100.162476
100.160233
100.157913
100.155731
100.15345
100.151306
100.1492
100.147217
100.145378
100.143372
106.37764
102.816788
101.014297
100.136795
100.135384
100.134033
100.132454
100.131203
100.129524
100.128204
100.12706
100.125877
100.157837
50.1233902
50.1225548
50.1219559
50.1216202
50.1209717
50.1205063
52.3148117
51.0269928
50.4752922
50.1177521
50.1172409
50.1165581
50.1158943
50.1152573
50.1142845
50.1137772
50.113327
50.112381
50.1114883
50.1110115
50.1102219
50.1093445
50.1085205
50.1077003
50.1068535
50.1061325
50.1051102
50.104351
100.101295
103.571579
102.954597
101.193413
100.297302
100.100761
100.100159
50.0972633
160.359207
133.415771
77.6431198
50.1057053
50.1057892
50.1051521
50.1042595
50.1035118
50.1027946
50.1022263
50.1023865
94.624054
88.424736
62.5385704
50.1045532
50.1043396
50.1037941
60.0731812
56.9928017
52.5547562
51.4599533
50.795887
50.4124908
80.1011581
80.1004791
80.0996475
81.0470352
80.348526
80.1918182
80.1328888
88.8512802
127.598587
328.088318
780.549438
924.235413
590.804199
247.19397
112.738754
84.8470612
81.3139648
80.1329498
80.1312256
80.1288986
94.8169098
91.7798691
84.1641388
80.1211548
80.1188889
80.8530045
80.1427078
80.1130676
80.1112289
80.1096497
100.107872
100.106339
100.105141
138.450089
138.997665
112.004761
100.128265
100.10363
100.102791
100.102203
100.101143
100.100243
100.099167
103.042633
155.324921
185.426331
147.823486
195.024323
357.713318
364.38623
290.785156
256.497559
203.618469
137.847946
105.74897
100.144318
139.579239
1142.08789
1656.60181
1110.6394
447.581879
125.506653
63.9986191
60.4225731
60.1693039
60.1671524
60.1642838
60.1618385
60.159317
60.157238
60.1548729
94.1867294
88.4195175
68.7006607
60.1476173
60.1855621
60.1494141
71.4936447
67.5448914
62.4008293
60.1348915
60.1325722
60.1304283
90.2907333
83.901413
67.3279114
62.2640991
350.102997
338.794647
147.040985
61.8953056
161.809647
390.760681
412.599915
383.374329
251.440094
139.223251
100.159027
100.157837
100.156876
100.155136
100.153656
100.152161
100.150444
100.14901
100.14743
100.887909
100.945724
100.397064
117.245903
115.670555
104.592422
100.138313
100.137543
100.136017
100.134972
100.133736
100.132736
100.131767
100.130379
100.129288
100.128319
101.01416
101.413986
100.457893
100.12426
100.123421
109.337402
108.985901
102.981148
103.236336
103.006981
100.814743
110.610527
205.052597
266.120483
185.420395
117.383102
100.133446
100.133034
101.854607
132.951096
136.578766
115.982079
108.664711
105.647789
101.561485
100.13456
144.559113
136.546936
274.411102
240.588638
143.332993
40.8175011
40.1471443
40.1457558
40.1440392
40.1422234
40.1404648
40.1385727
40.1367531
40.1352158
70.0458374
69.7907562
50.0367317
40.8990135
48.4111977
281.3255
314.417725
147.012268
51.255703
40.4542694
40.1427116
40.1882057
40.3810272
40.2696152
40.5450096
40.5943871
40.3433876
40.1334991
40.1322289
40.1310005
40.1294556
100.128052
100.126755
100.125252
100.801987
101.868042
101.369186
74.3556595
40.1192474
51.4644203
72.0897217
70.4529648
52.3216209
41.5213089
40.1170692
40.1162529
40.115406
40.1145096
40.1134377
40.1124802
40.1117439
40.1110497
43.5559311
45.7493095
43.0857124
40.3653679
40.1077118
40.2733879
42.096447
42.2392044
40.3194695
40.104599
100.104424
100.103485
124.038315
196.77533
123.143204
69.923111
100.114418
100.114502
100.114342
10.0692644
92.0536118
101.121918
100.496605
100.110825
100.11013
10.0668583
90.7208633
100.31002
100.214165
100.109245
100.108643
100.108444
100.105316
100.106232
108.769623
11.3972158
94.9766235
100.102745
100.103378
50.1029816
50.1050568
50.104332
50.1038017
50.6393242
56.0007629
58.3695831
75.0633774
87.1978149
151.629761
118.003563
69.4512939
50.1096344
50.1092491
50.1087036
50.1079941
50.1070671
50.1063538
50.105896
50.1049347
50.1042404
50.1036301
50.1031456
50.102375
50.1015129
50.1013031
50.1010132
50.1002502
50.0997925
50.0990868
53.5974045
51.3543549
50.5063286
61.6510239
162.188873
224.723969
152.110077
73.0810089
50.111618
50.1111641
50.110424
50.109581
50.1087227
50.1078262
50.1070251
50.1062431
50.1055412
50.1048584
50.1040382
50.1033936
50.1028633
50.1021805
50.1016197
50.1009293
50.1003494
50.0998192
50.0995178
50.0990181
50.6391983
50.2434731
50.1802635
50.0969467
50.0966721
50.0953293
50.095089
50.0911789
50.0934601
50.093174
50.0897598
50.08955
50.0891266
50.0887527
50.0885544
50.0879478
50.0874977
50.0871201
50.0869026
50.086483
50.0858917
50.0855217
50.0852776
50.085041
10.0492544
40.1198883
50.0841255
50.0838509
50.0836296
50.0832176
50.0829506
50.0825233
50.082283
100.080658
100.080467
100.080025
50.0799294
50.0797729
50.079586
50.0792885
50.0791702
50.0789719
50.0784531
50.0781517
50.0780754
50.0778389
50.0777512
50.0776558
50.0773048
50.0771484
50.0770378
50.0767708
50.0769234
50.0765076
50.0763931
61.7392349
59.0383949
53.1239014
50.3130074
50.0828133
50.0790901
50.1086082
50.0821838
50.0787468
96.1384735
90.8993988
83.8168335
80.0787125
80.077858
80.0776978
80.1638184
80.0819702
80.0765686
80.0762253
80.0757446
80.0754166
80.0750885
80.0747528
80.0744019
80.0738983
80.0735474
80.0733719
80.0728683
80.338623
80.0822983
80.0740662
80.071579
80.5185547
90.9263153
13.8007431
80.4100418
80.5608597
261.427765
231.662048
100.999222
100.084023
100.083748
52.2605743
52.9370689
50.8866692
50.0814476
50.0809097
50.1124611
50.0887909
50.0775642
50.0761604
53.6626129
225.45993
374.654358
299.853882
143.81694
64.8140945
50.101593
50.1006165
57.9410172
157.686813
183.0215
108.260803
58.0665817
50.1135597
56.0572433
56.9313164
52.0962944
50.1019936
50.1002769
60.0983734
73.7697906
99.3370972
308.409119
433.198273
286.52655
185.383392
378.618896
542.485474
354.292297
130.438217
62.2613525
60.1381798
69.0835342
93.3549652
92.1888123
100.020203
83.2181473
66.5568237
197.500671
234.169586
141.103943
73.317421
60.1958389
96.718399
151.769028
232.02005
430.309448
404.870911
197.010529
89.4356537
86.2021408
86.1691971
78.4439545
90.5877609
88.0138626
75.1612244
70.2457962
70.180954
72.5686264
76.0936356
80.2250595
159.930313
168.022049
324.340454
310.734863
189.872849
199.44754
294.834991
225.622253
108.469627
70.2004166
70.1996384
70.1978912
114.439575
130.89917
231.686203
301.31424
253.262817
151.070129
87.1760178
197.180756
243.016632
168.830917
113.025536
101.219009
101.233635
100.667519
100.530693
100.299088
100.227318
69.5220032
153.868958
157.369217
384.657043
375.287354
180.206573
102.045044
102.809792
153.891266
174.164139
140.998199
117.319115
106.997818
130.617126
126.924683
110.814758
102.730545
102.206024
101.160866
113.790665
111.729637
101.816414
109.996597
83.5819702
54.5573044
42.9195633
40.2978477
126.538116
136.928299
95.5168381
59.1929474
45.4952698
42.1477242
43.202404
42.0354462
40.756958
40.7349396
40.9298706
53.708416
53.3532944
44.8565369
42.553154
78.7823792
77.7886047
51.7246857
40.2363052
43.2011719
89.8582153
94.0473099
60.4228783
46.878933
70.9628754
65.785141
60.4688606
91.9457703
126.15451
109.583282
101.539719
133.029465
342.458862
370.252319
236.411743
189.93988
140.592606
108.847374
100.309746
100.457092
101.581772
101.776329
100.418335
100.39212
100.304573
78.6648636
59.4129944
53.6585083
67.1356735
66.4929962
60.51157
91.3421097
88.2017365
87.5565414
