0.0
0.0
0.0
0.0
0.0
0.0
0.0
0.0
0.0
0.0
0.0
0.0
0.0
0.0
0.0
0.0
0.0
0.0
0.0
0.0
0.0
0.0
0.0
0.0
0.0
0.0
0.0
0.0
0.0
0.0
0.0
0.0
0.0
0.0
0.0
0.0
0.0
0.0
0.0
0.0
0.0
0.0
0.0
0.0
0.0
0.0
0.0
0.0
0.0
0.0
0.0
0.0
0.0
0.0
0.0
0.0
0.0
0.0
0.0
0.0
0.0
0.0
0.0
0.0
0.0
0.0
0.0
0.0
0.0
0.0
0.0
0.0
0.0
0.0
0.0
0.0
0.0
0.0
0.0
0.0
0.0
0.0
0.0
0.0
0.0
0.0
0.0
0.0
0.0
0.0
0.0
0.0
0.0
0.0477783643
34.6402435
88.1361542
160.53891
121.956734
43.5867615
9.99984264
6.39059877
0.00596055062
0.0061915461
0.00638299901
0.00641824352
0.0064342916
0.0065684719
0.00675842445
0.00696135964
6.76490545
22.7627983
12.7554359
7.79022217
0.00735719129
0.00752711715
0.00763970427
0.00770884473
0.00816022232
0.00805671606
3.61288881
2.61512232
1.15979135
0.534468949
0.166166857
0.00911106169
29.8817043
19.4219742
10.0018826
9.65489388
0.00939628482
0.0296043642
0.0147868898
0.00861573499
0.00861234032
0.00860710535
0.00860102661
0.00877845846
0.596795261
1.24004829
0.368212819
0.238484994
0.787943125
0.243254706
0.573791623
1.19766593
1.76175904
2.05227017
4.87509155
5.18934393
21.6673775
13.5414085
10.0142288
6.06822586
0.105167471
92.6065292
123.80127
64.9101486
50.1578903
31.4561768
35771.793
137.905365
213.981613
201.146698
153.142883
118.243614
104.813492
100.354858
100.039604
100.040085
100.040459
174.96228
434.545685
438.507416
203.906631
117.575958
163.160873
164.082367
122.413025
101.898369
100.072876
100.072548
60.0720673
60.200882
100.386093
101.17244
106.507202
112.513367
125.037384
190.534943
176.374344
121.025337
100.075974
100.07634
100.075943
100.075523
100.075249
100.074905
100.07415
100.15435
109.636101
109.363197
102.693832
100.604401
233.783295
295.534973
264.759827
195.480667
181.760712
153.461151
127.923744
108.793541
71.7359695
70.5641708
70.1933212
100.951973
101.573532
100.487251
100.0979
100.097107
100.096405
115.36235
184.255676
252.617401
216.378235
381.662659
385.491791
259.897003
203.608002
167.010651
122.622177
111.843864
109.909294
103.839455
100.59156
100.330208
100.235031
123.606499
124.236061
107.01403
101.63224
102.403893
50.7235336
50.1272469
50.1262817
50.1262016
40.1245117
42.8604355
42.532608
51.4697495
53.7416153
48.8660965
67.9885712
184.731415
452.959961
433.400818
194.603577
60.4633598
199.23616
245.223099
143.830856
65.2874756
57.5161591
53.9521866
44.5523834
40.1450882
40.1437263
40.1421776
40.1405792
42.9199524
244.920532
278.845642
134.513428
56.8668861
46.9651451
42.3234558
100.146278
100.145012
100.143806
100.142403
100.140984
94.650322
108.172676
97.8234406
63.5177994
95.9006805
110.543427
83.6632004
74.444252
68.0256882
195.383102
193.372864
92.4585876
102.609871
101.231087
100.233414
85.3959351
174.939896
288.227814
204.796478
201.200562
258.670135
238.188324
152.269394
107.210747
100.627159
100.211121
100.174316
100.173691
100.173111
100.172066
101.966949
112.860069
259.727295
304.487793
197.095322
117.032394
100.214188
100.20153
100.184059
100.183563
100.183273
223.273315
215.761353
137.357025
325.500092
359.809448
200.976852
110.999794
100.206085
100.206253
100.205978
110.257393
171.000092
158.833832
117.390045
100.210312
50.2092438
50.2072678
52.331665
76.0268784
183.82814
192.094208
105.883362
270.68335
245.026367
109.261703
50.2110748
50.2093239
97.6689148
139.561066
174.151566
132.676285
256.193848
419.288879
432.424469
356.915161
217.289749
94.2390137
53.9695168
50.2392731
50.2368431
50.2345657
50.2321472
50.229454
50.2266884
50.2246361
101.232239
158.576767
188.167801
143.816452
179.103851
170.863693
124.323494
102.192215
123.013527
111.978714
106.733414
101.209221
100.646507
100.67437
100.197327
100.191803
100.185043
100.182014
100.178787
100.176132
100.173271
100.170654
100.168137
100.165535
100.163139
100.354179
100.158508
100.156258
100.153885
50.1517601
50.1496849
50.1479568
50.1467514
50.1461296
50.1454773
50.1446266
50.378994
50.6536407
50.2823181
50.2140999
50.1412086
52.4180336
51.3620186
52.6367302
51.2788353
50.5340652
51.0618172
51.221981
50.5438614
50.2753639
50.1335106
50.1326332
50.131813
50.1310463
50.1298943
50.1291428
50.1284142
52.2195168
51.3039742
50.7308311
100.166939
50.1231422
50.1221313
50.1211853
50.1204567
50.1199074
50.1191368
50.1182671
50.1174469
51.1261902
50.7361221
50.8383751
50.165638
50.1329689
50.1126556
56.1143913
75.0237045
65.4538116
55.1148796
50.1103668
116.822998
213.410492
162.797623
81.2925949
50.117157
51.366188
51.5716171
53.4970093
52.025135
51.5322227
50.1587067
80.1217041
80.3298721
80.110199
80.1089706
80.1075668
80.1059418
80.1043549
80.1028214
80.1012955
80.0999374
80.0989609
80.0982742
80.0994034
80.0979462
80.0940933
80.0961533
80.0955353
88.8976746
186.666901
232.753967
165.524078
179.663879
757.586609
737.693726
446.622681
243.676483
130.579453
81.3222198
80.1254044
80.1233292
100.25103
100.626152
100.266701
100.117126
100.11544
100.381317
101.073196
100.45192
100.129662
100.108795
100.107307
100.106209
100.152306
101.53109
379.268738
770.24939
810.702454
827.1521
970.059509
680.610168
323.69104
174.626389
122.489464
113.002266
208.123428
273.344879
209.850571
129.944031
102.796455
101.389145
100.515671
60.1584511
60.1566734
118.143524
111.301285
75.579628
60.1522217
169.45578
370.91748
291.059937
120.560417
60.2558441
60.1593552
60.1573792
60.1554489
60.1534615
60.1511002
92.3904266
316.10437
636.122375
540.068298
239.997559
102.279457
99.1455841
434.496429
507.500488
262.931152
142.218613
133.527664
183.262421
100.177795
100.176262
100.174675
100.17276
100.171158
100.169357
100.167618
100.165627
100.163872
100.162125
100.160309
100.158852
100.156914
100.155533
100.153671
100.15229
100.150856
100.149422
104.188782
103.775826
101.074287
100.143524
100.14212
195.986755
245.309845
179.653656
116.011993
103.564453
122.357086
142.988251
127.236618
107.129417
101.278854
100.506706
100.248695
100.165413
100.141212
100.140228
100.139343
100.138481
100.240906
100.743851
101.008636
100.353966
157.543365
155.28006
116.559242
100.807541
103.366142
305.236481
337.185425
198.469803
112.872932
100.146118
100.145866
104.415215
104.518494
101.279282
100.143227
101.23024
101.897003
102.31208
116.2556
53.1804733
90.5675049
98.8957748
562.871216
542.699646
420.262024
356.39151
255.620087
161.733215
91.8455658
56.4745026
476.573944
836.286194
526.648254
148.843719
817.401062
535.141663
167.968109
100.182381
100.180504
100.178864
100.177155
104.315292
164.073868
386.636383
398.811829
456.916229
498.962769
479.721008
552.631775
887.246399
713.940613
606.683105
586.105347
602.439636
532.365906
318.594391
293.426758
294.824982
307.651459
129.273071
100.235725
100.234703
100.233818
100.233101
100.231651
100.230583
100.229523
100.228432
100.227219
100.226173
100.225159
112.385803
126.259613
116.510574
103.217201
100.221504
100.220688
100.21981
101.782654
104.378716
101.484215
100.629913
101.620369
101.247482
100.543663
100.255203
100.212646
100.211647
110.446045
105.566963
101.874481
100.549255
100.224503
385.322937
374.800323
182.951492
107.65564
103.637192
101.332512
100.218056
100.217705
100.217194
103.249283
101.808662
100.79686
100.21534
100.213425
100.212753
100.212189
108.718933
53.9184761
51.3570442
50.2064362
50.2039642
50.2014236
50.1989784
50.1964836
50.1939011
50.1914062
50.9245796
111.527756
99.4639816
64.9940338
50.1828079
50.180748
50.1786385
50.1761665
50.1739578
50.1720238
50.169857
50.1674728
50.1654663
50.1633072
50.1611595
50.1591415
50.1570473
50.1546898
50.1526756
50.1505928
83.3632355
124.332047
108.311928
100.382317
100.14061
100.13829
100.136574
130.780136
121.813049
106.858253
100.130173
100.128601
100.127151
100.125336
100.123871
100.122223
50.120945
50.1199265
50.1185188
50.1172752
50.1161232
50.1150665
50.1139374
50.1128235
50.1120415
50.1109848
50.7725525
50.2847672
50.2077675
50.1079216
50.1070023
50.1064796
50.1028137
50.1017761
50.101368
50.1009865
50.1008186
50.1006775
50.0992508
50.0989799
50.0983467
50.0979919
50.097187
50.0966606
50.0962563
50.0956192
50.0947342
50.09412
50.0934486
50.0926552
50.0921478
50.0912323
50.0906525
50.0899849
50.1609306
72.6742249
66.6382446
55.4747391
50.0896683
50.0894089
50.0853844
50.0850639
50.0848885
50.0845184
50.0840874
50.0839233
50.0835152
50.0833931
50.0833702
50.0829544
50.0828514
50.082695
50.0821609
50.0820656
50.0819168
50.0818977
50.0810585
50.0809975
50.0807152
50.0809135
50.080349
50.0804062
50.3943558
50.0910339
50.0827141
50.0826492
50.079895
52.8952103
52.8362885
51.122509
50.3204231
50.0796738
80.0792618
80.0788345
80.0784378
80.7788773
80.0997543
80.0766296
80.0757751
10.0450897
70.1133499
80.0760422
80.0754242
91.8117599
87.4701691
207.301758
97.2818375
111.722191
80.0863953
80.0860291
80.0851974
85.1043625
89.9547424
85.9780807
81.7128067
10.0481558
98.2105255
26.7543411
90.5590744
87.5936966
84.9552002
81.8151855
60.8496323
61.0838928
61.0943909
58.8114548
55.5845032
66.4526672
82.6138458
260.816772
252.008057
299.221832
1249.39539
1618.46655
854.814758
248.586929
104.969994
105.996681
103.390221
102.651558
100.823174
100.115547
100.113876
100.11203
100.110031
100.108246
100.106544
100.135796
100.277237
108.838768
110.203735
103.757614
100.314659
60.0961761
60.0944405
60.7779655
61.9226837
63.024292
86.3986435
97.5647659
84.5305557
68.0195999
61.4905243
73.1503525
68.6459351
62.7369537
174.464111
211.984039
268.831085
319.868347
306.677948
430.625854
358.783875
189.40332
91.8575592
69.581665
176.990784
556.216431
479.761902
178.479034
65.8376541
63.0757599
61.30056
70.2525711
80.6010208
98.1422882
90.5348282
75.1548386
70.1301804
72.5305557
72.8649445
71.1357956
70.9748459
70.8884735
70.3474884
70.1796341
70.1436844
70.124649
70.118721
90.7414246
104.457603
98.2754517
82.1705627
72.3093872
70.2054901
85.34552
92.1954346
82.176178
72.7179871
79.7553101
331.375824
436.245117
264.819458
111.630508
103.121826
100.37188
100.13031
101.755089
102.477982
100.742134
100.126595
100.125755
100.124916
100.123764
106.016045
106.230118
101.701256
100.120369
100.11969
102.596725
103.17115
109.443192
152.843491
215.413712
204.067474
211.824341
239.798431
185.58255
134.34024
149.208832
220.457367
220.630585
152.270813
190.158508
184.904007
65.3369064
40.5787506
40.9587097
40.8017311
40.4286499
40.1510773
40.1492043
40.1473465
40.1454735
40.1438332
78.4609451
274.656433
902.661377
786.773071
327.166565
274.896637
225.853516
90.3232803
40.1755295
40.1747665
40.1735115
40.1720848
40.170578
345.634705
354.435181
144.566299
52.6161461
45.9658394
59.6952438
63.1324272
111.799561
103.249336
102.582321
101.762665
140.093002
138.942581
147.432434
136.282166
109.563904
100.175102
143.5392
242.410889
261.129211
177.2509
113.337196
100.187172
100.186638
100.185738
106.285133
125.006989
119.591469
104.471252
159.34137
244.78421
205.553009
199.729828
212.653061
161.605377
160.45575
147.27562
114.121086
100.786636
100.463417
100.206383
100.205612
108.933731
104.62188
101.59124
145.043381
173.452194
269.85907
232.394012
138.521942
100.864799
100.311768
100.217178
100.216629
100.21624
100.215645
100.215126
100.214386
100.445122
100.213272
100.2127
127.744186
153.634323
130.909042
107.497444
104.026581
102.200844
100.917145
50.2122002
50.2100487
50.2074318
50.2046432
50.2024345
50.1997719
50.1977577
116.687927
403.550934
378.12207
158.07753
57.9232254
74.658371
1097.89551
1338.82153
586.663757
120.621292
100.214172
521.462097
125.723976
100.208099
100.205452
100.203148
100.200706
100.198479
100.196198
100.193962
100.191551
100.189293
100.186752
104.488998
256.37558
672.917236
668.044006
314.27713
301.628632
259.457092
264.834167
100.785507
100.21833
100.200333
100.17746
100.174591
100.171692
100.168961
100.166557
100.163979
100.161438
100.158943
100.156448
100.154137
100.151749
100.149696
100.147484
100.14566
100.143784
100.142067
100.140167
100.138687
100.137154
100.135483
100.134254
100.133026
100.132446
100.131516
100.13092
106.820267
103.054222
101.120613
102.461189
101.030396
104.153557
108.069244
112.85659
114.141357
117.294197
107.891754
102.28244
100.123787
100.122955
102.933655
101.516739
50.7152405
50.1206741
50.119812
50.2849388
50.1184845
56.1388397
53.1187897
57.6630173
111.08297
108.784096
111.433502
130.352356
118.670059
105.645233
120.970947
129.916092
146.772156
125.497192
107.478973
100.116875
102.215263
102.719452
101.124939
100.337585
100.114273
100.853615
100.191612
100.137199
100.111725
107.464882
104.603165
101.772942
101.024399
106.012741
146.548492
325.555969
469.582275
413.212646
197.409576
108.78286
80.414444
80.1351089
80.1335678
80.1318893
80.1302872
80.1286316
80.5274277
80.1251755
80.1235733
80.121994
80.1205902
80.1186905
80.1168594
80.1152115
80.1134186
80.1117249
80.1100235
80.108284
80.1065674
80.1051102
80.1037369
177.367218
316.194519
297.272034
186.162567
572.761902
610.797485
370.101044
196.649582
147.292755
106.009064
100.41349
100.66291
100.284752
100.133919
100.132301
101.340782
102.19146
100.781029
100.150436
100.124329
100.122635
100.121109
100.119568
100.118317
100.116478
100.115143
100.113708
100.112129
100.110802
100.109436
102.916756
161.677734
181.001282
175.761673
146.150482
112.142448
165.084442
512.762756
669.431885
365.565582
128.258865
64.8237991
60.6392136
60.1299744
60.4213791
60.5918808
60.2845459
66.3517303
112.759483
143.667862
121.843956
80.8898392
63.4120674
60.1207619
60.1190453
60.1172066
60.1155739
60.1133575
60.8496666
60.4073067
60.1992683
60.1076279
60.1730423
60.1143303
60.10429
60.1028252
60.101738
60.1616325
60.5086861
81.8934021
103.243912
94.2327271
76.2922745
70.1283722
143.195679
140.143051
90.6574173
70.1019211
76.4123535
76.1853714
72.7086029
85.5801926
84.7472992
74.3599396
412.44281
431.030579
914.636108
1001.93384
883.83844
552.352173
215.987808
219.551514
244.891037
145.433182
103.748718
102.238823
100.597504
104.406876
103.99321
117.077774
437.020203
783.4104
689.162109
627.138
415.530975
248.184662
646.238159
399.019135
172.749619
130.962738
109.352127
105.859634
118.066238
112.978691
111.670975
107.900772
102.193787
100.178368
100.177032
100.176216
100.175041
100.173904
119.690353
189.315094
169.006882
118.638527
117.117157
238.072845
663.033691
629.390991
281.542328
143.633484
153.854523
312.7883
170.911896
145.77948
156.018326
180.998657
197.624664
163.656097
121.308067
102.687698
110.381561
114.240486
107.125587
101.465607
100.192223
100.190254
100.188385
100.186569
100.185043
100.183273
100.181557
100.179817
100.178192
100.176399
100.174805
100.173126
40.1716194
103.956589
43.950676
102.020164
100.441727
100.213608
100.163284
100.186516
100.168236
100.158867
100.157402
100.155998
101.282227
102.776039
101.822906
100.303497
100.14962
100.430893
100.237167
100.146408
100.1455
101.648964
103.048798
101.708199
137.086029
137.470642
116.028366
211.332275
320.538177
577.092285
549.380859
276.68631
121.692368
100.172035
100.171852
100.171196
100.170525
100.170197
100.169182
100.168655
100.167664
100.166977
100.166191
162.562515
378.541016
517.156372
390.370667
193.214233
112.104675
100.194069
100.253731
100.193771
100.193436
100.192841
126.291519
205.996582
319.382568
319.259033
203.086807
120.655083
101.663246
100.214149
100.212334
100.213333
53.4153595
51.7955742
119.433975
658.091614
577.942078
210.543472
51.4661484
102.260475
100.228409
100.215126
50.2030754
50.2009621
50.1985855
50.1961632
50.1936111
50.7056122
50.1893425
50.1866798
50.1846733
50.1825447
50.1800003
50.1775856
50.1756134
50.1736259
50.1712112
67.4080505
85.2484207
68.4269867
55.502285
100.161911
100.15992
169.940948
195.557266
140.586884
107.668976
100.154091
122.774292
110.962212
103.510155
100.147041
100.145149
100.143173
100.141296
100.139687
100.138145
100.136642
100.135162
100.13343
100.132019
108.202843
103.665207
101.283752
100.126884
100.125908
100.124496
100.123459
100.122246
100.121391
100.120338
100.119537
100.118446
100.160713
50.1153603
50.1151276
50.1144066
50.1139374
50.1134033
50.1126709
53.0093651
51.3182335
50.5840988
50.1102219
50.1096573
50.1092949
50.1086197
50.1079941
50.1074524
50.1067314
50.1060181
50.1054649
50.1046715
50.1043015
50.1033554
50.1028938
50.1021309
50.1012726
50.1005936
50.0998344
50.0988693
50.0980148
100.095497
104.693604
103.872131
101.549538
100.35685
100.096245
100.09552
100.092415
225.640472
149.754288
82.3791962
50.099678
50.0997086
50.0993958
50.0990982
50.0983849
50.0977974
50.0972672
50.0976334
106.013451
98.3125
65.7388992
50.1008148
50.1005211
50.0997314
63.0571518
59.0621376
53.2887421
51.8642006
51.002533
50.5032806
80.0976639
80.0978546
80.0975037
81.3421707
80.4262314
80.2201691
80.1426315
91.530426
139.460587
334.709534
782.429626
923.297729
605.901367
263.631042
119.894051
86.1663971
81.6556702
80.1293869
80.1272659
80.1254883
99.1592026
95.2366104
85.3594513
80.117424
80.1154709
81.0757065
80.1478119
80.1098633
80.1081848
80.1064301
100.104797
100.103348
100.102333
148.635605
149.469223
115.182106
100.131508
100.100304
100.099457
100.098976
100.098076
100.097275
100.096191
103.966797
168.698898
205.289032
158.914764
213.05896
375.432709
383.011108
318.906982
287.644623
225.413086
146.546127
107.172737
100.134613
149.676224
1149.44128
1656.25684
1111.87378
451.830139
129.412292
65.0500488
60.4862061
60.1588936
60.1570244
60.1542664
60.1517792
60.1493034
60.1470642
60.1450806
103.511963
96.4071121
71.106575
60.1374893
60.1875801
60.1410599
74.8334961
69.7185135
63.0591278
60.1252937
60.1227684
60.1209641
98.3253479
90.3676453
69.2800903
62.8860588
352.440979
343.879578
149.273285
62.3816566
175.603363
381.964355
410.33902
387.524933
265.688446
142.522385
100.149673
100.148422
100.147636
100.145828
100.144554
100.143181
100.141579
100.140083
100.138901
101.119194
101.195511
100.470238
122.267181
120.401848
105.954781
100.130981
100.130142
100.12886
100.127785
100.126686
100.12571
100.125122
100.124039
100.123268
100.121994
101.285637
101.810875
100.555756
100.11837
100.117889
112.120575
111.661606
103.837227
104.135452
103.828613
101.008957
113.557144
220.648361
282.312622
201.374268
120.955376
100.126106
100.126015
102.364738
139.567703
145.552231
120.234314
110.759544
107.248451
101.970047
100.127228
150.116028
146.060257
284.511047
250.62149
147.026611
41.0018997
40.1387291
40.1372032
40.1356888
40.1340637
40.1323471
40.1304703
40.128952
40.1275024
78.3414001
78.0591812
52.7901001
41.1138191
50.8068237
286.996124
326.664886
156.443359
54.0101013
40.5300713
40.1335411
40.1938248
40.4468079
40.3011436
40.6650581
40.7283897
40.3997116
40.125145
40.1238518
40.1224251
40.1212769
100.119888
100.119034
100.11763
101.010933
102.407478
101.752869
100.26738
100.112106
114.883545
140.833298
138.384537
115.52327
101.875771
100.109016
100.1082
100.107353
100.106697
100.105797
80.1151886
40.1042976
40.1039009
44.6061287
47.4128609
43.9318962
40.4317474
40.1011696
40.3174744
42.6757698
42.8617325
40.376873
40.0987091
100.098694
100.098213
130.771408
215.986298
187.635941
123.745445
100.107437
100.107635
100.107506
100.105858
102.594055
101.430229
10.0658426
90.6477814
100.102798
100.102448
100.849968
50.3666039
10.0642977
90.2791367
100.102379
100.102097
100.09861
10.0614471
101.477737
106.276978
101.993629
100.096558
100.097015
10.059124
40.1365814
50.098671
50.0980682
50.8004761
57.7946701
60.8079834
81.7203903
96.6620712
170.969543
131.798096
73.3495636
50.104126
50.1038399
50.1031914
50.1026421
50.1021461
50.1012497
50.1011124
50.1005898
50.0999069
50.0996475
50.0988388
50.0984764
50.0979767
50.0974045
50.0973282
50.0968323
50.0960045
50.0953751
54.7385216
51.7754784
50.6410789
65.2078018
177.71048
253.8311
168.930374
77.0721588
50.1063271
50.105896
50.1055031
50.1049385
50.1040726
50.1036453
50.1027069
50.1022301
50.1014366
50.100956
50.1004181
50.0998993
50.09935
50.098671
50.0984612
50.0978088
50.0970917
50.0968933
50.0965958
50.0961494
50.8119621
50.290657
50.2056847
50.0945549
50.0939484
50.0924492
50.0921822
50.0883331
50.0909157
50.0905266
50.0871162
50.0868568
50.0866127
50.0861473
50.0860405
50.0855026
50.0849304
50.0846558
50.08461
50.0842438
50.0840111
50.0837097
50.0833092
50.083065
50.0828667
50.0826797
50.0825005
50.0820656
50.0817375
50.0815048
50.0813332
50.0811081
50.080513
50.0786934
50.0786819
50.0784531
50.0783348
50.0781403
50.0780869
50.0780067
50.0775909
50.0772018
50.0769348
50.0768585
50.0766258
50.0764503
50.0763016
50.0760498
50.0759544
50.0758514
50.0755844
50.0754738
50.0756264
50.0750542
50.0750961
65.4990768
62.08601
54.1717186
50.3822899
50.0813446
50.077774
50.1146355
50.0807037
50.0774231
3626.31421
114.312637
104.984909
100.077293
100.076439
100.076271
100.187874
100.080536
100.075134
100.074791
100.07431
100.073975
100.073639
100.073296
100.072945
100.072586
100.072075
100.071892
100.071388
100.423035
100.081772
100.07254
100.07003
100.66111
114.237869
113.117783
105.279762
100.699829
285.088226
253.173843
150.212723
100.082115
100.081825
102.940971
103.802071
101.131958
100.079491
100.078819
100.120575
100.089844
100.075745
100.074371
104.816422
280.403809
438.568787
370.270447
207.694748
118.1726
100.097725
100.096588
110.319077
224.293304
253.386398
169.051743
110.064583
100.109909
107.858871
108.984978
102.692726
100.097107
100.095665
60.0935326
77.81604
109.432922
313.338684
439.184692
298.090698
204.721786
390.765259
544.428955
356.892426
132.426605
62.8399429
60.1309204
71.753891
102.146408
100.749603
110.31189
89.2203064
68.2197189
206.000031
256.276062
154.637527
76.4329758
60.201107
106.211624
172.48291
259.789917
446.900055
421.850769
209.804092
123.511856
120.760452
120.721321
110.825989
126.249313
122.927711
106.534149
100.254997
100.171532
103.293091
107.875381
113.180481
206.794952
216.924744
364.101837
347.277618
233.957214
255.470215
353.968567
270.773529
141.866486
100.18084
100.180107
100.178299
155.592957
176.302902
279.221375
358.289001
313.593201
197.719101
120.990723
212.382004
260.638733
182.611237
116.107605
101.481346
101.51236
100.775543
100.598457
100.295898
100.202728
122.122643
203.49408
220.658478
413.318115
375.517609
179.937561
102.472237
103.567337
152.165833
182.47406
150.630264
120.76593
108.902267
130.952042
133.530869
113.676712
103.392372
102.767105
101.412086
116.052582
115.052399
102.820816
123.762985
93.5210495
58.2327156
43.6134377
40.2868309
137.866211
154.318451
106.211288
64.1657944
46.8691902
42.6628799
44.0312767
42.5348091
40.8787422
40.8575859
41.1106071
57.5314674
57.1164742
46.146019
43.2021065
88.3859482
87.096405
54.5185242
40.2070847
44.0721512
101.742859
106.949905
65.2934189
48.7399979
106.827553
107.907196
105.184128
145.045166
191.558395
172.417191
145.279434
157.08812
356.755737
408.100983
284.073883
207.321594
150.34581
110.959793
100.285789
100.479874
101.9394
102.19738
100.429291
100.395599
100.281631
100.227737
100.226662
100.714417
120.630295
120.576447
113.052887
144.759003
138.262833
143.209122
