0.0
0.0
0.0
0.0
0.0
0.0
0.0
0.0
0.0
0.0
0.0
0.0
0.0
0.0
0.0
0.0
0.0
0.0
0.0
0.0
0.0
0.0
0.0
0.0
0.0
0.0
0.0
0.0
0.0
0.0
0.0
0.0
0.0
0.0
0.0
0.0
0.0
0.0
0.0
0.0
0.0
0.0
0.0
0.0
0.0
0.0010335471
0.00468546059
0.00468546059
0.00468546059
0.00468546059
0.00468546059
0.00468546059
0.00468546059
0.00468546059
0.00468546059
0.00468546059
0.00468546059
0.00468546059
0.00468546059
0.00468546059
0.0
0.0
0.0
0.0
0.0
0.0
0.0
0.0
0.0
0.0
0.0
0.0
0.0
0.0
0.0
0.0
0.0
0.0
0.0
0.0
0.0
0.0
0.0
0.0
0.0
0.0
0.0
0.0
0.0
0.0
0.0
0.00468546059
0.00468546059
0.231879294
33.6168404
50.5480804
64.7339935
41.9646759
14.3493271
10.0023451
2.55952287
0.0046855486
0.00468546059
0.00468546059
0.00468546059
0.00468546059
0.00468546059
0.00468546059
0.00468546059
3.07323885
9.52739048
6.47185898
1.97153807
0.00468546059
0.00468546059
0.00468546059
0.00468546059
0.00468546059
0.00468546059
1.45841527
1.04102993
0.460597575
0.231683329
0.0696999505
0.00468546059
11.2149343
11.6434221
3.49950075
0.00468546059
0.00468546059
0.0115526365
0.00686702784
0.00468546059
0.00468546059
0.00468546059
0.00468546059
0.00468546059
0.239306048
0.521875858
0.150737658
0.097237438
0.339620352
0.101821654
0.24975419
0.531550705
0.799333334
0.925071776
2.28222203
2.36210585
9.41776562
9.36141491
2.85045099
0.0
0.0
28.6856003
29.6814232
18.845089
22.7120075
12.1026344
4.77562094
13.1917801
35.8762932
20.9031334
18.3336716
11.9481611
6.57385683
0.0467021242
0.0
0.0
0.0
27.8503056
92.99543
98.477951
41.1159782
10.4570742
37.2624168
19.2705536
10.7108355
9.12265015
35707.6836
99.9207611
99.9212952
100.015129
100.115028
100.564957
103.653381
106.630768
112.847519
139.930954
128.460464
107.720459
99.9202652
99.9201813
99.9202271
99.9201126
99.9201508
99.9205322
99.9374847
99.9837341
105.381828
104.347931
101.143341
100.222313
153.317413
180.641052
170.858643
149.899399
136.341644
125.052719
113.237274
104.129929
100.830269
100.188919
69.9745636
100.47081
100.72892
100.129585
99.924118
99.9240417
99.9246216
109.783363
142.930847
167.395874
147.229492
214.294174
205.883453
174.011368
158.744965
137.910431
112.930176
108.300591
106.674744
102.446846
100.288719
100.095383
100.049202
117.087791
66.0965118
54.4471474
51.041893
51.5116653
50.3571396
49.9766426
49.9581413
50.054718
40.0552292
42.1608505
41.7533684
48.155117
49.0093346
45.5737877
57.1389198
110.933769
207.09375
198.956543
107.64991
51.1051712
129.222244
154.638535
101.890022
57.1276588
53.7152519
50.7764778
43.4707222
40.1145744
40.1173248
40.1197395
40.1215477
42.502182
145.098724
162.659561
90.7764053
52.0692024
45.4477043
41.8322296
40.1465912
40.1492577
40.1512451
40.1529808
40.1545181
40.6172218
72.4424438
70.009964
48.4435158
58.4388046
62.4651642
56.8350906
47.8735809
41.5232086
116.557983
113.235031
62.095562
42.0912666
41.0249825
40.2471466
40.1803703
110.343735
175.754974
124.371033
106.863663
147.162903
131.889099
75.3165283
45.4388618
40.6519508
40.2590332
17686.8965
100.224297
100.223495
100.219078
102.28727
112.584549
205.707336
231.406464
159.948853
111.073639
100.224136
100.204376
100.196503
100.179428
100.172264
195.730713
176.211517
124.995972
252.882172
263.73877
163.2061
108.104553
100.10955
100.120567
100.115227
112.818138
171.105225
149.178604
113.479027
100.095078
50.144146
50.1107826
53.1906204
79.6921921
164.34407
160.318954
88.8453064
226.149658
167.07901
83.5531387
50.0382156
50.0736427
107.171417
139.251709
168.68634
116.579048
237.918884
342.832825
355.205322
371.321411
249.430893
139.832062
104.152779
100.039719
100.042206
100.081787
100.122368
100.09201
100.05941
100.093628
102.314957
174.950424
194.104218
140.512466
184.466675
162.914413
121.191635
102.133057
126.056297
111.961327
107.558777
101.246613
100.668297
100.938805
100.243958
100.235313
100.235947
100.244247
100.251877
100.25914
100.265671
100.27166
100.277245
100.283081
100.289337
100.662766
100.307213
100.305115
100.307709
100.309998
100.311371
100.272011
100.299149
100.28569
100.293549
100.318489
100.744301
101.222206
100.46003
69.5880661
50.3187904
53.6272964
51.7196693
53.6300926
51.5590668
50.6762619
51.6834755
51.7515602
50.662632
50.4329834
50.3136177
50.312973
50.3123703
50.3118629
50.3111382
50.3106117
50.3098831
53.0246735
51.497776
50.7575989
100.232193
100.197296
100.196869
100.196388
100.196068
100.195587
100.194824
100.194305
100.193924
101.510681
100.918777
51.0825272
50.232235
50.2061729
50.1906052
56.8514633
72.1786499
62.3666916
53.9823647
50.2080269
92.8770294
129.387177
93.1497192
61.2015228
50.1826782
51.5645065
51.6017532
53.1938858
51.0701408
51.3430099
50.3020515
80.2842026
80.6122818
80.276619
80.2754288
80.2741165
80.2727127
80.2713089
80.2697601
80.2682419
80.2665253
80.2649384
80.263382
80.2620544
80.2606888
80.259285
80.2578812
80.2563477
86.7330246
129.99176
138.499344
108.66349
121.710876
290.371033
249.33371
226.778656
155.474426
103.515686
80.9810257
80.2447891
80.2441177
100.334152
100.602852
100.351189
100.240799
100.239922
100.429825
100.918205
100.491936
50.2514763
50.2341576
50.2328453
50.2314873
50.2689285
51.4161491
171.754059
306.803345
341.475281
405.582062
532.735718
365.36496
257.857849
164.622299
119.945946
114.390671
197.061081
243.861099
188.795914
125.436226
102.935379
101.747307
100.705208
60.2814865
60.2977867
118.306503
106.163055
74.4427185
60.2992821
152.258652
281.895325
203.041901
97.3136902
60.3737068
60.2834244
60.2990303
60.2990799
60.2990646
60.2990952
98.0328903
258.113556
455.307495
355.477356
191.14447
103.072975
103.120308
363.245941
415.675903
234.603699
154.130966
101.93956
72.7625198
60.2834892
70.2833557
70.283287
70.2832184
70.2831497
70.2830734
70.2829895
70.2829056
70.2828064
70.2827072
70.282608
70.2824936
70.2825546
70.297966
70.2821808
70.2819977
70.2820435
70.2977066
76.3883133
75.075882
71.5128326
70.280983
70.2809143
174.678833
199.36261
131.293488
81.2711945
73.9122925
92.860878
109.817581
92.4175415
76.007225
51.2506714
50.6130028
50.3730049
50.3146935
50.2777405
50.2774734
50.2772331
50.2771835
50.4076614
50.9326477
51.1025467
50.4740944
108.084038
92.4632263
62.7051201
50.7849655
53.3253326
187.230362
187.85553
106.833099
58.3757477
50.2723198
50.2722054
54.8112984
54.1833801
51.2589722
50.2708168
51.4047012
51.8685951
52.4687347
68.1021271
51.4000893
89.3161316
85.5141907
351.03952
259.882507
286.034393
274.745056
215.479752
155.757965
90.4219742
58.4174118
395.490326
684.700317
420.648346
126.766289
40.3654633
40.3654633
40.3654633
40.3654633
40.3654633
40.3654633
40.3654633
47.6745834
128.660034
332.158356
336.440979
423.019287
452.623718
296.865448
154.238434
592.927429
691.745728
414.669861
711.295166
754.329895
689.893188
444.340942
401.27533
444.544037
399.987335
168.967468
100.365463
100.365463
100.365463
100.365463
100.365463
100.365463
100.365463
100.365463
100.365463
100.365463
100.365463
121.609314
143.136368
126.166107
105.137718
100.365463
100.365463
100.365463
102.949799
107.031227
102.430649
101.04464
102.557335
101.988892
100.892311
100.403084
100.325912
100.316154
116.080681
108.684738
102.860527
100.771591
100.318695
339.602661
337.338715
172.178162
111.460228
105.543533
101.95787
100.225533
100.22007
100.209274
105.140625
102.863953
101.162216
100.148079
100.109215
100.093063
100.082787
113.651703
56.2163162
52.0397301
50.1660347
50.1596718
50.1214638
50.0836906
50.0755234
50.0693893
50.0638733
51.2404785
123.129494
110.669807
68.2819519
50.0917397
50.0781593
50.0743408
50.0366974
50.0344963
50.0336876
50.0333214
50.0334702
50.0340996
50.035183
50.0366325
50.0384254
50.0406685
50.0433235
50.04636
50.0501518
85.8799133
125.217056
108.567215
100.335297
100.125267
100.130104
100.162605
127.92466
118.451012
105.871147
100.176811
100.165504
100.170868
100.176254
100.181564
100.186958
100.192459
50.197094
50.2016487
50.2059593
50.2167511
50.2150841
50.2158012
50.218483
50.2222214
50.2261658
51.1986694
50.3722458
50.3090401
50.2393799
50.2434464
50.247715
50.2392845
50.2474861
50.2567062
50.2677612
50.2521057
50.2789268
50.2804832
50.2798805
50.2794724
50.2788239
50.2783775
50.2776108
50.2771301
50.2764587
50.2759361
50.2752151
50.2746887
50.2738266
50.2733002
50.272438
50.271637
50.27108
50.3639221
70.3427734
64.0012131
54.6213036
50.2674675
50.2664223
50.1486473
50.1477242
50.1467972
50.1462288
50.1455536
50.1447067
50.1441002
50.1434021
50.1423721
50.1415558
50.1409187
50.1384506
50.1345787
50.1328812
50.1317291
50.1308212
50.1296501
50.1285591
50.1274185
50.1262474
50.1252327
50.125309
50.466011
50.1281776
50.1475105
50.1208038
50.1203995
52.8182487
52.5532341
50.94664
50.3002472
50.2282181
80.2265625
80.2250824
80.2234192
80.86763
80.2310944
80.2183609
80.2166977
10.1129179
70.3143311
80.2110214
80.2090073
90.6841736
86.9228287
137.691925
124.318077
93.9115601
80.1983109
25.8144112
10.1036177
72.8408432
84.6125488
82.428421
80.802887
10.0994339
82.0627289
89.8398209
83.809166
83.3191071
81.819931
80.761467
54.4461403
54.1063499
54.2957993
53.2141113
52.1026421
56.3247452
61.530014
106.790833
97.61763
122.690414
392.84137
552.632507
339.948395
112.495728
54.787384
105.411858
53.1609917
52.4231491
56.7326584
50.2387619
50.240757
50.2416267
50.2423668
50.2422981
50.2422409
50.2689209
50.395031
58.2801285
58.7476654
53.2914886
50.3425369
60.1699448
60.1521873
60.7213707
61.6313896
62.4688416
80.1595154
85.7439117
75.5047836
64.8029327
60.956955
68.4025803
65.1850128
61.6878242
116.73159
134.621674
160.954773
185.209351
186.529922
250.640778
207.001648
136.321136
82.9606018
67.3244019
146.532822
339.565765
253.229309
113.830658
65.4930725
62.8723259
61.2917442
33119.5664
111.143616
126.347527
116.242691
104.139442
100.243401
102.252625
102.463966
101.035049
100.967926
100.876007
100.418411
100.305031
100.25972
100.244324
100.239899
120.705833
127.526138
120.439789
107.931015
101.609245
100.318291
113.3862
115.237885
107.716431
101.829193
108.101852
245.915283
277.696228
189.440765
121.793167
102.070915
100.377533
100.227669
101.653969
102.008598
100.678947
100.226357
100.22583
100.224876
100.224228
106.625931
104.844086
101.379028
100.220955
100.237762
102.616302
102.46534
109.598083
145.545364
179.10939
159.718292
178.689896
195.077911
145.815201
125.212204
143.644135
199.411377
179.982666
131.418289
185.846313
153.760895
55.5956764
40.6494942
41.0355072
40.8556404
40.5426712
40.3281555
40.3284607
40.3286781
40.3289299
40.3288116
78.6800003
191.75795
513.903992
361.845032
211.422928
261.583069
173.055161
74.2346344
40.3641472
40.3653336
40.3654633
40.3654633
40.3654633
290.598145
247.048981
114.793617
56.7557449
47.4794312
69.0473633
69.1883698
114.227402
104.820923
103.471169
102.854607
153.511337
143.300339
157.871078
138.044983
109.689056
100.365463
155.389008
250.144775
260.051575
173.110184
112.624138
100.365463
100.365463
100.365463
110.94426
136.808197
124.747513
105.405769
175.307648
261.908447
206.20932
223.100891
237.606964
171.647919
186.067184
160.685577
117.497269
101.155533
100.680382
100.364113
100.355301
114.935455
106.838348
102.217094
163.995544
196.021118
298.509216
239.434219
138.551697
101.103836
100.387962
100.257812
100.257057
100.252365
100.233833
100.222427
100.217178
100.679688
100.232368
100.212608
144.900772
176.829987
141.040405
109.244331
106.42997
103.126389
101.15274
50.1262741
50.1132278
50.1047401
50.0967255
50.0892029
50.0822639
50.1088142
134.077774
341.222931
303.217804
131.873581
58.2019997
85.4276733
908.625854
1069.6261
544.925232
138.109329
50.1254692
50.5504265
100.127052
100.084442
100.038033
100.035835
50.0373306
50.0393486
50.0419044
50.0449371
50.0484352
50.0524178
50.0569916
107.447166
259.593384
557.505188
545.918274
287.350677
131.079895
100.184158
100.165199
101.028267
100.287659
100.241714
100.200981
100.208214
100.21743
100.227036
100.235718
100.244446
100.253456
100.262085
100.270187
100.277939
100.284996
100.298294
100.304733
100.302582
100.308739
100.313728
100.321335
100.32531
100.327354
100.332336
100.290565
100.29911
100.327927
100.33287
100.321594
110.086105
104.019402
101.598465
103.706093
101.362137
105.643692
109.809357
114.151161
114.557251
116.445602
106.698723
102.0308
100.334229
100.333694
53.5944061
51.3502159
50.7679749
50.3317451
50.3313255
50.5806618
50.3302307
56.4330368
52.4885941
57.0220947
109.280922
106.988838
109.124786
121.835518
113.205116
104.088112
115.447922
120.133072
129.783401
114.737694
104.501457
100.216103
102.538277
102.52533
100.807953
100.34861
100.212387
101.160858
100.286095
100.229881
100.232048
106.803223
102.714706
101.145485
51.3330154
87.8494263
105.271042
175.253845
237.090073
222.315125
118.017441
95.4163361
80.5436325
80.3079529
80.3074951
80.3070145
80.3064041
80.3059006
81.0080948
80.3047256
80.3038101
80.3032455
80.302536
80.301506
80.300415
80.2995682
80.2985382
80.2974472
80.2962494
80.2948761
80.2936935
80.292244
80.2909393
145.35199
199.402679
180.298828
132.473907
298.294373
294.200928
238.808105
157.93486
130.936172
104.478905
100.552078
100.766479
100.443756
100.308754
100.309143
101.435341
102.064217
100.915848
100.337639
100.308548
100.307999
100.307457
100.30677
100.306206
100.305267
100.304443
100.303253
100.302505
100.301521
100.300415
103.056465
147.541962
152.933319
145.96434
124.910072
107.009888
138.610214
222.492462
293.573883
204.252655
98.0704041
63.6954956
60.6573067
60.2353401
60.4810448
60.6340714
60.3854141
65.8041306
102.374504
120.18129
102.250198
73.6652222
62.4480858
60.221199
60.2207603
60.2199249
60.2193794
60.2188492
60.8179932
60.4721718
60.2988014
60.2305717
60.282383
60.2371635
60.2277107
60.2096367
60.2083855
60.2711792
60.5515785
39548.3711
125.949127
116.341652
104.403946
100.215858
145.877563
134.607651
110.729134
100.193649
104.39267
103.445099
101.666733
110.829155
107.854515
102.504616
246.760162
215.113663
493.038177
500.643982
561.797424
351.561737
184.498581
249.224365
210.330719
135.072769
104.214645
102.390518
100.714417
105.496056
104.270882
120.415787
356.466675
573.506592
516.280457
573.895203
676.712952
819.052185
572.757141
383.110229
164.71756
144.046707
113.515594
108.648743
125.570877
118.025414
116.416458
110.853821
103.048889
100.274307
100.274185
100.291519
100.273491
100.273277
127.633171
201.798492
175.12413
120.203125
120.693115
235.796112
575.115723
518.400513
260.347351
119.638496
100.365463
216.413895
198.965134
159.697632
175.623566
205.364807
223.45462
218.959167
200.668381
170.230316
127.102188
121.903679
110.760529
102.233208
100.365463
100.365463
100.365463
100.365463
100.365463
100.365463
100.365463
100.365463
100.365463
100.365463
100.365463
100.365463
100.365463
46.3203964
46.0561943
103.089272
100.773926
100.439423
100.365463
100.402245
100.377151
100.365463
100.365463
100.365463
101.992836
103.896378
102.484283
100.55336
100.365463
100.734962
100.482849
100.365463
100.365463
102.264679
103.824783
102.14595
142.740143
141.561478
117.84993
189.505386
266.832611
411.028809
402.061157
231.818832
120.360626
100.365463
100.357239
100.350525
100.351952
100.360985
100.324547
100.335419
100.324471
100.313736
100.321396
176.393799
351.069702
480.693176
386.047485
200.798706
115.417267
100.266487
100.367912
100.252113
100.221191
100.217735
144.069626
247.906311
389.279205
385.18161
243.342911
132.454514
102.870232
100.122124
100.083191
100.099815
55.2100296
52.8764496
146.560165
644.629761
529.294312
195.95108
52.4638252
53.0439148
50.1581917
50.1235924
50.0867271
50.0496826
50.0458488
50.0426292
50.0400429
50.9065056
50.0905228
50.0446815
50.0338402
50.0334663
50.0336151
50.034256
50.035511
50.0753288
50.115078
76.9799347
98.3546753
75.171196
57.3868294
50.1168251
100.130646
170.171295
188.985748
138.384583
106.843765
100.172058
121.69886
110.698273
103.531311
100.176476
100.184525
100.19268
100.200333
100.224388
100.221832
100.222267
100.229073
100.236351
100.243324
109.728928
103.315063
101.2845
100.26474
100.268684
100.275444
100.283058
100.282211
100.279152
100.285919
100.299278
100.290436
100.356529
50.2843094
50.2943916
50.3020592
50.3061905
50.3089142
50.3083611
54.1234474
51.2875023
50.6950302
50.3065071
50.3059235
50.3055916
50.3047485
50.3043404
50.3036385
50.303215
50.3024445
50.3019638
50.3014488
50.3007774
50.3002014
50.2995224
50.2988167
50.2982521
50.2974281
50.29673
50.2960052
50.2954369
100.183083
105.299507
103.844963
101.38636
100.412086
100.201164
100.176506
100.175865
120.433289
106.057098
67.9850769
50.1752968
50.174839
50.1743011
50.173542
50.172821
50.1727448
50.1943245
50.1715546
80.7262421
70.9705582
57.0162926
50.1687737
50.1683044
50.1680565
58.4704056
53.992794
51.5095329
51.8362656
50.5236893
50.3269501
80.2661057
80.26474
80.2633438
81.5582352
80.4360199
80.3252716
80.32164
87.6597214
109.558632
169.052536
298.675354
353.290466
285.510132
167.659317
105.798897
84.6525116
81.6822662
80.2531815
80.2530212
80.2523956
98.5753937
92.1049805
84.3598709
80.2492447
80.2483444
81.5221481
80.2722702
80.2451248
80.2440643
80.2429657
100.241615
100.240204
100.238945
136.245224
131.391785
109.964874
100.256218
100.233162
100.231911
100.230652
50.2294083
50.2281189
50.2269058
52.9492683
89.7003555
102.044228
77.0840607
104.923523
170.28804
174.298874
161.333405
155.363342
123.407593
78.7610321
54.9076462
50.2200089
87.42276
525.802124
819.391113
645.862061
362.350403
123.009209
65.5507584
60.6469803
60.2981491
60.2832909
60.2828445
60.2828789
60.2831078
60.2994728
60.299614
109.150543
95.6470261
71.2777328
60.2834358
60.3452759
60.2906189
75.8277435
68.4395218
62.8596458
60.2827034
60.282383
60.282177
96.9187164
83.9965744
67.6723175
62.3807335
233.069824
193.505814
103.30571
61.8590927
141.043121
276.939545
265.816132
283.401825
179.26561
98.6167984
70.2827911
70.2829056
70.298233
70.2823944
70.2820435
70.2818146
70.2816467
70.2815094
70.2816086
71.437645
71.4194489
70.6198044
96.1603241
89.7001038
75.9738388
70.280426
70.2961731
70.2795639
70.279213
70.2788467
70.2786179
70.2943878
70.2774811
70.2768784
70.2762299
11.2435694
91.9830551
100.665245
100.272896
100.272453
113.7957
109.976913
103.441139
54.0355492
53.0892677
50.9462013
63.6194038
137.46376
156.822571
100.837212
60.3106918
50.2628975
50.2625504
52.1100082
81.9859619
80.3574829
62.5788918
58.2010384
54.9575272
51.4573059
50.2572098
88.8181839
78.449379
162.909683
123.189095
72.7301331
40.8909531
40.3500481
40.3497925
40.3493614
40.3490143
40.3485641
40.3481331
40.3476257
40.347393
75.7479553
65.8486099
48.604248
40.9911537
50.0626678
176.446472
174.371887
94.5083542
48.2758369
40.6113167
40.3453674
40.4019699
40.5946274
40.4793091
40.8450851
40.8382797
40.5595589
40.3449936
40.3446579
40.3442879
40.343895
40.3434067
40.3430405
40.3426285
41.2522545
42.4357758
41.6577606
40.4558945
40.3400841
54.229187
71.8088531
65.6766815
49.5448112
41.3154068
40.337162
40.3368301
40.3363991
40.3358955
40.3354263
40.3347397
40.3343124
40.3339005
44.2641945
45.5913162
42.7888832
40.5288429
40.3313408
40.5100517
42.3671455
42.1485138
40.4963722
40.3215103
5848.46094
100.32682
123.093262
164.926651
141.618698
110.892075
100.272034
100.267799
100.267014
100.253723
102.555511
101.102715
100.525642
100.215309
100.206604
100.197472
101.009804
100.371574
100.270058
100.179329
100.17466
100.161682
100.121765
100.1091
109.161041
104.073448
101.207199
100.038902
100.055367
100.045166
50.0696831
50.1222992
50.1157417
50.8378143
56.0581512
57.5684509
69.8954239
76.0250168
108.047928
84.0196838
59.2794533
49.9820061
49.9761887
49.9703026
49.9644814
49.9593849
49.9553146
49.9930267
49.9916992
49.9483566
49.980957
49.9787941
49.9378777
49.9338188
49.9692917
50.00354
49.9660721
49.9282036
49.9265594
53.8561974
101.004219
100.304214
110.775047
109.209175
130.38974
88.4754639
58.3993759
82.0126419
50.054142
50.0508461
50.0515938
50.0275116
50.0255775
50.0286484
50.050827
50.0560188
50.0434074
50.047863
50.0545273
50.0620728
50.0703163
50.0790787
50.0877533
50.1041336
50.1137085
50.1106148
50.1100769
51.023304
50.2404633
50.1855927
50.1342239
50.1385307
50.1268387
50.1500664
50.1550522
50.1449509
50.1753616
50.1779556
50.1802597
50.1800957
50.1794739
50.1788292
50.178463
50.1777763
50.1771278
50.1763687
50.175724
50.1751022
50.1744614
50.1738319
50.1731071
50.1725426
50.1716232
50.1709595
50.1701965
50.1690636
50.1685486
50.1676216
50.1668816
50.1660614
50.051651
50.0513535
50.0506172
50.0501518
50.0495453
50.0483437
50.047493
50.0464287
50.044445
50.0425987
50.0418091
50.0408173
50.0399361
50.0391388
50.0383987
50.0377197
50.0366821
50.0356445
50.034893
50.0339355
50.0332184
50.0331917
64.9356232
60.4356575
53.4227333
50.2755661
50.0313492
50.0525169
50.0805931
50.0281296
50.0271301
94.6672897
89.3939743
83.2101135
80.1299057
80.1286926
80.1273041
10.1609612
70.1725845
80.1234512
80.1220169
80.1205978
80.1191711
80.1177673
80.1161957
80.1147995
10.0712337
70.1540985
80.1105347
80.1093063
10.3420181
70.149025
80.1057587
80.1044693
80.561821
90.5890961
89.6159515
83.7818756
10.2503395
71.5154114
125.009079
67.0660629
50.0948067
50.0937347
51.3200684
51.5705948
50.5116844
50.0903931
50.0893593
50.10606
50.0932045
50.0866814
50.0859032
52.1899567
100.688873
141.549652
128.716965
84.6101227
56.5471535
50.0811729
50.080513
55.1953468
53.3079834
152.945129
126.847237
104.184608
50.0813942
54.1767082
54.7354965
51.439579
50.0751839
50.0747528
59.9877167
68.980629
82.0942612
141.865311
189.075806
145.924622
125.661362
199.603348
267.985077
192.095093
94.6856232
61.9037247
60.0164146
69.4294968
90.5645599
88.5394745
94.0761185
79.1474152
65.355011
142.239883
170.025421
112.928574
69.5648499
60.0929642
94.4456329
133.519287
180.60318
269.279419
256.732941
144.908264
37087.4492
119.309738
116.42038
108.957184
122.856125
117.202454
104.948227
100.205345
100.144859
102.750214
106.585182
110.915649
176.332367
170.58963
258.972046
224.224899
186.939087
218.956085
285.981079
203.267883
125.162567
100.192215
100.21434
100.202896
158.007812
161.428421
251.252441
288.204132
256.233978
166.764145
114.916908
217.400543
229.31572
158.657394
111.777832
101.539169
101.475693
100.854736
100.636688
100.347107
100.266022
128.604034
202.740906
196.451401
354.29892
250.846558
141.832275
103.105247
103.903297
165.882339
183.294952
144.715805
120.919403
108.867134
139.086365
133.300552
112.69558
103.780251
102.927322
101.664932
120.788864
115.348953
111.163437
119.256516
88.9922791
56.2455215
43.3771172
40.4333954
141.643829
136.935547
100.024567
62.6593475
46.5889015
43.558445
45.1834221
43.0042763
41.0910225
41.2450829
101.480408
62.6587753
58.2826843
46.3642654
104.092857
92.1410675
82.0138779
112.418427
40.3654633
105.349838
102.207153
98.0234833
121.188118
110.125298
107.285271
109.356125
105.438332
146.555908
181.625824
160.139053
141.831268
155.382217
298.219421
322.354828
250.228317
206.464798
151.057251
110.671402
100.434219
100.855988
103.653114
103.533173
100.663277
100.681328
100.465805
100.365463
100.365463
101.283272
130.098373
126.155296
117.519745
155.052277
140.356476
151.008591
