0.0
0.0
0.0
0.0
0.0
0.0
0.0
0.0
0.0
0.0
0.0
0.0
0.0
0.0
0.0
0.0
0.0
0.0
0.0
0.0
0.0
0.0
0.0
0.0
0.0
0.0
0.0
0.0
0.0
0.0
0.0
0.0
0.0
0.0
0.0
0.0
0.0
0.0
0.0
0.0
0.0
0.0
0.0
0.0
0.0
0.0010335471
0.00468546059
0.00468546059
0.00468546059
0.00468546059
0.00468546059
0.00468546059
0.00468546059
0.00468546059
0.00468546059
0.00468546059
0.00468546059
0.00468546059
0.00468546059
0.00468546059
0.0
0.0
0.0
0.0
0.0
0.0
0.0
0.0
0.0
0.0
0.0
0.0
0.0
0.0
0.0
0.0
0.0
0.0
0.0
0.0
0.0
0.0
0.0
0.0
0.0
0.0
0.0
0.0
0.0
0.0
0.0
0.00468546059
0.00468546059
0.225951239
32.5856171
48.6221962
62.575325
40.4989662
13.8281851
10.0023451
2.47921848
0.0046855486
0.00468546059
0.00468546059
0.00468546059
0.00468546059
0.00468546059
0.00468546059
0.00468546059
2.96538925
9.19091225
6.2438612
1.90189731
0.00468546059
0.00468546059
0.00468546059
0.00468546059
0.00468546059
0.00468546059
1.4290961
1.02396941
0.453617156
0.23004961
0.0690793321
0.00468546059
11.1171246
11.565547
3.47337866
0.00468546059
0.00468546059
0.0115526365
0.00686702784
0.00468546059
0.00468546059
0.00468546059
0.00468546059
0.00468546059
0.238556415
0.519830585
0.150098234
0.0968814567
0.33857888
0.101501942
0.249123231
0.529997945
0.797838569
0.922515213
2.27841473
2.35564423
9.38677883
9.32013988
2.83783388
0.0
0.0
28.4566193
29.285696
18.6377926
22.5129547
12.0685177
4.56584644
12.9616346
35.1789169
20.4330635
18.1346054
11.8995752
6.0730505
0.0436608642
0.0
0.0
0.0
27.1511307
90.4295273
95.2638855
39.9020195
10.4385967
35.9627914
18.9340286
10.6824837
8.20761776
0.0
0.0
0.0
0.012920225
0.109987557
0.547474325
3.5466218
6.4403038
12.4771452
108852.289
127.633736
107.510292
99.9193497
99.9193954
99.9192886
99.9191742
99.9192123
99.9195938
99.9363861
99.9817657
105.244118
104.232063
101.112221
100.214836
151.876511
178.304047
168.653137
148.241104
135.095978
124.184853
112.774269
103.982529
100.799751
100.178535
99.9709167
100.453217
100.704559
100.122017
99.922081
99.9220047
99.9223099
109.574966
141.930084
165.58667
145.782349
210.979095
202.174301
171.509079
156.719284
136.509949
112.425034
108.076126
106.444847
102.355385
100.272499
100.08416
100.040169
116.81514
115.639465
104.305222
101.0149
101.465233
100.338486
99.9684906
99.9499817
100.046516
40.0469894
42.1396599
41.7159691
48.0858459
48.8630219
45.4822273
56.9817886
110.042503
203.976013
194.955093
105.602028
50.7260666
127.719139
151.8871
100.291786
56.6811142
53.5335541
50.5926666
43.3933334
40.1019821
40.1048317
40.1071663
40.1088791
42.4660835
143.230591
160.787766
89.9288864
51.8432045
45.3819389
41.7991753
40.1329041
40.1353798
40.1375046
40.1393776
40.1406746
40.6041565
72.0164871
69.7608185
48.3431129
58.1908798
62.2499275
56.6448822
47.7874794
41.4919472
115.326637
112.479134
61.8354378
42.0648117
41.005127
40.2327042
40.1664925
109.200699
173.728973
123.268387
105.439934
144.674225
130.048218
74.7435913
45.3262939
40.6265335
40.2430687
11470.6045
100.208183
100.207359
100.203415
102.19384
112.239685
202.695663
229.071976
159.389648
110.952591
100.2108
100.191574
100.184387
100.167877
100.161201
192.403793
174.48941
124.55249
246.729156
258.532227
161.710358
107.925179
100.097832
100.108665
100.103973
112.256554
168.09581
147.663864
113.144249
100.085655
50.1348763
50.1018181
53.0392494
78.5964127
160.002258
156.762939
87.9304962
215.833328
163.732773
82.7149048
50.0330315
50.0693283
104.671036
134.94429
163.94429
114.68541
234.08847
335.089539
345.197571
311.245819
192.68454
87.7073212
53.914875
50.039711
50.0422058
50.0817833
50.1223755
50.0920181
50.0594063
50.0936356
102.33075
174.035858
191.976227
139.176559
183.187805
161.272446
120.534386
102.071693
125.883873
111.652412
107.444527
101.220428
100.655128
100.943878
100.245567
100.237083
100.238297
100.247009
100.255455
100.263016
100.27005
100.276306
100.282631
100.288948
100.295944
100.673492
100.315468
100.313583
100.316803
100.319626
100.32164
100.283272
50.3109207
50.2973137
50.3050575
50.3304176
50.7622375
51.2462311
50.4703636
50.4031143
50.3309288
53.6790695
51.7355728
53.6738129
51.5732231
50.6854973
51.7163811
51.779789
50.6713562
50.4447556
50.3271332
50.3268013
50.3260231
50.3258018
50.3255539
50.3247757
50.3244171
53.0820656
51.5172501
50.7714958
100.246826
100.212532
100.212151
100.211952
100.211563
100.211151
100.210785
100.210396
100.210106
101.549164
100.943115
51.1123276
50.2490005
50.2234993
50.208168
56.9764977
72.4653015
62.3329544
53.9707909
50.2263412
93.2962799
129.337158
92.5812531
61.0316772
50.2024307
51.5922813
51.6253357
53.2214699
51.0754852
51.3626747
50.3227806
80.3057632
80.638176
80.2988739
80.2980042
80.2968979
80.2957687
80.2945404
80.2934875
80.2924881
80.2911377
80.2899857
80.2887802
80.2877274
80.2868118
80.2856369
80.2844086
80.2833786
86.8528137
130.341721
138.165695
108.255539
121.580917
287.605682
244.513824
222.887268
152.680527
102.603813
80.9796143
80.2738113
80.2733536
100.360695
100.62188
100.377708
100.270889
100.269943
100.453758
100.930122
100.516281
100.282372
100.26564
100.264671
100.263458
100.300789
101.424957
219.501251
349.096741
380.626953
441.300903
563.434448
403.124054
254.05864
163.478058
119.61351
114.551949
198.168335
244.640686
188.838318
125.412621
102.940887
101.742073
100.706154
60.2824821
60.2983131
119.300095
107.090302
74.6859055
60.2992821
153.674789
284.707275
205.176041
97.733345
60.3730927
60.2834244
60.2990303
60.2990799
60.2990646
60.2990952
98.5018005
259.408325
458.497467
357.680573
191.723511
103.215897
103.199051
362.447083
414.763702
233.873688
153.394058
101.762665
72.677887
60.2834892
70.2833557
70.283287
70.2832184
70.2831497
70.2830734
70.2829895
70.2829056
70.2828064
70.2827072
70.282608
70.2824936
70.2825546
70.297966
70.2821808
70.2819977
70.2820435
70.2977066
76.4669418
75.1813965
71.5402908
70.280983
70.2809143
175.973587
201.583435
132.523346
81.4775314
73.9527588
93.1073914
110.342453
92.8541031
76.1172714
51.271656
50.6194725
50.3751183
50.3151054
50.2777405
50.2774734
50.2772331
50.2771835
50.4098511
50.9458694
51.1251297
50.4798126
108.944275
93.6344376
63.0610275
50.7985039
103.379395
188.696899
190.312271
108.047752
58.5356445
100.272316
50.2722054
54.8614197
54.2636147
51.2804031
50.2708168
51.4231949
51.9044724
52.5084724
68.3183746
51.6793251
89.971611
86.4129868
352.523315
262.846954
287.040741
275.168335
215.508331
155.455933
90.2808762
58.3538589
391.693909
674.9151
412.920013
124.670563
40.3654633
40.3654633
40.3654633
40.3654633
40.3654633
40.3654633
40.3654633
47.7639046
129.207825
332.20929
334.45163
418.612976
445.951416
292.932953
153.319275
585.520447
683.047607
382.68042
559.594482
750.80249
687.726074
442.284912
398.232361
441.227051
398.567261
169.05246
100.365463
100.365463
100.365463
100.365463
100.365463
100.365463
100.365463
100.365463
100.365463
100.365463
100.365463
121.860779
143.60495
126.425964
105.185654
100.365463
100.365463
100.365463
102.976852
107.116364
102.457893
101.054077
102.590096
102.013023
100.900177
100.404083
100.325912
100.316154
116.333084
108.815285
102.901031
100.780037
100.319084
342.504944
340.103455
173.037949
111.548294
105.583595
101.971062
100.225533
100.22007
100.209274
105.186996
102.887573
101.170959
100.148079
100.109215
100.093063
100.082787
113.805847
56.2816238
52.0595169
50.1660347
50.1596718
50.1214638
50.0836906
50.0755234
50.0693893
50.0638771
51.256115
124.48568
111.894707
68.6514206
50.0917397
50.0781593
50.0743408
50.0366974
50.0344963
50.0336876
50.0333214
50.0334702
50.0340996
50.035183
50.0366325
50.0385323
50.0409241
50.0437355
50.0469627
50.0510178
86.9452515
126.064438
108.852379
50.3465233
50.1287651
50.134655
50.1678925
78.6931
69.0819855
56.0726357
50.184906
50.1747513
50.1809692
50.1881828
50.1946869
50.2009277
50.206543
50.2116928
50.2173424
50.2230644
50.2351418
50.2328415
50.2354469
50.2380943
50.2418137
50.2464867
51.2354736
50.3991013
50.3340645
50.2621193
50.266674
50.2717094
50.2629051
50.271431
50.2810211
50.2920761
50.2765808
50.3031693
50.3046722
50.3040504
50.3038368
50.3034248
50.3027954
50.3024483
50.3021545
50.301548
50.3012009
50.3005333
50.3000679
50.2994804
50.2988396
50.2986832
50.2978935
50.2974548
50.3931122
70.6338043
64.2208939
54.7248192
50.2945976
50.2938805
50.1761894
50.1753082
50.1749763
50.1744385
50.1739731
50.1734619
50.1728592
50.1726532
50.1718521
50.1715508
50.1708031
50.1687927
50.1652489
50.1638985
50.1632957
50.1623878
50.1614265
50.1609116
50.1601601
50.1590195
50.1583824
50.1590462
50.5095596
50.1624985
50.1817093
50.1552696
50.1554222
52.909687
52.6233521
50.9820557
50.3366089
50.2651558
80.2639465
80.262558
80.2611542
80.9288788
80.2702637
80.2577209
80.2563171
80.2549057
10.1309786
70.3745575
80.2506866
90.8911819
87.0107346
138.063126
124.179596
93.896019
80.2428741
80.2414703
80.2400665
12.6965361
74.7767181
82.4562836
10.1226921
70.9557571
92.0372162
13.3075171
80.3539886
12.9692459
72.2617264
80.8062897
54.496212
54.1324959
54.3375626
53.2457085
52.1435623
56.374054
61.546524
106.493652
97.0314102
121.685089
383.037323
534.484741
327.309113
109.61808
104.776436
105.361435
103.162598
102.440895
100.878242
100.27433
100.276093
50.277195
50.2780952
50.2785378
50.278553
50.3053741
50.4345398
58.3600311
58.8182983
53.3466072
50.3826408
60.2080536
60.1906471
60.7592812
61.6675606
62.5030594
80.3097382
85.8169708
75.5081711
64.8203812
60.9935951
68.4651947
65.201149
61.7214088
116.89064
134.489426
160.408478
183.975037
184.835815
247.384918
204.014557
134.832016
82.5008163
67.2326508
145.718109
335.241547
249.859406
112.917725
65.5712433
62.9152832
61.32444
6203.7998
111.496536
126.992897
116.517654
104.224472
100.263023
102.390953
102.548264
101.063049
101.029846
100.913757
100.439735
100.327538
100.281059
100.265709
100.261559
121.464478
128.372009
121.060471
108.123573
101.661758
100.347412
113.88546
115.705444
107.929802
101.882339
108.4319
249.437103
280.138763
190.485138
121.96682
102.09967
100.404053
100.254219
101.736916
102.040016
100.705048
100.253494
100.252991
100.252373
100.251717
106.827034
104.898438
101.407326
100.249344
100.266327
102.729301
102.50811
109.869537
146.524185
180.293442
160.244919
179.39624
195.165649
145.755127
125.487068
144.241638
200.520996
180.208923
131.236435
187.275726
153.550995
55.504734
40.6746254
41.0824013
40.8833199
40.5660667
40.3521156
40.3524437
40.3526192
40.3526764
40.3525391
79.8345337
195.269714
518.863037
362.545349
212.452255
265.467285
178.548141
75.6548615
40.3654633
40.3654633
40.3654633
40.3654633
40.3654633
295.404327
256.618103
117.962265
57.3200035
47.8242035
69.5253601
70.2714691
114.810661
104.88382
103.59874
102.883125
154.436737
144.96701
159.034241
139.470947
110.071892
100.365463
156.250732
253.214844
264.054596
175.519455
113.052361
100.365463
100.365463
100.365463
110.999588
137.350647
125.461891
105.565262
176.20929
264.593506
208.962204
224.303375
239.86853
173.323654
186.829224
162.038177
117.866417
101.169212
100.687042
100.364113
100.355301
115.072655
106.982773
102.263458
164.673126
197.507156
300.176361
241.891937
139.301544
101.115654
100.389595
100.257812
100.257057
100.252365
100.233833
100.222427
100.217178
100.681252
100.232368
100.212608
145.328613
177.764587
141.745804
109.407555
106.460678
103.169281
101.168289
50.1262779
50.1132278
50.1047401
50.0967255
50.0892029
50.0822639
50.1088142
135.351044
344.525391
306.850403
133.183716
58.2999077
85.6026611
904.948792
1067.82068
543.14325
137.586533
50.1254692
50.5526123
50.1270561
50.0844421
50.0380363
50.0358353
50.0373306
50.0393486
50.0419044
50.0449371
50.0484352
50.0524178
50.0569916
107.562202
262.08374
562.435181
550.021729
288.824554
131.27298
100.184166
100.165199
101.032959
100.288246
100.24205
100.200981
100.208214
100.21743
100.227036
100.235802
100.244835
100.254272
100.263153
100.271523
100.279442
100.286835
100.300919
100.307922
100.306831
100.313683
100.31945
100.327766
100.332352
100.334915
100.340569
100.299423
100.308533
100.33712
100.34243
100.331413
60.3553009
54.1859894
51.66362
53.7884064
51.4183426
55.7907372
60.0924034
64.5772095
86.6016083
66.9240875
56.9455376
102.107277
50.3449631
50.3445778
53.6698303
51.404007
50.7978935
50.3432083
50.3427811
50.5966034
50.3421364
56.5975456
52.5919876
57.2230225
109.555336
107.209846
109.380974
122.408249
113.624062
104.223907
115.798149
120.636917
130.452988
115.145714
104.629051
100.230217
102.581871
102.578041
100.839554
100.367439
100.227425
101.18734
100.303207
100.246506
100.247864
106.934097
52.799778
51.1872063
51.3636284
88.5147247
106.317474
176.546722
237.261627
222.52005
118.189491
95.4614716
80.5655823
80.3256989
80.3254242
80.3253326
80.3248367
80.324585
81.0358658
80.323761
80.3233566
80.3228302
80.3221436
80.3215714
80.3208084
80.3199158
80.3191757
80.3183517
80.3175354
80.3166351
80.3156738
80.3148804
80.3138351
145.893097
200.001862
180.593735
132.546555
296.300232
291.77301
236.793182
156.875916
130.506683
104.433327
100.568985
100.780357
100.460327
100.326752
100.327263
101.458893
102.065987
100.929489
100.356392
100.327232
100.326866
100.3265
100.326073
100.325699
100.325287
100.324669
100.32383
100.323135
100.32222
100.321587
103.116661
148.110809
153.084595
146.188141
124.854156
107.024399
138.888931
272.237915
341.115356
202.025681
97.4771576
63.6756821
60.6774673
60.2561607
60.5009842
60.6549568
60.4071999
65.843895
102.450623
119.941101
102.005508
73.5680466
62.4569626
60.2420502
60.2416801
60.24123
60.2409248
60.2406197
60.8441238
60.4986954
60.3235016
60.2538109
60.3052597
60.2605133
60.2513504
60.2338867
60.2330856
60.2960701
60.5822754
11786.3311
126.046227
116.332832
104.442177
100.243057
146.042084
134.46257
110.767052
100.222466
104.428398
103.437668
101.694809
110.866226
107.818787
102.529495
246.075104
213.674194
484.157654
491.704865
554.607056
345.511108
183.019501
250.157242
210.831009
135.216675
104.281181
102.435783
100.727905
105.600006
104.362228
120.797394
359.522522
577.605652
518.09668
572.209778
406.045959
392.543976
235.364212
274.956299
166.317657
144.437546
113.554443
108.73761
125.851166
118.23745
116.57766
111.001556
103.074455
100.274307
100.274185
100.291519
100.273491
100.273277
128.023468
203.184113
176.305252
120.432999
120.93602
236.930634
577.766846
519.253174
259.669647
119.410851
100.365463
231.257294
199.587524
160.079727
175.968445
205.962677
226.37973
219.79744
201.542374
170.711746
127.366051
122.032898
110.800522
102.236916
100.365463
100.365463
100.365463
100.365463
100.365463
100.365463
100.365463
100.365463
100.365463
100.365463
100.365463
100.365463
100.365463
46.4196739
46.1520462
103.137848
100.782089
100.440704
100.365463
100.40284
100.377335
100.365463
100.365463
100.365463
102.026062
103.989159
102.555008
100.560585
100.365463
100.742912
100.485374
100.365463
100.365463
102.307037
103.928635
102.207611
143.859344
142.753052
118.292557
191.581253
270.420654
415.455933
405.396881
232.997528
120.47834
100.365463
100.357239
100.350525
100.351952
100.360985
100.324547
100.335419
100.324471
100.313736
100.321396
176.972107
351.967438
479.652832
384.958191
200.214645
115.26606
100.266487
100.367287
100.252113
100.221191
100.217735
144.001083
247.240585
386.205444
381.063538
240.73349
131.730362
102.808105
100.122124
100.083191
100.099815
55.1979599
52.8642464
146.658737
640.046387
524.385681
194.04538
52.4788208
53.059742
50.1585426
50.1237679
50.0867271
50.0496826
50.0458488
50.0426292
50.0400429
50.9129181
50.0905266
50.0446815
50.0338402
50.0334663
50.0336151
50.034256
50.035511
50.0753288
50.115078
77.5250168
99.3308105
75.7092438
57.5293083
50.1168251
100.130646
171.625
190.90567
139.257706
106.990028
100.17305
122.124649
110.979523
103.618393
100.178581
100.187042
100.195946
100.204643
100.229141
100.227303
100.228378
100.235809
100.243713
100.251678
109.946602
103.455009
101.339241
100.276947
100.281746
100.288948
100.297684
100.297592
100.29528
100.302628
100.315712
100.308662
100.374458
50.3015404
50.3114433
50.3193703
50.3237877
50.3262672
50.3259964
54.2204056
51.3472824
50.730175
50.3246117
50.3240242
50.3235893
50.3234596
50.3228302
50.3223419
50.3222046
50.3214645
50.3210564
50.3207054
50.3200531
50.3197441
50.3190804
50.3185921
50.3180656
50.3175354
50.3171082
50.3163452
50.3159981
100.203751
55.450779
53.9635658
51.4419708
50.4395752
50.2229271
50.1981316
50.1977768
121.295944
106.853844
68.3164597
50.1981812
50.1978111
50.1974983
50.1968727
50.1964073
50.1965599
50.218235
50.1959419
80.9465332
71.1939697
57.1262436
50.1940727
50.1936989
50.1938591
58.5495872
54.0403252
51.5463982
51.8828316
50.5527229
50.3551674
80.29319
80.2925262
80.2916641
81.606575
80.469017
80.3560104
80.352356
87.7748337
109.857986
169.364334
297.120483
349.022583
281.239166
165.813202
105.300262
84.5943527
81.6926041
80.283165
80.2829056
80.282814
98.3341217
91.9501648
84.3286819
80.2800522
80.2793884
81.5598221
80.3030396
80.2769241
80.2760086
80.2748489
100.273987
100.273277
100.272202
135.831543
130.953583
109.879036
100.290939
100.267731
100.267059
100.265953
100.264915
100.263916
100.262817
102.951088
139.278046
151.31749
126.702072
154.077072
217.857361
221.363205
208.437057
202.350571
171.201981
127.914482
104.805893
100.25621
136.581802
509.840302
791.257629
627.142883
355.882599
122.445007
65.6544113
60.659977
60.2992363
60.2835388
60.2828636
60.2828789
60.2831078
60.2994728
60.299614
110.619904
97.3805161
71.7970963
60.2834358
60.3476143
60.2909393
76.3534393
68.9119415
63.0050316
60.283268
60.2832642
60.2833481
98.152153
85.3276749
68.0872116
62.4891891
237.493332
199.506775
105.312981
61.9348564
142.330276
281.18866
271.004395
287.792236
182.329941
99.4315262
70.2828293
70.2829056
70.298233
70.2823944
70.2820435
70.2818146
70.2816467
70.2815094
70.2816086
71.4691772
71.4620743
70.6330338
96.7692566
90.5469055
76.2171936
70.2805634
70.2964478
70.280014
70.2798004
70.2796097
70.2796555
70.295723
70.278862
70.2783966
70.2782516
51.4717026
51.8826637
50.6886024
50.2762527
50.2759476
64.192894
60.4699402
53.6015053
54.1749763
53.2367744
50.9862289
64.0173645
139.857025
160.279785
102.797569
60.6827888
50.2692528
50.268734
52.1667557
82.6584244
81.3431244
13.0423365
58.4023056
55.1386223
51.5091515
50.2641602
89.5732727
79.4465256
115.052406
124.894203
73.3760071
40.912529
40.3575745
40.357605
40.3574371
40.3572502
40.3570709
40.3567162
40.3564301
40.3561897
76.5808105
66.5631104
48.8325691
41.0150528
50.2984657
179.065582
176.902252
95.3948212
48.3673401
40.6217117
40.3556519
40.4136734
40.6063805
40.4902344
40.8687439
40.8563347
40.5728035
40.3552551
40.3551598
40.3549423
40.354847
40.3546104
40.3542976
40.3542213
41.2879486
42.4932709
41.6877899
40.468956
40.3526192
54.6172981
72.5689621
66.2308884
49.7133598
41.3421097
40.3508263
40.3505707
40.3501205
40.3500061
40.3495331
40.349144
40.3489532
40.3486938
44.3898582
45.7029114
42.8271065
40.5448341
40.3471909
40.5307198
42.4395142
42.1822472
40.5127029
40.3379135
43297.9062
100.343521
123.725838
166.381226
142.315659
111.075897
100.289307
100.285461
100.284828
100.271431
102.627907
101.131325
100.545387
100.233582
100.224968
100.216026
101.049248
100.390297
100.288628
100.198387
100.193947
100.180901
100.14093
100.128326
109.393494
104.154137
101.237442
100.058495
100.075089
100.065002
50.0898399
50.1426125
50.136425
50.8801613
56.2300797
57.7547951
70.3408127
76.5302277
108.977905
84.3725739
59.3767014
50.0061684
50.000824
49.9955063
49.9902763
49.9853745
49.9816322
50.0198288
50.0191345
49.9760399
50.0091858
50.0073013
49.9668732
49.9633408
49.9992332
50.0340805
49.9966583
49.9591942
49.9580383
53.9655838
51.0434494
50.3368645
60.9995575
109.899757
130.694397
88.363121
58.3708534
50.1152725
50.0887222
50.0855904
50.086956
50.0630875
50.0619164
50.0653572
50.0882607
50.0940399
50.081974
50.0871429
50.0943146
50.1023788
50.1111717
50.1203461
50.1301117
50.1483002
50.1595154
50.1572685
50.1571884
51.0873222
50.2883492
50.2343102
50.1834373
50.1886978
50.178894
50.2024841
50.2077141
50.1976204
50.2280922
50.2309685
50.2333984
50.2333069
50.2330894
50.2325897
50.2319984
50.2317314
50.231041
50.2305756
50.2300835
50.2294197
50.2289162
50.2283821
50.2276649
50.2274628
50.226593
50.2261887
50.2254524
50.2248573
50.2244148
50.2235641
50.2231216
50.2223282
50.1084747
50.1080894
50.1076775
50.1071892
50.1066551
50.1058731
50.1052094
50.1041107
50.1025391
50.1006088
50.0998421
50.0995255
50.0989418
50.0982819
50.0975609
50.09692
50.0963364
50.0958061
50.0951042
50.0943718
50.0939445
50.0940704
65.2169571
60.5027695
53.475666
50.3393669
50.0928917
50.1144981
50.1437912
50.0900841
50.0893631
94.9223709
89.4221344
83.2606354
80.1925125
80.1912003
80.1899261
80.2747726
10.1040869
70.2693405
80.1844788
80.183075
80.1817474
80.1802597
80.1787033
10.0989275
70.2537842
80.1738815
80.1722946
80.1706238
10.3789549
70.2436447
80.1661453
80.1645889
80.6367874
90.7756119
89.6890411
83.8316803
80.5499496
141.632477
134.451935
66.9392319
50.1519012
50.15065
51.3670769
51.6049461
50.561203
50.1458473
50.1448326
50.1609344
50.1477814
50.1410904
50.1396561
52.2387161
100.37468
140.177124
127.118263
83.7744751
56.4218254
50.1322632
50.1310272
55.1368256
96.973053
106.534576
76.058075
54.0991592
50.1288185
54.1174507
54.6446114
51.4454536
50.1203117
50.1193771
60.0316544
68.7892456
81.5284882
139.393616
184.665131
142.797211
123.270187
194.245361
259.606598
186.599823
93.2466736
61.8582878
60.047657
69.2923203
90.1113968
88.0142059
93.6763306
78.7908783
65.2725449
141.743881
168.44397
111.969353
69.4037094
60.1155548
94.334671
132.955978
179.427856
266.596985
253.584885
143.41803
23314.5664
119.235886
116.318413
108.933449
122.800446
117.148834
104.948738
100.223106
100.163025
102.771347
106.604713
110.9328
176.106293
170.433823
257.593475
223.265259
186.28154
218.057343
283.00235
202.55838
124.89106
100.200951
100.222374
100.210564
159.284851
162.136353
253.623032
290.540894
257.424042
166.683716
114.832306
219.789459
230.687378
158.808609
111.770332
101.579002
101.489548
100.872459
100.645828
100.351089
100.268837
129.279068
204.71817
197.896362
357.599548
251.91243
142.028778
103.166969
103.957275
166.703094
184.036835
145.119202
121.169228
109.020493
139.555359
133.807083
112.916466
103.854019
102.980713
101.702782
121.069443
115.623619
112.013794
120.19001
89.5000305
56.3607979
43.3948212
40.4334526
142.86084
138.082397
100.619392
62.7421684
46.6210365
43.6088409
45.2554207
43.0301399
41.0944672
41.2656555
41.4919434
62.9756927
58.4243011
46.4067955
44.158989
92.9012299
82.5203781
52.5573807
40.3654633
45.4477234
103.090073
98.7546768
61.4032707
50.2664871
107.351112
109.485504
105.451195
147.253754
182.726685
160.891083
142.298004
155.945267
299.516052
323.153046
250.340607
206.194366
150.839951
110.648285
100.43219
100.857056
103.661995
103.482658
100.655991
100.682869
100.466301
100.365463
100.365463
101.289795
130.289551
126.205826
117.595741
155.227142
140.402267
151.214157
