1 1
13 1.000000 0.100000 0.100000 1.000000 0.650000 0.500000 0.250000
18.000000 19.000000 14.000000 15.000000 3.000000 6.000000 1.000000 1.000000 7.000000 4.000000 26.000000 24.000000
2 1
13 1.000000 0.100000 0.100000 1.000000 0.650000 0.500000 0.250000
51.000000 38.000000 10.000000 14.000000 3.000000 10.000000 6.000000 2.000000 3.000000 62.000000 56.000000 54.000000
3 1
13 1.000000 0.100000 0.100000 1.000000 0.650000 0.500000 0.250000
21.000000 14.000000 7.000000 17.000000 7.000000 12.000000 4.000000 1.000000 3.000000 47.000000 44.000000 42.000000
4 1
10 1.000000 0.100000 0.100000 1.000000 0.650000 0.500000 0.250000
21.000000 19.000000 14.000000 13.000000 41.000000 22.000000 8.000000 1.000000 39.000000 28.000000 24.000000 21.000000
5 1
13 1.000000 0.100000 0.100000 1.000000 0.650000 0.500000 0.250000
39.000000 53.000000 45.000000 3.000000 1.000000 9.000000 2.000000 1.000000 23.000000 6.000000 59.000000 55.000000
6 1
13 1.000000 0.100000 0.100000 1.000000 0.650000 0.500000 0.250000
21.000000 20.000000 16.000000 18.000000 7.000000 5.000000 4.000000 1.000000 7.000000 25.000000 33.000000 21.000000
7 1
3 1.000000 0.100000 0.100000 1.000000 0.650000 0.500000 0.250000
40.000000 37.000000 30.000000 14.000000 2.000000 53.000000 10.000000 1.000000 60.000000 37.000000 48.000000 40.000000
8 1
13 1.000000 0.100000 0.100000 1.000000 0.650000 0.500000 0.250000
22.000000 16.000000 10.000000 18.000000 1.000000 70.000000 70.000000 1.000000 32.000000 26.000000 20.000000 19.000000
9 1
13 1.000000 0.100000 0.100000 1.000000 0.650000 0.500000 0.250000
21.000000 15.000000 9.000000 16.000000 4.000000 13.000000 1.000000 2.000000 1.000000 32.000000 29.000000 21.000000
10 1
10 1.000000 0.100000 0.100000 1.000000 0.650000 0.500000 0.250000
12.000000 7.000000 5.000000 9.000000 14.000000 18.000000 3.000000 11.000000 4.000000 28.000000 20.000000 14.000000
11 1
10 1.000000 0.100000 0.100000 1.000000 0.650000 0.500000 0.250000
8.000000 6.000000 4.000000 7.000000 9.000000 17.000000 11.000000 7.000000 13.000000 31.000000 20.000000 9.000000
12 1
11 1.000000 0.100000 0.100000 1.000000 0.650000 0.500000 0.250000
56.000000 55.000000 57.000000 66.000000 3.000000 15.000000 3.000000 1.000000 17.000000 8.000000 54.000000 67.000000
13 1
13 1.000000 0.100000 0.100000 1.000000 0.650000 0.500000 0.250000
56.000000 57.000000 60.000000 65.000000 62.000000 12.000000 2.000000 1.000000 12.000000 47.000000 4.000000 67.000000
14 1
13 1.000000 0.100000 0.100000 1.000000 0.650000 0.500000 0.250000
53.000000 55.000000 55.000000 66.000000 1.000000 20.000000 6.000000 1.000000 7.000000 62.000000 57.000000 58.000000
15 1
10 1.000000 0.100000 0.100000 1.000000 0.650000 0.500000 0.250000
14.000000 12.000000 11.000000 12.000000 2.000000 22.000000 1.000000 2.000000 32.000000 26.000000 19.000000 14.000000
16 1
15 1.000000 0.100000 0.100000 1.000000 0.650000 0.500000 0.250000
19.000000 13.000000 6.000000 11.000000 7.000000 6.000000 1.000000 5.000000 51.000000 37.000000 27.000000 17.000000
17 1
13 1.000000 0.100000 0.100000 1.000000 0.650000 0.500000 0.250000
19.000000 17.000000 11.000000 16.000000 9.000000 42.000000 1.000000 1.000000 11.000000 35.000000 28.000000 22.000000
18 1
10 1.000000 0.100000 0.100000 1.000000 0.650000 0.500000 0.250000
12.000000 11.000000 10.000000 12.000000 13.000000 12.000000 14.000000 2.000000 16.000000 36.000000 18.000000 13.000000
19 1
13 1.000000 0.100000 0.100000 1.000000 0.650000 0.500000 0.250000
18.000000 13.000000 10.000000 16.000000 10.000000 22.000000 9.000000 3.000000 18.000000 60.000000 23.000000 18.000000
20 1
13 1.000000 0.100000 0.100000 1.000000 0.650000 0.500000 0.250000
13.000000 11.000000 10.000000 10.000000 10.000000 3.000000 3.000000 3.000000 2.000000 52.000000 29.000000 17.000000
21 1
11 1.000000 0.100000 0.100000 1.000000 0.650000 0.500000 0.250000
19.000000 17.000000 14.000000 19.000000 11.000000 15.000000 4.000000 4.000000 27.000000 45.000000 33.000000 23.000000
22 1
15 1.000000 0.100000 0.100000 1.000000 0.650000 0.500000 0.250000
11.000000 8.000000 8.000000 14.000000 12.000000 6.000000 10.000000 18.000000 22.000000 30.000000 23.000000 17.000000
23 1
11 1.000000 0.100000 0.100000 1.000000 0.650000 0.500000 0.250000
19.000000 16.000000 8.000000 17.000000 20.000000 12.000000 11.000000 5.000000 27.000000 30.000000 31.000000 24.000000
24 1
11 1.000000 0.100000 0.100000 1.000000 0.650000 0.500000 0.250000
55.000000 57.000000 65.000000 62.000000 8.000000 7.000000 10.000000 70.000000 7.000000 38.000000 41.000000 61.000000
25 1
13 1.000000 0.100000 0.100000 1.000000 0.650000 0.500000 0.250000
10.000000 9.000000 7.000000 9.000000 9.000000 32.000000 6.000000 1.000000 7.000000 36.000000 13.000000 11.000000