0.6941885789400714 0.01867675442346135 0.5702834114336479 22.464116476158356 0.1497014024605181 0.5697559746370171 524.9559209597127 595.8268697370688 10.578955752171066 2.9289677018347247
0.6941885789400714 0.01867675442346135 0.5702834114336479 22.464116476158356 0.18676368587224684 0.5697559746370171 524.9559209597127 595.8268697370688 10.578955752171066 2.9289677018347247
0.6941885789400714 0.01867675442346135 0.5702834114336479 22.464116476158356 0.05078965326558289 0.5697559746370171 524.9559209597127 595.8268697370688 10.578955752171066 2.9289677018347247
0.6941885789400714 0.01867675442346135 0.5702834114336479 22.464116476158356 0.05078965326558289 0.5697559746370171 612.2428828655947 595.8268697370688 10.578955752171066 2.9289677018347247
0.6941885789400714 0.6495797856886196 0.5702834114336479 22.464116476158356 0.05078965326558289 0.5697559746370171 612.2428828655947 595.8268697370688 10.578955752171066 2.9289677018347247
0.6941885789400714 0.8259967102616491 0.5702834114336479 22.464116476158356 0.05078965326558289 0.5697559746370171 612.2428828655947 595.8268697370688 10.578955752171066 2.9289677018347247
0.6941885789400714 0.8259967102616491 0.5702834114336479 22.464116476158356 0.05078965326558289 0.9510532416135136 612.2428828655947 595.8268697370688 10.578955752171066 2.9289677018347247
0.6941885789400714 0.8259967102616491 0.5702834114336479 22.464116476158356 0.05078965326558289 0.9510532416135136 612.2428828655947 595.8268697370688 10.578955752171066 221.51508349083815
0.6941885789400714 0.8259967102616491 0.5702834114336479 22.464116476158356 0.05078965326558289 0.9510532416135136 523.0115609740539 595.8268697370688 10.578955752171066 221.51508349083815
0.6941885789400714 0.8259967102616491 0.5702834114336479 22.464116476158356 0.05078965326558289 0.9510532416135136 523.0115609740539 595.8268697370688 10.578955752171066 69.00001928625018
0.6941885789400714 0.8259967102616491 0.5702834114336479 22.464116476158356 0.05078965326558289 0.9510532416135136 523.0115609740539 595.8268697370688 10.578955752171066 96.35828981629284
0.6941885789400714 0.8259967102616491 0.05079976872306357 22.464116476158356 0.05078965326558289 0.9510532416135136 523.0115609740539 595.8268697370688 10.578955752171066 96.35828981629284
0.6941885789400714 0.8259967102616491 0.05079976872306357 22.464116476158356 0.05078965326558289 0.9510532416135136 601.458122800926 595.8268697370688 10.578955752171066 96.35828981629284
0.6941885789400714 0.8259967102616491 0.05079976872306357 22.464116476158356 0.05078965326558289 0.9510532416135136 601.458122800926 595.8268697370688 136.92071693486997 96.35828981629284
0.6941885789400714 0.8259967102616491 0.05079976872306357 22.464116476158356 0.05078965326558289 0.9510532416135136 601.458122800926 595.8268697370688 114.5667390021382 96.35828981629284
0.6941885789400714 0.8259967102616491 0.270630050972583 22.464116476158356 0.05078965326558289 0.9510532416135136 601.458122800926 595.8268697370688 114.5667390021382 96.35828981629284
0.6941885789400714 0.8259967102616491 0.270630050972583 22.464116476158356 0.05078965326558289 0.9510532416135136 601.458122800926 509.68379322002716 114.5667390021382 96.35828981629284
0.6941885789400714 0.04220668745032479 0.270630050972583 22.464116476158356 0.05078965326558289 0.9510532416135136 601.458122800926 509.68379322002716 114.5667390021382 96.35828981629284
0.6941885789400714 0.6585611621838681 0.270630050972583 22.464116476158356 0.05078965326558289 0.9510532416135136 601.458122800926 509.68379322002716 114.5667390021382 96.35828981629284
0.17905278571093106 0.6585611621838681 0.270630050972583 22.464116476158356 0.05078965326558289 0.9510532416135136 601.458122800926 509.68379322002716 114.5667390021382 96.35828981629284
0.17905278571093106 0.6585611621838681 0.270630050972583 22.464116476158356 0.05078965326558289 1.298387721344703 601.458122800926 509.68379322002716 114.5667390021382 96.35828981629284
0.17905278571093106 0.6585611621838681 0.270630050972583 22.464116476158356 0.05078965326558289 1.298387721344703 601.458122800926 509.68379322002716 208.05015004413855 96.35828981629284
0.17905278571093106 0.6585611621838681 0.270630050972583 22.464116476158356 0.05078965326558289 1.298387721344703 611.3759964247095 509.68379322002716 208.05015004413855 96.35828981629284
0.17905278571093106 0.6585611621838681 0.270630050972583 22.464116476158356 0.05078965326558289 1.298387721344703 611.3759964247095 509.68379322002716 280.03768939936805 96.35828981629284
0.17905278571093106 0.6585611621838681 0.270630050972583 22.464116476158356 0.05078965326558289 1.298387721344703 511.77600719438993 509.68379322002716 280.03768939936805 96.35828981629284
0.17905278571093106 0.6585611621838681 0.270630050972583 22.464116476158356 0.05078965326558289 1.298387721344703 519.045154474963 509.68379322002716 280.03768939936805 96.35828981629284
0.3927183284525791 0.6585611621838681 0.270630050972583 22.464116476158356 0.05078965326558289 1.298387721344703 519.045154474963 509.68379322002716 280.03768939936805 96.35828981629284
0.3927183284525791 0.6585611621838681 0.270630050972583 22.464116476158356 0.05078965326558289 1.298387721344703 519.045154474963 509.68379322002716 280.03768939936805 76.24614219766767
0.3927183284525791 0.6585611621838681 0.270630050972583 22.464116476158356 0.05078965326558289 1.298387721344703 519.045154474963 509.68379322002716 23.252153881005977 76.24614219766767
0.3927183284525791 0.6585611621838681 0.270630050972583 22.464116476158356 0.05078965326558289 1.298387721344703 519.045154474963 509.68379322002716 23.252153881005977 57.81440011953286
0.3927183284525791 0.6585611621838681 0.4811021539216336 22.464116476158356 0.05078965326558289 1.298387721344703 519.045154474963 509.68379322002716 23.252153881005977 57.81440011953286
0.3927183284525791 0.6585611621838681 0.4811021539216336 22.464116476158356 0.05078965326558289 1.298387721344703 519.045154474963 509.68379322002716 23.252153881005977 0.004515231401740241
0.32146358277108267 0.6585611621838681 0.4811021539216336 22.464116476158356 0.05078965326558289 1.298387721344703 519.045154474963 509.68379322002716 23.252153881005977 0.004515231401740241
0.32146358277108267 0.6585611621838681 0.4811021539216336 2.3937804189607315 0.05078965326558289 1.298387721344703 519.045154474963 509.68379322002716 23.252153881005977 0.004515231401740241
0.32146358277108267 0.6585611621838681 0.4811021539216336 2.3937804189607315 0.1161438623964264 1.298387721344703 519.045154474963 509.68379322002716 23.252153881005977 0.004515231401740241
0.32146358277108267 0.6585611621838681 0.4811021539216336 1.198776260699318 0.1161438623964264 1.298387721344703 519.045154474963 509.68379322002716 23.252153881005977 0.004515231401740241
0.32146358277108267 0.34457859980638456 0.4811021539216336 1.198776260699318 0.1161438623964264 1.298387721344703 519.045154474963 509.68379322002716 23.252153881005977 0.004515231401740241
0.32146358277108267 0.34457859980638456 0.4811021539216336 1.198776260699318 0.1161438623964264 1.298387721344703 519.045154474963 509.68379322002716 23.252153881005977 148.1005261171159
0.32146358277108267 0.038787620584494996 0.4811021539216336 1.198776260699318 0.1161438623964264 1.298387721344703 519.045154474963 509.68379322002716 23.252153881005977 148.1005261171159
0.32146358277108267 0.038787620584494996 0.4811021539216336 1.198776260699318 0.1161438623964264 1.298387721344703 519.045154474963 509.68379322002716 23.252153881005977 113.29186578629847
0.32146358277108267 0.038787620584494996 0.37575822945534026 1.198776260699318 0.1161438623964264 1.298387721344703 519.045154474963 509.68379322002716 23.252153881005977 113.29186578629847
0.32146358277108267 0.7386333671370147 0.37575822945534026 1.198776260699318 0.1161438623964264 1.298387721344703 519.045154474963 509.68379322002716 23.252153881005977 113.29186578629847
0.5380529831666763 0.7386333671370147 0.37575822945534026 1.198776260699318 0.1161438623964264 1.298387721344703 519.045154474963 509.68379322002716 23.252153881005977 113.29186578629847
0.5380529831666763 0.7386333671370147 0.37575822945534026 1.198776260699318 0.1161438623964264 1.298387721344703 519.045154474963 509.68379322002716 23.252153881005977 29.466100707387394
0.5380529831666763 0.7386333671370147 0.37575822945534026 1.198776260699318 0.1161438623964264 1.298387721344703 504.84601396460744 509.68379322002716 23.252153881005977 29.466100707387394
0.21786828786317464 0.7386333671370147 0.37575822945534026 1.198776260699318 0.1161438623964264 1.298387721344703 504.84601396460744 509.68379322002716 23.252153881005977 29.466100707387394
0.21786828786317464 0.7386333671370147 0.37575822945534026 11.323219941958541 0.1161438623964264 1.298387721344703 504.84601396460744 509.68379322002716 23.252153881005977 29.466100707387394
0.21786828786317464 0.7386333671370147 0.37575822945534026 11.323219941958541 0.1161438623964264 1.298387721344703 517.7125485248538 509.68379322002716 23.252153881005977 29.466100707387394
0.7798424765895088 0.7386333671370147 0.37575822945534026 11.323219941958541 0.1161438623964264 1.298387721344703 517.7125485248538 509.68379322002716 23.252153881005977 29.466100707387394
0.7798424765895088 0.8793726533304136 0.37575822945534026 11.323219941958541 0.1161438623964264 1.298387721344703 517.7125485248538 509.68379322002716 23.252153881005977 29.466100707387394
0.7798424765895088 0.8793726533304136 0.37575822945534026 11.323219941958541 0.1161438623964264 0.7080447463834834 517.7125485248538 509.68379322002716 23.252153881005977 29.466100707387394
0.7798424765895088 0.46781728728784217 0.37575822945534026 11.323219941958541 0.1161438623964264 0.7080447463834834 517.7125485248538 509.68379322002716 23.252153881005977 29.466100707387394
0.7798424765895088 0.46781728728784217 0.37575822945534026 11.323219941958541 0.1161438623964264 0.7080447463834834 517.7125485248538 509.68379322002716 3.2313575843244644 29.466100707387394
0.7798424765895088 0.46781728728784217 0.37575822945534026 11.323219941958541 0.1161438623964264 0.7080447463834834 517.7125485248538 509.68379322002716 3.2313575843244644 1.7560521469800199
0.7798424765895088 0.46781728728784217 0.37575822945534026 11.323219941958541 0.1161438623964264 0.7080447463834834 517.7125485248538 590.5439541081636 3.2313575843244644 1.7560521469800199
0.7798424765895088 0.46781728728784217 0.37575822945534026 11.323219941958541 0.1161438623964264 0.7080447463834834 517.7125485248538 590.5439541081636 189.83721551845983 1.7560521469800199
0.7798424765895088 0.46781728728784217 0.37575822945534026 11.323219941958541 0.1161438623964264 0.7080447463834834 517.7125485248538 590.5439541081636 189.83721551845983 3.99368406165172
0.7798424765895088 0.46110073794619433 0.37575822945534026 11.323219941958541 0.1161438623964264 0.7080447463834834 517.7125485248538 590.5439541081636 189.83721551845983 3.99368406165172
0.7798424765895088 0.46110073794619433 0.37575822945534026 11.323219941958541 0.1161438623964264 0.7080447463834834 517.7125485248538 590.5439541081636 189.83721551845983 9.383916421233504
0.7798424765895088 0.46110073794619433 0.37575822945534026 11.323219941958541 0.1161438623964264 0.7080447463834834 517.7125485248538 525.5531746638179 189.83721551845983 9.383916421233504
0.7798424765895088 0.46110073794619433 0.37575822945534026 11.323219941958541 0.1161438623964264 0.7080447463834834 517.7125485248538 513.616035370211 189.83721551845983 9.383916421233504
0.7798424765895088 0.46110073794619433 0.37575822945534026 11.323219941958541 0.1161438623964264 0.7080447463834834 517.7125485248538 513.616035370211 189.83721551845983 91.21941707847576
0.32882847409270427 0.46110073794619433 0.37575822945534026 11.323219941958541 0.1161438623964264 0.7080447463834834 517.7125485248538 513.616035370211 189.83721551845983 91.21941707847576
0.32882847409270427 0.46110073794619433 0.37575822945534026 11.323219941958541 0.05058321766927268 0.7080447463834834 517.7125485248538 513.616035370211 189.83721551845983 91.21941707847576
0.32882847409270427 0.46110073794619433 0.37575822945534026 11.323219941958541 0.05058321766927268 0.7080447463834834 624.3480293737352 513.616035370211 189.83721551845983 91.21941707847576
0.32882847409270427 0.46110073794619433 0.37575822945534026 11.323219941958541 0.14395705868809888 0.7080447463834834 624.3480293737352 513.616035370211 189.83721551845983 91.21941707847576
0.32882847409270427 0.46110073794619433 0.37575822945534026 11.323219941958541 0.14395705868809888 0.7080447463834834 624.3480293737352 513.616035370211 189.83721551845983 337.96171449977317
0.32882847409270427 0.6248042798084387 0.37575822945534026 11.323219941958541 0.14395705868809888 0.7080447463834834 624.3480293737352 513.616035370211 189.83721551845983 337.96171449977317
0.32882847409270427 0.6248042798084387 0.37575822945534026 11.323219941958541 0.2399339982009061 0.7080447463834834 624.3480293737352 513.616035370211 189.83721551845983 337.96171449977317
0.32882847409270427 0.6248042798084387 0.37575822945534026 11.323219941958541 0.23093294707150985 0.7080447463834834 624.3480293737352 513.616035370211 189.83721551845983 337.96171449977317
0.32882847409270427 0.6248042798084387 0.31077193418757004 11.323219941958541 0.23093294707150985 0.7080447463834834 624.3480293737352 513.616035370211 189.83721551845983 337.96171449977317
0.5100749321175 0.6248042798084387 0.31077193418757004 11.323219941958541 0.23093294707150985 0.7080447463834834 624.3480293737352 513.616035370211 189.83721551845983 337.96171449977317
0.5100749321175 0.6248042798084387 0.31077193418757004 11.323219941958541 0.23093294707150985 0.7080447463834834 517.3090290417698 513.616035370211 189.83721551845983 337.96171449977317
0.5100749321175 0.6248042798084387 0.31077193418757004 11.323219941958541 0.23093294707150985 0.7080447463834834 517.3090290417698 513.616035370211 349.0663561112369 337.96171449977317
0.5100749321175 0.6248042798084387 0.5198978290899194 11.323219941958541 0.23093294707150985 0.7080447463834834 517.3090290417698 513.616035370211 349.0663561112369 337.96171449977317
0.5100749321175 0.505401624248732 0.5198978290899194 11.323219941958541 0.23093294707150985 0.7080447463834834 517.3090290417698 513.616035370211 349.0663561112369 337.96171449977317
0.5100749321175 0.505401624248732 0.525776245677608 11.323219941958541 0.23093294707150985 0.7080447463834834 517.3090290417698 513.616035370211 349.0663561112369 337.96171449977317
0.5100749321175 0.505401624248732 0.525776245677608 11.323219941958541 0.23093294707150985 0.52612279190302 517.3090290417698 513.616035370211 349.0663561112369 337.96171449977317
0.5100749321175 0.505401624248732 0.525776245677608 11.323219941958541 0.23093294707150985 0.52612279190302 517.3090290417698 553.9847931099549 349.0663561112369 337.96171449977317
0.5100749321175 0.505401624248732 0.525776245677608 11.323219941958541 0.23093294707150985 0.52612279190302 523.4672195552445 553.9847931099549 349.0663561112369 337.96171449977317
0.5100749321175 0.505401624248732 0.39564471399713147 11.323219941958541 0.23093294707150985 0.52612279190302 523.4672195552445 553.9847931099549 349.0663561112369 337.96171449977317
0.5100749321175 0.505401624248732 0.39564471399713147 11.323219941958541 0.18072458581176193 0.52612279190302 523.4672195552445 553.9847931099549 349.0663561112369 337.96171449977317
0.5100749321175 0.505401624248732 0.39564471399713147 11.323219941958541 0.18072458581176193 1.282843036963455 523.4672195552445 553.9847931099549 349.0663561112369 337.96171449977317
0.5100749321175 0.505401624248732 0.39564471399713147 11.323219941958541 0.18072458581176193 1.282843036963455 523.4672195552445 553.9847931099549 349.0663561112369 233.8001108754678
0.5100749321175 0.505401624248732 0.39564471399713147 11.323219941958541 0.1678695423361215 1.282843036963455 523.4672195552445 553.9847931099549 349.0663561112369 233.8001108754678
0.5100749321175 0.505401624248732 0.39564471399713147 11.323219941958541 0.07537488406318166 1.282843036963455 523.4672195552445 553.9847931099549 349.0663561112369 233.8001108754678
0.26631338599875365 0.505401624248732 0.39564471399713147 11.323219941958541 0.07537488406318166 1.282843036963455 523.4672195552445 553.9847931099549 349.0663561112369 233.8001108754678
0.26631338599875365 0.02761635633565165 0.39564471399713147 11.323219941958541 0.07537488406318166 1.282843036963455 523.4672195552445 553.9847931099549 349.0663561112369 233.8001108754678
0.26631338599875365 0.6703776692550609 0.39564471399713147 11.323219941958541 0.07537488406318166 1.282843036963455 523.4672195552445 553.9847931099549 349.0663561112369 233.8001108754678
0.26631338599875365 0.6703776692550609 0.39564471399713147 11.323219941958541 0.07537488406318166 0.726697666955645 523.4672195552445 553.9847931099549 349.0663561112369 233.8001108754678
0.26631338599875365 0.6703776692550609 0.39564471399713147 11.323219941958541 0.07537488406318166 0.726697666955645 523.4672195552445 553.9847931099549 16.200554926940953 233.8001108754678
0.26631338599875365 0.6703776692550609 0.39564471399713147 11.323219941958541 0.07537488406318166 0.726697666955645 523.4672195552445 573.2119636833559 16.200554926940953 233.8001108754678
0.26631338599875365 0.6703776692550609 0.39564471399713147 11.323219941958541 0.07537488406318166 1.2372727407483384 523.4672195552445 573.2119636833559 16.200554926940953 233.8001108754678
0.26631338599875365 0.6703776692550609 0.39564471399713147 11.323219941958541 0.15940866473490772 1.2372727407483384 523.4672195552445 573.2119636833559 16.200554926940953 233.8001108754678
0.26631338599875365 0.6703776692550609 0.39564471399713147 11.323219941958541 0.15940866473490772 1.2372727407483384 621.4685393287339 573.2119636833559 16.200554926940953 233.8001108754678
0.41266278561354575 0.6703776692550609 0.39564471399713147 11.323219941958541 0.15940866473490772 1.2372727407483384 621.4685393287339 573.2119636833559 16.200554926940953 233.8001108754678
0.41266278561354575 0.6703776692550609 0.39564471399713147 11.323219941958541 0.05340599489811196 1.2372727407483384 621.4685393287339 573.2119636833559 16.200554926940953 233.8001108754678
0.41266278561354575 0.6703776692550609 0.39564471399713147 11.323219941958541 0.05340599489811196 1.313262953447217 621.4685393287339 573.2119636833559 16.200554926940953 233.8001108754678
0.41266278561354575 0.6703776692550609 0.39564471399713147 11.323219941958541 0.05340599489811196 1.313262953447217 621.4685393287339 573.2119636833559 225.5811163378998 233.8001108754678
0.41266278561354575 0.6703776692550609 0.39564471399713147 11.323219941958541 0.05340599489811196 1.313262953447217 621.4685393287339 573.2119636833559 225.5811163378998 39.137461711301604
0.41266278561354575 0.6703776692550609 0.39564471399713147 13.700926059605166 0.05340599489811196 1.313262953447217 621.4685393287339 573.2119636833559 225.5811163378998 39.137461711301604
0.41266278561354575 0.6703776692550609 0.39564471399713147 13.700926059605166 0.19997050812643635 1.313262953447217 621.4685393287339 573.2119636833559 225.5811163378998 39.137461711301604
0.41266278561354575 0.6703776692550609 0.39564471399713147 13.700926059605166 0.19997050812643635 1.158997047301577 621.4685393287339 573.2119636833559 225.5811163378998 39.137461711301604
0.41266278561354575 0.6703776692550609 0.39564471399713147 13.700926059605166 0.19997050812643635 1.158997047301577 621.4685393287339 573.2119636833559 259.3237179153109 39.137461711301604
0.41266278561354575 0.6703776692550609 0.39564471399713147 4.973475179187553 0.19997050812643635 1.158997047301577 621.4685393287339 573.2119636833559 259.3237179153109 39.137461711301604
0.5363945411384963 0.6703776692550609 0.39564471399713147 4.973475179187553 0.19997050812643635 1.158997047301577 621.4685393287339 573.2119636833559 259.3237179153109 39.137461711301604
0.5363945411384963 0.6703776692550609 0.39564471399713147 4.973475179187553 0.19997050812643635 0.7214562035956904 621.4685393287339 573.2119636833559 259.3237179153109 39.137461711301604
0.5363945411384963 0.6703776692550609 0.39564471399713147 4.973475179187553 0.19997050812643635 0.7214562035956904 621.4685393287339 512.2038565164643 259.3237179153109 39.137461711301604
0.5363945411384963 0.6703776692550609 0.39564471399713147 4.973475179187553 0.19997050812643635 0.7214562035956904 621.4685393287339 512.2038565164643 259.3237179153109 225.01460534528897
0.3807050822528546 0.6703776692550609 0.39564471399713147 4.973475179187553 0.19997050812643635 0.7214562035956904 621.4685393287339 512.2038565164643 259.3237179153109 225.01460534528897
