0.0011450381679404154 0.33206106870229113 621.0305343511449 505.9312977099239 1.2503641978907096 1.4769891679454485
0.003435114503817899 0.3961832061068715 611.0916030534349 517.7938931297714 10.909766330633511 12.918856709982201
0.005725190839693933 0.4603053435114518 601.152671755725 529.6564885496186 30.11406677932578 35.67790986021341
0.008015267175572017 0.5244274809160322 591.213740458015 541.5190839694658 58.8632655439673 69.75414861863912
0.010305343511450649 0.5885496183206097 581.2748091603054 553.381679389313 97.1573626245564 115.14757298525744
0.012595419847328532 0.65267175572519 571.3358778625953 565.2442748091602 144.99635802109398 171.85818296007164
0.014885496183206165 0.7167938931297703 561.3969465648854 577.1068702290077 202.38025173358255 239.88597854307767
0.017175572519084147 0.7809160305343505 551.4580152671755 588.9694656488549 269.3090437620175 319.2309597342806
0.01946564885496163 0.8450381679389309 541.5190839694658 600.8320610687024 345.78273410640435 322.7099204268076
0.021755725190839615 0.9091603053435111 531.5801526717559 612.6946564885496 303.8089563545234 242.9030132924131
0.0240458015267176 0.9732824427480942 521.6412213740456 624.5572519083973 232.42587844530973 174.41329176621312
0.026335877862595582 1.037404580152673 511.7022900763356 615.5801526717554 170.58769885204762 117.24075584820757
0.028625954198473115 1.1015267175572518 501.763358778626 603.7175572519083 118.29441757473401 71.38540553839796
0.030916030534351248 1.1656488549618322 508.175572519084 591.854961832061 75.54603461336738 36.84724083678096
0.03320610687022913 1.2297709923664126 518.114503816794 579.9923664122139 42.34254996795002 13.626261743358434
0.03549618320610692 1.2938931297709928 528.0534351145039 568.1297709923663 18.683963638482666 1.7224682581303914
0.037786259541984744 1.3580152671755732 537.9923664122139 556.2671755725191 4.570275624963464 1.2503641978905178
0.04007633587786263 1.4221374045801536 547.9312977099238 544.4045801526717 0.0091195151797616 12.230305796735484
0.04236641221374051 1.4862595419847335 557.8702290076338 532.5419847328244 5.214235767146488 34.52743300377492
0.0446564885496182 1.4496183206106887 567.8091603053432 520.6793893129773 19.9642503350617 68.14174581900743
0.04694656488549618 1.3854961832061043 577.7480916030537 508.81679389312944 44.259163218927725 113.07324424243726
0.04923664122137411 1.3213740458015255 587.6870229007634 503.0458015267177 78.09897441874072 169.32192827405788
0.051526717557251994 1.2572519083969464 597.6259541984733 514.908396946565 121.48368393450316 236.88779791387478
0.05381679389312983 1.1931297709923663 607.5648854961833 526.7709923664124 174.41329176621454 315.77085316188624
0.05610687022900766 1.1290076335877859 617.5038167938933 538.6335877862597 236.8877979138747 326.2077352394624
0.05839694656488544 1.0648854961832055 624.5572519083968 550.4961832061072 308.9072023774854 245.93890216187654
0.06068702290076343 1.0007633587786253 614.6183206106869 562.3587786259543 340.387535691392 176.98725469248745
0.06297709923664131 0.9366412213740449 604.6793893129768 574.2213740458018 264.5501719014035 119.35279283129016
0.06526717557251895 0.8725190839694661 594.7404580152672 586.0839694656487 198.25770642736506 73.03551657828878
0.06755725190839688 0.8083969465648859 584.8015267175573 597.946564885496 141.5101392692741 38.035425933480006
0.06984732824427477 0.7442748091603055 574.8625954198476 609.8091603053434 94.30747042713203 14.352520896865691
0.07213740458015265 0.6801526717557238 564.9236641221373 621.6717557251909 56.64969990093758 1.9868014684458624
0.07442748091603058 0.6160305343511436 554.9847328244274 618.4656488549616 28.53682769069367 1.0425933479660534
0.07671755725190836 0.5519083969465632 545.0458015267175 606.6030534351144 9.96885379639865 11.56060900361965
0.07900763358778624 0.48778625954198307 535.1068702290074 594.7404580152669 0.9457782180524447 33.395810267467226
0.08129770992366413 0.4236641221374028 525.1679389312975 582.8778625954197 1.5973719480218107 66.54819713950955
0.08358778625954186 0.3595419847328251 515.2290076335878 571.0152671755725 11.893100635161124 111.0177696197446
0.0858778625954198 0.30458015267175365 505.29007633587787 559.1526717557252 31.733727638249444 166.80452770817544
0.08816793893129768 0.36870229007633526 504.64885496183206 547.2900763358778 61.11925295728665 233.90847140479946
0.0904580152671756 0.4328244274809169 514.5877862595423 535.4274809160303 100.04967659227447 312.3296007096206
0.09274809160305349 0.49694656488549727 524.526717557252 523.5648854961828 148.5249985432098 329.7244041722491
0.09503816793893123 0.5610687022900762 534.4656488549617 511.7022900763359 206.54521881009285 248.99364515147434
0.09732824427480916 0.6251908396946565 544.4045801526717 500.16030534351165 274.11033739292566 179.58007173889098
0.09961832061068704 0.6893129770992368 554.3435114503816 512.0229007633587 351.2203542917074 121.48368393450303
0.10190839694656492 0.7534351145038184 564.2824427480919 523.8854961832066 298.7531321018565 74.70448173830763
0.10419847328244271 0.8175572519083973 574.2213740458016 535.7480916030535 228.00638074704224 39.24246515030878
0.10648854961832059 0.8816793893129775 584.1603053435115 547.6106870229007 166.80452770817527 15.097634170502895
0.10877862595419847 0.9458015267175579 594.0992366412214 559.4732824427482 115.14757298525726 2.269988798891486
0.1110687022900763 1.0099236641221367 604.0381679389313 571.3358778625953 73.0355165782881 0.8536766181716786
0.11335877862595414 1.0740458015267171 613.9770992366414 583.1984732824428 40.468358487267814 10.909766330633499
0.11564885496183207 1.1381679389312973 623.9160305343513 595.0610687022901 17.44609871219608 32.283041651289295
0.11793893129770991 1.2022900763358777 618.145038167939 606.9236641221376 3.9687372530737752 64.97350258013986
0.12022900763358779 1.266412213740458 608.2061068702291 618.7862595419847 0.059174873259136854 108.98114911718488
0.12251908396946562 1.3305343511450383 598.2671755725191 621.3511450381677 5.900617679622383 164.30598126242333
0.1248091603053435 1.3946564885496187 588.3282442748091 609.4885496183206 21.286958801934915 230.94799901585708
0.12709923664122139 1.4587786259541988 578.3893129770992 597.6259541984731 46.21819824019614 308.9072023774838
0.1293893129770992 1.4770992366412212 568.4503816793892 585.7633587786258 80.69433599440623 333.25992722516753
0.1316793893129771 1.4129770992366406 558.5114503816793 573.9007633587787 124.7153720645652 252.0672422611983
0.13396946564885498 1.3488549618320604 548.5725190839693 562.0381679389311 178.2813064506731 182.19174290542477
0.13625954198473283 1.2847328244274798 538.6335877862593 550.175572519084 241.3921391527312 123.63342915784425
0.13854961832061066 1.2206106870229025 528.6946564885496 538.3129770992367 314.0478701707339 76.39230101845976
0.14083969465648855 1.1564885496183195 518.7557251908395 526.4503816793892 335.0347590466748 40.46835848726728
0.14312977099236643 1.092366412213739 508.8167938931298 514.5877862595418 259.83372181108285 15.861601564270027
0.1454198473282443 1.028244274809159 501.12213740458026 502.72519083969456 194.17758289143856 2.572030249467386
0.14770992366412214 0.9641221374045785 511.06106870229013 509.1374045801529 138.0663422877445 0.6836140085077316
0.14999999999999997 0.900000000000001 520.9999999999998 520.9999999999998 91.5000000000002 10.277777777777624
0.1522900763358779 0.8358778625954193 530.93893129771 532.8625954198476 54.478556028203116 31.189127155242616
0.15458015267175573 0.7717557251908391 540.87786259542 544.7251908396948 27.00201037235575 63.4176621409018
0.15687022900763362 0.7076335877862587 550.81679389313 556.5877862595423 9.070363032457001 106.96338273475459
0.15916030534351142 0.6435114503816799 560.7557251908396 568.4503816793892 0.6836140085077316 161.82628893680032
0.1614503816793893 0.5793893129770996 570.6946564885495 580.3129770992364 1.9868014684458801 228.00638074704227
0.1637404580152672 0.5152671755725179 580.6335877862597 592.1755725190842 12.918856709982148 305.5036581654803
0.16603053435114506 0.45114503816793894 590.5725190839695 604.0381679389313 33.395810267467176 336.81430439821474
0.1683206106870229 0.38702290076335877 600.5114503816794 615.9007633587786 63.417662140901086 255.15969349105524
0.17061068702290078 0.32290076335877804 610.4503816793895 624.2366412213739 102.98441233028389 184.82226819208876
0.1729007633587786 0.34122137404580166 620.389312977099 612.3740458015267 152.0960608356156 125.80202850131768
0.17519083969465649 0.4053435114503821 621.6717557251908 600.5114503816792 210.75260765689742 78.09897441873987
0.17748091603053437 0.46946564885496245 611.7328244274809 588.6488549618321 278.9540527941271 41.71310594435657
0.1797709923664122 0.5335877862595426 601.7938931297708 576.7862595419846 356.7003962473054 16.644423078168106
0.18206106870229008 0.5977099236641216 591.854961832061 564.9236641221373 293.7397296194858 2.892925820173691
0.1843511450381679 0.6618320610687018 581.9160305343511 553.0610687022902 223.62930481906645 0.5324055189739122
0.1866412213740458 0.7259541984732821 571.9770992366413 541.1984732824426 163.063778334596 9.664643345052298
0.18893129770992367 0.7900763358778637 562.0381679389312 529.3358778625951 112.04315016607359 30.11406677932571
0.19122137404580153 0.8541984732824441 552.0992366412212 517.473282442748 70.56742031350119 61.88067582179265
0.1935114503816794 0.918320610687023 542.1603053435114 505.6106870229007 38.63658877687763 104.96447047245364
0.1958015267175573 0.9824427480916034 532.2213740458014 506.2519083969465 16.250655556202968 159.36545073130975
0.19809160305343512 1.0465648854961835 522.2824427480916 518.1145038167939 3.4096206514771943 225.08361659835913
0.20038167938931295 1.1106870229007637 512.3435114503816 529.9770992366414 0.15165200163163595 302.1189680736055
0.20267175572519083 1.174809160305344 502.4045801526717 541.8396946564886 6.6294213623916 340.3875356913936
0.20496183206106872 1.2389312977099243 507.5343511450382 553.702290076336 22.652089039100453 258.27099884104115
0.20725190839694654 1.3030534351145047 517.4732824427482 565.5648854961834 48.2196550317582 187.47164759888307
0.20954198473282437 1.3671755725190837 527.412213740458 577.4274809160304 83.3321193403648 127.9894819649214
0.21183206106870225 1.431297709923664 537.3511450381678 589.2900763358778 127.98948196492034 79.8245019391518
0.21412213740458014 1.4954198473282427 547.2900763358779 601.1526717557252 182.1917429054259 42.97670752157671
0.21641221374045802 1.4404580152671755 557.2290076335879 613.0152671755726 245.9389021618794 17.446098712196115
0.21870229007633588 1.3763358778625951 567.1679389312978 624.8778625954199 319.2309597342818 3.232675511009971
0.2209923664122137 1.312213740458015 577.1068702290077 615.2595419847329 329.7244041722508 0.40005114957036897
0.22328244274809164 1.248091603053436 587.0458015267175 603.3969465648855 255.15969349105538 9.070363032457243
0.22557251908396952 1.1839694656488544 596.9847328244276 591.534351145038 190.13988112580762 29.057860523538604
0.22786259541984735 1.119847328244274 606.9236641221376 579.6717557251907 134.6649670765101 60.36254362281443
0.23015267175572512 1.0557251908396952 616.8625954198474 567.8091603053435 88.73495134316148 102.98441233028385
0.23244274809160306 0.9916030534351148 625.1984732824426 555.9465648854962 52.34983392576176 156.92346664594737
0.2347328244274809 0.9274809160305344 615.2595419847329 544.0839694656488 25.509614824310916 222.1797065698062
0.23702290076335883 0.8633587786259529 605.3206106870227 532.2213740458013 8.214294038808712 298.75313210185953
0.23931297709923666 0.7992366412213741 595.3816793893129 520.3587786259541 0.4638715692558911 343.9796211047013
0.24160305343511454 0.7351145038167937 585.442748091603 508.4961832061069 2.4186527591632827 261.4011583111573
0.24389312977099237 0.6709923664122133 575.5038167938931 503.36641221374043 13.987034555095967 190.13988112580878
0.24618320610687025 0.6068702290076331 565.5648854961831 515.2290076335878 35.10031466697752 130.19578954865338
0.2484732824427481 0.542748091603052 555.6259541984731 527.0916030534353 65.75849309480866 81.56888357969245
0.25076335877862593 0.4786259541984733 545.6870229007633 538.9541984732825 105.96156983858775 44.259163218926574
0.25305343511450384 0.4145038167938929 535.7480916030534 550.8167938931298 155.70954489831607 18.266628466354387
0.2553435114503817 0.3503816793893127 525.8091603053434 562.6793893129772 215.00241827399392 3.5912793219768306
0.25763358778625955 0.3137404580152664 515.8702290076336 574.5419847328244 283.84018996561935 0.28655090029716024
0.25992366412213735 0.37786259541984724 505.9312977099238 586.4045801526718 362.22285997319415 8.494936839992464
0.2622137404580153 0.4419847328244282 504.0076335877863 598.2671755725192 288.76874890740584 28.02050838788224
0.2645038167938932 0.5061068702290085 513.9465648854963 610.1297709923665 219.2946506613825 58.863265543966165
0.266793893129771 0.5702290076335874 523.8854961832061 621.9923664122138 159.36545073130932 101.02320830824394
0.26908396946564883 0.6343511450381677 533.824427480916 618.1450381679389 108.98114911718447 154.5003366807163
0.27137404580152674 0.6984732824427486 543.763358778626 606.2824427480914 68.14174581900777 219.29465066138417
0.27366412213740454 0.7625954198473283 553.7022900763358 594.4198473282444 36.847240836781104 295.40615025024454
0.2759541984732825 0.8267175572519092 563.6412213740459 582.5572519083967 15.097634170502623 347.5905606381386
0.2782442748091603 0.8908396946564887 573.5801526717557 570.6946564885496 2.892925820173634 264.55017190140444
0.28053435114503816 0.9549618320610684 583.5190839694657 558.8320610687023 0.2865509002971773 192.82696877286364
0.282824427480916 1.0190839694656486 593.4580152671756 546.969465648855 7.400646815453704 132.4209512525171
0.28511450381679393 1.083206106870229 603.3969465648854 535.1068702290077 24.059641046559086 83.33211934036453
0.2874045801526718 1.1473282442748092 613.3358778625955 523.2442748091603 50.26353359361366 45.560473036406684
0.2896946564885496 1.2114503816793896 623.2748091603054 511.3816793893129 86.0123244566169 19.106012340643108
0.29198473282442755 1.2755725190839697 618.7862595419847 500.4809160305345 131.30601363556906 3.9687372530738005
0.29427480916030535 1.3396946564885488 608.8473282442749 512.3435114503816 186.14460113046943 0.19190477115422006
0.2965648854961832 1.4038167938931305 598.9083969465648 524.2061068702291 250.52808694132068 7.938364767658064
0.29885496183206106 1.467938931297711 588.9694656488549 536.0687022900764 324.4564710681204 27.002010372356146
0.30114503816793897 1.4679389312977098 579.030534351145 547.9312977099238 324.4564710681192 57.3828415852485
0.30343511450381677 1.4038167938931294 569.091603053435 559.7938931297712 250.52808694131963 99.08085840633511
0.3057251908396946 1.33969465648855 559.1526717557252 571.6564885496182 186.1446011304703 152.0960608356155
0.30801526717557254 1.2755725190839695 549.2137404580152 583.5190839694657 131.30601363556875 216.4284488730912
0.3103053435114504 1.2114503816793893 539.2748091603053 595.381679389313 86.0123244566167 292.0780225187605
0.31259541984732825 1.147328244274809 529.3358778625953 607.2442748091604 50.26353359361319 351.22035429170785
0.3148854961832061 1.0832061068702286 519.3969465648854 619.1068702290078 24.059641046558962 267.7180396117811
0.317175572519084 1.019083969465649 509.45801526717554 621.0305343511451 7.400646815453647 195.5329105400487
0.3194656488549618 0.954961832061068 500.4809160305345 609.1679389312976 0.2865509002971694 134.66496707651018
0.3217557251908397 0.8908396946564885 510.4198473282443 597.3053435114504 2.8929258201736734 85.11420922116687
0.3240458015267176 0.8267175572519081 520.3587786259542 585.442748091603 15.097634170502877 46.88063697401736
0.32633587786259544 0.7625954198473279 530.2977099236641 573.5801526717556 36.847240836781225 19.964250335062115
0.32862595419847324 0.6984732824427475 540.236641221374 561.7175572519084 68.14174581900828 4.3650493043010385
0.33091603053435115 0.634351145038168 550.175572519084 549.8549618320611 108.98114911718426 0.1161127621415405
0.333206106870229 0.5702290076335876 560.1145038167939 537.9923664122138 159.36545073130966 7.4006468154536975
0.33549618320610686 0.5061068702290074 570.0534351145038 526.1297709923664 219.29465066138346 26.00236647695987
0.3377862595419847 0.4419847328244271 579.9923664122138 514.267175572519 288.7687489074069 55.921271746660764
0.3400763358778626 0.3778625954198475 589.9312977099237 502.40458015267177 362.22285997319415 97.15736262455573
0.3423664122137405 0.3137404580152675 599.8702290076335 509.4580152671756 283.8401899656197 149.71063911064493
0.34465648854961833 0.35038167938931297 609.8091603053435 521.320610687023 215.00241827399356 213.58110120492847
0.34694656488549624 0.41450381679389325 619.7480916030535 533.1832061068702 155.70954489831576 288.7687489074062
0.34923664122137404 0.47862595419847387 622.3129770992366 545.0458015267176 105.96156983858708 354.8690020654059
0.35152671755725196 0.5427480916030535 612.3740458015267 556.908396946565 65.75849309480796 270.904761442288
0.35381679389312976 0.6068702290076334 602.4351145038167 568.7709923664122 35.1003146669775 198.25770642736472
0.35610687022900767 0.6709923664122139 592.4961832061068 580.6335877862596 13.9870345550958 136.92783702063448
0.35839694656488547 0.7351145038167937 582.557251908397 592.4961832061069 2.418652759163217 86.9151532220993
0.3606870229007634 0.7992366412213743 572.618320610687 604.3587786259543 0.4638715692558911 48.21965503175787
0.36297709923664123 0.8633587786259547 562.679389312977 616.2213740458017 8.21429403880902 20.84134244961109
0.3652671755725191 0.9274809160305342 552.7404580152671 623.9160305343512 25.509614824310926 4.780215475658635
0.36755725190839694 0.9916030534351146 542.8015267175573 612.0534351145038 52.34983392576193 0.059174873259136854
0.3698473282442748 1.0557251908396947 532.8625954198474 600.1908396946565 88.7349513431619 6.8817829833796464
0.37213740458015265 1.1198473282442742 522.9236641221374 588.3282442748092 134.66496707651038 25.02157670169432
0.3744274809160305 1.1839694656488553 512.9847328244275 576.4656488549617 190.13988112580878 54.47855602820365
0.3767175572519084 1.2480916030534353 503.04580152671747 564.6030534351145 255.15969349105578 95.252720962907
0.3790076335877863 1.3122137404580152 506.8931297709924 552.7404580152671 329.72440417225135 147.3440715058047
0.38129770992366413 1.3763358778625954 516.8320610687023 540.8778625954199 319.2309597342809 210.75260765689654
0.383587786259542 1.4404580152671755 526.7709923664122 529.0152671755725 245.93890216187867 285.47832941618276
0.3858778625954199 1.4954198473282427 536.7099236641221 517.1526717557251 182.19174290542497 358.53650395923614
0.3881679389312977 1.431297709923664 546.6488549618321 505.2900763358778 127.98948196492034 274.11033739292594
0.39045801526717555 1.3671755725190842 556.587786259542 506.57251908396944 83.3321193403648 201.0013564348103
0.3927480916030534 1.3030534351145038 566.5267175572519 518.4351145038167 48.21965503175804 139.20956108488903
0.3950381679389313 1.2389312977099238 576.4656488549618 530.2977099236641 22.65208903910024 88.7349513431618
0.3973282442748092 1.1748091603053434 586.4045801526718 542.1603053435115 6.629421362391491 49.577527209629075
0.39961832061068703 1.110687022900763 596.3435114503817 554.0229007633588 0.1516520016315996 21.737288684290533
0.40190839694656494 1.0465648854961833 606.2824427480916 565.8854961832061 3.4096206514771743 5.214235767146463
0.40419847328244274 0.9824427480916031 616.2213740458016 577.7480916030535 16.250655556203018 0.021091104506984835
0.40648854961832065 0.9183206106870225 625.8396946564883 589.6106870229008 38.63658877687792 6.381773271435903
0.40877862595419845 0.8541984732824428 615.9007633587786 601.4732824427481 70.56742031350156 24.059641046559086
0.41106870229007636 0.7900763358778629 605.9618320610687 613.3358778625955 112.0431501660741 53.05469442987646
0.4133587786259542 0.7259541984732824 596.0229007633587 625.1984732824428 163.063778334596 93.36693342138838
0.41564885496183207 0.6618320610687022 586.0839694656488 614.9389312977099 223.62930481906662 144.99635802109438
0.4179389312977099 0.597709923664122 576.145038167939 603.0763358778626 293.73972961948607 207.9429682289947
0.4202290076335878 0.533587786259542 566.2061068702291 591.2137404580153 356.7003962473047 282.2067640450893
0.42251908396946564 0.4694656488549619 556.2671755725191 579.3511450381679 278.9540527941261 362.22285997319415
0.42480916030534355 0.4053435114503815 546.3282442748091 567.4885496183206 210.75260765689634 277.3347674636934
0.4270992366412214 0.34122137404580166 536.3893129770993 555.6259541984733 152.09606083561565 203.76386056238638
0.42938931297709926 0.3229007633587789 526.4503816793894 543.763358778626 102.98441233028376 141.51013926927334
0.4316793893129771 0.38702290076335877 516.5114503816794 531.9007633587786 63.417662140900816 90.57360358435466
0.43396946564885497 0.4511450381679388 506.57251908396944 520.0381679389313 33.39581026746692 50.95425350763035
0.4362595419847328 0.515267175572519 503.3664122137405 508.17557251908397 12.918856709981924 22.652089039100268
0.4385496183206107 0.5793893129770992 513.3053435114504 503.68702290076334 1.9868014684458952 5.667110178764518
0.4408396946564886 0.6435114503816793 523.2442748091603 515.5496183206106 0.6836140085076632 0.0018614558851173563
0.4431297709923664 0.7076335877862594 533.1832061068702 527.412213740458 9.070363032457314 5.9006176796223935
0.4454198473282443 0.7717557251908396 543.1221374045801 539.2748091603054 27.002010372355922 23.116559511553987
0.4477099236641221 0.8358778625954197 553.0610687022901 551.1374045801526 54.47855602820349 51.64968695167984
0.45 0.8999999999999999 563.0 563.0 91.5 91.5
0.45229007633587787 0.9641221374045801 572.9389312977099 574.8625954198474 138.06634228774547 142.66749865651443
0.4545801526717558 1.0282442748091603 582.8778625954199 586.7251908396946 194.17758289143987 205.1521829212231
0.45687022900763363 1.0923664122137404 592.8167938931298 598.587786259542 259.83372181108325 278.95405279412626
0.45916030534351143 1.1564885496183206 602.7557251908397 610.4503816793894 335.03475904667556 364.07310827522235
0.4614503816793893 1.2206106870229008 612.6946564885496 622.3129770992366 314.047870170736 280.57805165459143
0.4637404580152672 1.284732824427481 622.6335877862596 617.824427480916 241.39213915273007 206.5452188100927
0.46603053435114505 1.348854961832061 619.4274809160305 605.9618320610687 178.2813064506731 143.82957157378812
0.46832061068702285 1.4129770992366413 609.4885496183206 594.0992366412214 124.71537206456512 92.43110994567789
0.4706106870229008 1.4770992366412212 599.5496183206106 582.236641221374 80.69433599440592 52.34983392576193
0.4729007633587786 1.4587786259541984 589.6106870229007 570.3740458015267 46.21819824019579 23.585743514040214
0.4751908396946565 1.3946564885496184 579.6717557251909 558.5114503816794 21.28695880193467 6.138838710512871
0.4774809160305344 1.330534351145038 569.7328244274809 546.6488549618321 5.9006176796224095 0.009119515179772716
0.47977099236641224 1.266412213740458 559.7938931297709 534.7862595419847 0.059174873259136854 5.438316207939195
0.4820610687022901 1.202290076335878 549.8549618320611 522.9236641221374 3.9687372530738267 22.192332096679163
0.4843511450381679 1.1381679389312978 539.9160305343512 511.0610687022901 17.44609871219622 50.2635335936134
0.48664122137404586 1.0740458015267176 529.9770992366413 500.8015267175571 40.46835848726756 89.6519206987419
0.48893129770992366 1.0099236641221372 520.0381679389313 512.6641221374045 73.0355165782881 140.35749341206494
0.4912213740458015 0.9458015267175572 510.09923664122135 524.5267175572519 115.14757298525726 202.38025173358187
0.49351145038167943 0.8816793893129773 500.16030534351165 536.3893129770992 166.80452770817527 275.72019566329317
0.4958015267175573 0.8175572519083967 509.7786259541985 548.2519083969465 228.00638074704273 360.37732520119965
0.4980916030534351 0.7534351145038167 519.7175572519084 560.1145038167939 298.75313210185897 283.8401899656196
0.500381679389313 0.689312977099237 529.6564885496183 571.9770992366412 351.2203542917083 209.34543117792956
0.5026717557251908 0.6251908396946565 539.5954198473282 583.8396946564885 274.11033739292566 146.16785799843313
0.5049618320610687 0.5610687022900762 549.5343511450382 595.7022900763359 206.54521881009285 94.30747042713129
0.5072519083969467 0.49694656488549627 559.4732824427481 607.5648854961833 148.52499854320843 53.764268464023615
0.5095419847328245 0.4328244274809159 569.412213740458 619.4274809160306 100.04967659227314 24.5382521091104
0.5118320610687023 0.368702290076336 579.3511450381679 620.7099236641221 61.119252957286974 6.629421362391453
0.5141221374045801 0.3045801526717572 589.2900763358779 608.8473282442749 31.733727638249555 0.03777622386677385
0.5164122137404581 0.3595419847328245 599.2290076335878 596.9847328244275 11.893100635161124 4.994868856386241
0.518702290076336 0.4236641221374045 609.1679389312977 585.1221374045801 1.597371948021701 21.286958801934574
0.5209923664122137 0.48778625954198473 619.1068702290077 573.2595419847329 0.9457782180525476 48.89623435567718
0.5232824427480915 0.5519083969465647 622.9541984732825 561.3969465648855 9.968853796398717 87.82269551761408
0.5255725190839695 0.6160305343511446 613.0152671755725 549.5343511450383 28.536827690693904 138.06634228774521
0.5278625954198474 0.6801526717557256 603.0763358778626 537.6717557251908 56.6496999009384 199.62717466607126
0.5301526717557252 0.7442748091603052 593.1374045801526 525.8091603053435 94.30747042713121 272.50519265259067
0.5324427480916031 0.8083969465648855 583.1984732824427 513.9465648854962 141.51013926927334 356.7003962473047
0.5347328244274809 0.8725190839694659 573.2595419847329 502.08396946564886 198.2577064273644 287.1211823967782
0.5370229007633588 0.9366412213740454 563.320610687023 509.77862595419833 264.5501719014038 212.16449766589656
0.5393129770992366 1.0007633587786258 553.381679389313 521.6412213740457 340.3875356913927 148.52499854320877
0.5416030534351145 1.0648854961832064 543.442748091603 533.5038167938931 308.9072023774838 96.20268502871487
0.5438931297709924 1.1290076335877859 533.5038167938932 545.3664122137404 236.8877979138747 55.19755712241593
0.5461832061068702 1.1931297709923665 523.5648854961833 557.2290076335878 174.41329176621397 25.50961482431082
0.5484732824427482 1.2572519083969464 513.6259541984733 569.091603053435 121.48368393450271 7.13885813440042
0.5507633587786259 1.3213740458015262 503.68702290076345 580.9541984732823 78.09897441874054 0.08528705268406979
0.5530534351145038 1.3854961832061068 506.25190839694653 592.8167938931298 44.25916321892672 4.5702756249636
0.5553435114503817 1.449618320610687 516.1908396946565 604.679389312977 19.964250335061994 20.400439627320367
0.5576335877862596 1.4862595419847324 526.1297709923665 616.5419847328244 5.214235767146434 47.547789237871406
0.5599236641221375 1.4221374045801525 536.0687022900763 623.5954198473282 0.009119515179772716 86.01232445661672
0.5622137404580152 1.358015267175573 546.0076335877862 611.732824427481 4.570275624963505 135.7940452835563
0.5645038167938932 1.2938931297709926 555.9465648854962 599.8702290076335 18.683963638482588 196.8929517186907
0.566793893129771 1.2297709923664122 565.8854961832061 588.0076335877862 42.34254996795044 269.30904376201823
0.569083969465649 1.165648854961832 575.824427480916 576.1450381679389 75.54603461336757 353.0423214135415
0.5713740458015267 1.1015267175572523 585.763358778626 564.2824427480916 118.29441757473332 290.42102894806743
0.5736641221374046 1.0374045801526721 595.7022900763359 552.4198473282444 170.58769885204796 215.00241827399316
0.5759541984732824 0.9732824427480917 605.6412213740458 540.557251908397 232.4258784453121 150.90099320811393
0.5782442748091603 0.9091603053435113 615.5801526717557 528.6946564885496 303.8089563545245 98.1167537504289
0.5805343511450382 0.8450381679389318 625.5190839694654 516.8320610687024 345.7827341064046 56.64969990093851
0.582824427480916 0.780916030534351 616.5419847328244 504.9694656488549 269.3090437620186 26.499831659641735
0.585114503816794 0.7167938931297713 606.6030534351146 506.8931297709923 202.3802517335822 7.667149026539532
0.5874045801526718 0.652671755725191 596.6641221374045 518.7557251908396 144.99635802109475 0.1516520016316095
0.5896946564885497 0.5885496183206107 586.7251908396947 530.618320610687 97.15736262455573 4.1645365136711385
0.5919847328244274 0.5244274809160304 576.7862595419848 542.4809160305343 58.863265543966136 19.532774572836225
0.5942748091603054 0.46030534351145014 566.8473282442748 554.3435114503818 30.11406677932519 46.21819824019589
0.5965648854961833 0.3961832061068705 556.908396946565 566.2061068702288 10.909766330633582 84.22080751574923
0.5988549618320611 0.33206106870229013 546.969465648855 578.0687022900762 1.2503641978905935 133.54060239949712
0.601145038167939 0.33206106870228913 537.0305343511451 589.9312977099236 1.2503641978905178 194.17758289143927
0.6034351145038168 0.3961832061068694 527.0916030534352 601.7938931297708 10.909766330633365 266.1317489915757
0.6057251908396947 0.46030534351145125 517.1526717557251 613.6564885496184 30.114066779325533 349.40310069990795
0.6080152671755725 0.5244274809160302 507.2137404580153 625.5190839694654 58.86326554396595 293.7397296194863
0.6103053435114504 0.5885496183206104 502.7251908396946 614.6183206106871 97.15736262455553 217.85919300222108
0.6125954198473282 0.6526717557251906 512.6641221374045 602.7557251908397 144.99635802109398 153.2958419931501
0.6148854961832061 0.7167938931297709 522.6030534351146 590.8931297709923 202.38025173358187 100.04967659227344
0.6171755725190841 0.7809160305343512 532.5419847328244 579.030534351145 269.3090437620181 58.12069679959072
0.6194656488549619 0.8450381679389316 542.4809160305343 567.1679389312977 345.78273410640435 27.50890261510268
0.6217557251908397 0.9091603053435111 552.4198473282443 555.3053435114504 303.8089563545249 8.214294038808912
0.6240458015267175 0.9732824427480908 562.3587786259541 543.4427480916033 232.42587844531303 0.23687107070944924
0.6263358778625955 1.0374045801526717 572.2977099236642 531.5801526717556 170.5876988520482 3.777651522509031
0.6286259541984733 1.1015267175572514 582.236641221374 519.7175572519086 118.29441757473401 18.683963638482368
0.6309160305343512 1.1656488549618322 592.175572519084 507.85496183206106 75.54603461336738 44.907461362650636
0.633206106870229 1.2297709923664126 602.1145038167939 504.00763358778624 42.34254996795059 82.4481446950128
0.6354961832061069 1.2938931297709915 612.0534351145037 515.8702290076335 18.683963638482858 131.30601363556875
0.6377862595419848 1.3580152671755719 621.9923664122136 527.7328244274808 4.570275624963645 191.48106818431933
0.6400763358778626 1.4221374045801527 620.0687022900762 539.5954198473282 0.009119515179772716 262.97330834126484
0.6423664122137405 1.4862595419847335 610.1297709923664 551.4580152671756 5.214235767146488 345.7827341064049
0.6446564885496183 1.4496183206106872 600.1908396946566 563.3206106870228 19.964250335061898 297.0772844110354
0.6469465648854962 1.385496183206107 590.2519083969466 575.1832061068702 44.259163218926574 220.73482185057927
0.6492366412213741 1.3213740458015266 580.3129770992367 587.0458015267175 78.09897441873996 155.70954489831607
0.6515267175572519 1.2572519083969478 570.3740458015269 598.9083969465647 121.48368393450173 102.00145355424826
0.6538167938931297 1.193129770992367 560.4351145038169 610.7709923664122 174.41329176621397 59.61054781837385
0.6561068702290076 1.1290076335877866 550.4961832061069 622.6335877862596 236.887797913874 28.536827690693904
0.6583969465648855 1.0648854961832064 540.557251908397 617.5038167938931 308.9072023774831 8.780293171208703
0.6606870229007633 1.000763358778626 530.6183206106871 605.6412213740459 340.3875356913927 0.34094425991750976
0.6629770992366412 0.9366412213740469 520.6793893129773 593.7786259541987 264.5501719014055 3.4096206514771157
0.6652671755725191 0.8725190839694654 510.7404580152671 581.9160305343512 198.2577064273644 17.85400682425914
0.667557251908397 0.808396946564885 500.80152671755735 570.0534351145038 141.5101392692736 43.61557860523564
0.6698473282442748 0.7442748091603049 509.13740458015263 558.1908396946565 94.30747042713162 80.69433599440585
0.6721374045801526 0.6801526717557259 519.0763358778624 546.3282442748093 56.64969990093856 129.09027899177013
0.6744274809160304 0.6160305343511456 529.0152671755725 534.465648854962 28.53682769069437 188.80340759732968
0.6767175572519084 0.551908396946564 538.9541984732825 522.6030534351145 9.968853796398799 259.8337218110837
0.6790076335877864 0.48778625954198507 548.8931297709923 510.7404580152671 0.9457782180525743 342.1812216330321
0.6812977099236641 0.4236641221374048 558.8320610687022 501.1221374045801 1.5973719480216393 300.43369332271624
0.683587786259542 0.3595419847328245 568.7709923664121 512.9847328244274 11.893100635160964 223.629304819067
0.6858778625954198 0.3045801526717572 578.7099236641221 524.8473282442748 31.733727638249185 158.1421019236123
0.6881679389312978 0.368702290076336 588.6488549618322 536.7099236641222 61.11925295728695 103.97208463635204
0.6904580152671757 0.4328244274809163 598.587786259542 548.5725190839696 100.04967659227314 61.11925295728625
0.6927480916030535 0.49694656488549516 608.5267175572518 560.4351145038166 148.52499854320817 29.583606886415858
0.6950381679389314 0.5610687022900755 618.4656488549617 572.297709923664 206.54521881009217 9.36514642373862
0.6973282442748092 0.6251908396946557 623.5954198473283 584.1603053435114 274.110337392925 0.46387156925585793
0.6996183206106871 0.6893129770992361 613.6564885496184 596.0229007633586 351.22035429170654 3.060443900575402
0.7019083969465648 0.7534351145038164 603.7175572519084 607.8854961832061 298.7531321018588 17.042904130166008
0.7041984732824427 0.8175572519083967 593.7786259541986 619.7480916030536 228.00638074704287 42.34254996795037
0.7064885496183206 0.8816793893129771 583.8396946564886 620.3893129770993 166.80452770817587 78.95938141392956
0.7087786259541986 0.9458015267175559 573.9007633587787 608.526717557252 115.14757298525772 126.89339846810225
0.7110687022900763 1.0099236641221363 563.9618320610688 596.6641221374049 73.03551657828848 186.14460113046903
0.7133587786259542 1.0740458015267178 554.0229007633587 584.8015267175574 40.46835848726756 256.71298940103264
0.7156488549618321 1.138167938931298 544.0839694656489 572.9389312977098 17.446098712196264 338.59856327978787
0.7179389312977099 1.2022900763358784 534.145038167939 561.0763358778627 3.9687372530738685 303.80895635452435
0.7202290076335878 1.2664122137404572 524.2061068702292 549.2137404580154 0.05917487325912804 226.54264190768504
0.7225190839694656 1.3305343511450376 514.2671755725191 537.3511450381679 5.900617679622275 160.5935130690399
0.7248091603053436 1.3946564885496178 504.3282442748092 525.4885496183208 21.28695880193432 105.96156983858783
0.7270992366412214 1.4587786259541984 505.6106870229009 513.6259541984733 46.21819824019582 62.64681221633025
0.7293893129770993 1.477099236641222 515.5496183206105 501.76335877862607 80.69433599440583 30.649240202267638
0.731679389312977 1.4129770992366413 525.4885496183206 510.0992366412214 124.71537206456473 9.968853796398824
0.7339694656488549 1.348854961832061 535.4274809160305 521.9618320610687 178.28130645067247 0.605652998724534
0.7362595419847328 1.284732824427482 545.3664122137403 533.8244274809158 241.39213915272907 2.730121269804108
0.7385496183206108 1.2206106870229003 555.3053435114506 545.6870229007636 314.04787017073613 16.25065555620313
0.7408396946564886 1.1564885496183201 565.2442748091604 557.5496183206108 335.03475904667414 41.08837545079647
0.7431297709923664 1.092366412213741 575.18320610687 569.4122137404577 259.8337218110849 77.24328095358277
0.7454198473282443 1.028244274809161 585.1221374045799 581.2748091603053 194.17758289144032 124.7153720645637
0.7477099236641221 0.9641221374045805 595.06106870229 593.1374045801524 138.06634228774607 183.50464878373987
0.75 0.899999999999999 605.0000000000002 605.0000000000002 91.4999999999998 253.61111111111185
0.7522900763358779 0.8358778625954213 614.9389312977098 616.8625954198471 54.47855602820408 335.03475904667414
0.7545801526717557 0.7717557251908411 624.8778625954197 623.2748091603055 27.00201037235642 307.2030735064658
0.7568702290076337 0.7076335877862607 617.1832061068702 611.4122137404582 9.07036303245739 229.47483311643467
0.7591603053435115 0.6435114503816806 607.2442748091605 599.5496183206108 0.6836140085076983 163.0637783345966
0.7614503816793893 0.5793893129770975 597.3053435114502 587.6870229007633 1.9868014684460564 107.9699091609521
0.7637404580152671 0.51526717557252 587.3664122137407 575.824427480916 12.918856709981673 64.19322559550454
0.766030534351145 0.4511450381679396 577.4274809160307 563.9618320610689 33.39581026746692 31.73372763824966
0.768320610687023 0.3870229007633594 567.4885496183207 552.0992366412213 63.417662140900745 10.591415289189552
0.7706106870229008 0.3229007633587789 557.5496183206108 540.2366412213742 102.98441233028346 0.7662885483234294
0.7729007633587787 0.3412213740458013 547.6106870229008 528.3740458015269 152.09606083561502 2.4186527591632236
0.7751908396946565 0.4053435114503814 537.6717557251909 516.5114503816794 210.75260765689552 15.477261102370184
0.7774809160305344 0.46946564885496167 527.7328244274809 504.6488549618322 278.9540527941263 39.85305505377173
0.7797709923664122 0.533587786259542 517.7938931297709 507.21374045801525 356.7003962473047 75.54603461336704
0.7820610687022901 0.5977099236641223 507.85496183206095 519.0763358778624 293.73972961948647 122.55619978115735
0.7843511450381679 0.6618320610687025 502.0839694656487 530.9389312977099 223.62930481906716 180.88355055714214
0.7866412213740459 0.7259541984732829 512.0229007633586 542.8015267175572 163.06377833459555 250.52808694132003
0.7889312977099238 0.7900763358778631 521.9618320610687 554.6641221374047 112.0431501660741 331.4898089336936
0.7912213740458015 0.8541984732824421 531.9007633587786 566.5267175572518 70.56742031350156 310.616044778536
0.7935114503816794 0.9183206106870223 541.8396946564885 578.3893129770993 38.63658877687792 232.425878445312
0.7958015267175573 0.9824427480916027 551.7786259541984 590.2519083969465 16.25065555620315 165.55289772028252
0.7980916030534351 1.0465648854961815 561.7175572519081 602.1145038167934 3.4096206514774363 109.99710260344933
0.8003816793893129 1.1106870229007633 571.6564885496184 613.9770992366413 0.15165200163161777 65.75849309480772
0.8026717557251909 1.1748091603053434 581.5954198473283 625.8396946564883 6.629421362391491 32.83706919436197
0.8049618320610687 1.2389312977099238 591.5343511450383 614.2977099236641 22.65208903910024 11.232830902109999
0.8072519083969466 1.3030534351145027 601.473282442748 602.4351145038172 48.21965503175727 0.945778218052665
0.8095419847328245 1.367175572519083 611.4122137404577 590.5725190839697 83.33211934036363 2.126038368652335
0.8118320610687023 1.4312977099236648 621.3511450381679 578.7099236641222 127.98948196492081 14.722720768668173
0.8141221374045803 1.4954198473282463 620.7099236641221 566.8473282442746 182.19174290542526 38.636588776877836
0.8164122137404581 1.4404580152671749 610.7709923664122 554.9847328244275 245.93890216187867 73.8676423932823
0.818702290076336 1.3763358778625974 600.8320610687025 543.1221374045803 319.2309597342794 120.41588161787938
0.8209923664122137 1.312213740458017 590.8931297709926 531.2595419847331 329.7244041722532 178.28130645067236
0.8232824427480916 1.2480916030534368 580.9541984732825 519.3969465648856 255.1596934910561 247.46391689165847
0.8255725190839694 1.1839694656488564 571.0152671755726 507.5343511450384 190.13988112580944 327.96371294084025
0.8278625954198474 1.119847328244276 561.0763358778627 504.3282442748091 134.6649670765116 314.04787017073636
0.8301526717557253 1.0557251908396945 551.1374045801524 516.1908396946566 88.7349513431611 235.3957778943209
0.8324427480916031 0.9916030534351141 541.1984732824427 528.053435114504 52.34983392576145 168.06087122609983
0.8347328244274811 0.9274809160305337 531.2595419847328 539.9160305343513 25.509614824310688 112.04315016607325
0.8370229007633587 0.8633587786259549 521.3206106870231 551.7786259541982 8.214294038809088 67.34261471424257
0.8393129770992367 0.7992366412213747 511.38167938931315 563.6412213740457 0.46387156925591566 33.95926487060454
0.8416030534351145 0.7351145038167943 501.4427480916032 575.5038167938928 2.418652759163082 11.893100635161591
0.8438931297709923 0.6709923664122139 508.49618320610676 587.3664122137404 13.9870345550958 1.1441220079120995
0.8461832061068701 0.6068702290076338 518.4351145038167 599.2290076335876 35.10031466697726 1.85227809827184
0.848473282442748 0.5427480916030535 528.3740458015267 611.091603053435 65.75849309480762 13.987034555095777
0.8507633587786259 0.47862595419847453 538.3129770992366 622.9541984732823 105.96156983858683 37.43897662011419
0.8530534351145038 0.41450381679389564 548.2519083969463 617.1832061068706 155.7095448983139 72.20810429332563
0.8553435114503819 0.3503816793893113 558.1908396946568 605.3206106870227 215.00241827399452 118.29441757473447
0.8576335877862595 0.3137404580152664 568.1297709923662 593.4580152671756 283.84018996561935 175.69791646433404
0.8599236641221374 0.37786259541984635 578.0687022900762 581.5954198473283 362.2228599731963 244.41860096212997
0.8622137404580152 0.44198473282442674 588.0076335877861 569.7328244274809 288.76874890740726 324.4564710681204
0.8645038167938931 0.506106870229007 597.9465648854961 557.8702290076337 219.29465066138312 317.4985496830686
0.8667938931297708 0.5702290076335874 607.885496183206 546.0076335877861 159.36545073131046 238.38453146346137
0.8690839694656488 0.6343511450381677 617.824427480916 534.145038167939 108.98114911718447 170.5876988520485
0.8713740458015269 0.698473282442748 624.236641221374 522.2824427480917 68.14174581900777 114.10805184883014
0.8736641221374044 0.7625954198473268 614.2977099236643 510.4198473282446 36.84724083678137 68.9455904538077
0.8759541984732824 0.8267175572519059 604.3587786259544 501.4427480916026 15.097634170503468 35.10031466697788
0.8782442748091605 0.8908396946564889 594.4198473282441 513.3053435114504 2.892925820173785 12.57222448834255
0.8805343511450384 0.9549618320610691 584.4809160305342 525.1679389312976 0.2865509002971773 1.361319917901695
0.8828244274809158 1.0190839694656495 574.5419847328245 537.0305343511451 7.400646815453813 1.597371948021725
0.8851145038167939 1.0832061068702297 564.6030534351146 548.8931297709923 24.05964104655886 13.270202461654302
0.8874045801526715 1.1473282442748098 554.6641221374047 560.7557251908398 50.26353359361364 36.26021858348031
0.8896946564885494 1.2114503816793902 544.7251908396946 572.618320610687 86.01232445661608 70.5674203135014
0.891984732824428 1.2755725190839677 534.786259541985 584.4809160305342 131.30601363556707 116.19180765171512
0.894274809160306 1.3396946564885481 524.847328244275 596.3435114503814 186.14460113046883 173.1333805981248
0.8965648854961821 1.4038167938931285 514.9083969465651 608.2061068702286 250.52808694131994 241.39213915272887
0.8988549618320596 1.467938931297709 504.96946564885513 620.0687022900761 324.45647106811725 320.96808331552745
