0.000000 20.000000 10.000000 3.000000 
0.000000 20.000000 10.000000 3.000000 
0.000000 20.000000 10.000000 3.000000 
0.000000 20.000000 10.000000 3.000000 
0.000000 20.000000 10.000000 3.000000 
0.000000 20.000000 10.000000 3.000000 
0.000000 20.000000 10.000000 3.000000 
0.000000 20.000000 10.000000 3.000000 
0.000000 20.000000 10.000000 3.000000 
0.000000 20.000000 10.000000 3.000000 
0.000000 20.000000 10.000000 3.000000 
0.000000 20.000000 10.000000 3.000000 
0.000000 20.000000 10.000000 3.000000 
0.000000 20.000000 10.000000 3.000000 
0.000000 20.000000 10.000000 3.000000 
0.000000 20.000000 10.000000 3.000000 
0.000000 20.000000 10.000000 3.000000 
0.000000 20.000000 10.000000 3.000000 
0.000000 20.000000 10.000000 3.000000 
0.060000 20.000000 10.000000 3.000000 
0.000000 20.000000 10.000000 3.000000 
0.000000 20.000000 10.000000 3.000000 
0.000000 20.000000 10.000000 3.000000 
0.000000 20.000000 10.000000 3.000000 
0.000000 20.000000 10.000000 3.000000 
0.000000 20.000000 10.000000 3.000000 
0.000000 20.000000 10.000000 3.000000 
0.000000 20.000000 10.000000 3.000000 
0.000000 20.000000 10.000000 3.000000 
0.000000 20.000000 10.000000 3.000000 
0.000000 20.000000 10.000000 3.000000 
0.000000 20.000000 10.000000 3.000000 
0.000000 20.000000 10.000000 3.000000 
0.000000 20.000000 10.000000 3.000000 
0.000000 20.000000 10.000000 3.000000 
0.000000 20.000000 10.000000 3.000000 
0.000000 20.000000 10.000000 3.000000 
0.000000 20.000000 10.000000 3.000000 
0.000000 20.000000 10.000000 3.000000 
0.000000 20.000000 10.000000 3.000000 
0.000000 20.000000 10.000000 3.000000 
0.000000 20.000000 10.000000 3.000000 
0.000000 20.000000 10.000000 3.000000 
0.000000 20.000000 10.000000 3.000000 
0.000000 20.000000 10.000000 3.000000 
0.000000 20.000000 10.000000 3.000000 
0.000000 20.000000 10.000000 3.000000 
0.000000 20.000000 10.000000 3.000000 
0.000000 20.000000 10.000000 3.000000 
0.000000 20.000000 10.000000 3.000000 
0.000000 20.000000 10.000000 3.000000 
0.000000 20.000000 10.000000 3.000000 
0.000000 20.000000 10.000000 3.000000 
0.000000 20.000000 10.000000 3.000000 
0.000000 20.000000 10.000000 3.000000 
0.000000 20.000000 10.000000 3.000000 
0.000000 20.000000 10.000000 3.000000 
0.000000 20.000000 10.000000 3.000000 
0.000000 20.000000 10.000000 3.000000 
0.000000 20.000000 10.000000 3.000000 
0.000000 20.000000 10.000000 3.000000 
0.000000 20.000000 10.000000 3.000000 
0.000000 20.000000 10.000000 3.000000 
0.000000 20.000000 10.000000 3.000000 
0.000000 20.000000 10.000000 3.000000 
0.000000 20.000000 10.000000 3.000000 
0.000000 20.000000 10.000000 3.000000 
0.000000 20.000000 10.000000 3.000000 
0.000000 20.000000 10.000000 3.000000 
0.000000 20.000000 10.000000 3.000000 
0.000000 20.000000 10.000000 3.000000 
0.000000 20.000000 10.000000 3.000000 
0.000000 20.000000 10.000000 3.000000 
0.000000 20.000000 10.000000 3.000000 
0.000000 20.000000 10.000000 3.000000 
0.000000 20.000000 10.000000 3.000000 
0.000000 20.000000 10.000000 3.000000 
0.000000 20.000000 10.000000 3.000000 
0.000000 20.000000 10.000000 3.000000 
0.000000 20.000000 10.000000 3.000000 
0.000000 20.000000 10.000000 3.000000 
0.000000 20.000000 10.000000 3.000000 
0.000000 20.000000 10.000000 3.000000 
0.000000 20.000000 10.000000 3.000000 
0.000000 20.000000 10.000000 3.000000 
0.000000 20.000000 10.000000 3.000000 
0.000000 20.000000 10.000000 3.000000 
0.810000 20.000000 10.000000 3.000000 
0.000000 20.000000 10.000000 3.000000 
0.000000 20.000000 10.000000 3.000000 
0.000000 20.000000 10.000000 3.000000 
0.660000 20.000000 10.000000 3.000000 
0.570000 20.000000 10.000000 3.000000 
2.520000 20.000000 10.000000 3.000000 
45.779999 20.000000 10.000000 3.000000 
33.540001 20.000000 10.000000 3.000000 
29.729996 20.000000 10.000000 3.000000 
9.870000 20.000000 10.000000 3.000000 
0.000000 20.000000 10.000000 3.000000 
0.000000 20.000000 10.000000 3.000000 
0.000000 20.000000 10.000000 3.000000 
0.000000 20.000000 10.000000 3.000000 
0.000000 20.000000 10.000000 3.000000 
0.000000 20.000000 10.000000 3.000000 
0.000000 20.000000 10.000000 3.000000 
0.000000 20.000000 10.000000 3.000000 
0.000000 20.000000 10.000000 3.000000 
0.000000 20.000000 10.000000 3.000000 
0.000000 20.000000 10.000000 3.000000 
6.240000 20.000000 10.000000 3.000000 
10.950001 20.000000 10.000000 3.000000 
0.000000 20.000000 10.000000 3.000000 
0.000000 20.000000 10.000000 3.000000 
0.000000 20.000000 10.000000 3.000000 
0.000000 20.000000 10.000000 3.000000 
0.000000 20.000000 10.000000 3.000000 
0.000000 20.000000 10.000000 3.000000 
0.000000 20.000000 10.000000 3.000000 
0.210000 20.000000 10.000000 3.000000 
4.620000 20.000000 10.000000 3.000000 
1.590000 20.000000 10.000000 3.000000 
0.000000 20.000000 10.000000 3.000000 
0.210000 20.000000 10.000000 3.000000 
0.090000 20.000000 10.000000 3.000000 
0.450000 20.000000 10.000000 3.000000 
16.320000 20.000000 10.000000 3.000000 
0.000000 20.000000 10.000000 3.000000 
0.000000 20.000000 10.000000 3.000000 
0.000000 20.000000 10.000000 3.000000 
0.450000 20.000000 10.000000 3.000000 
0.000000 20.000000 10.000000 3.000000 
0.000000 20.000000 10.000000 3.000000 
0.000000 20.000000 10.000000 3.000000 
0.000000 20.000000 10.000000 3.000000 
0.000000 20.000000 10.000000 3.000000 
0.000000 20.000000 10.000000 3.000000 
0.000000 20.000000 10.000000 3.000000 
1.710000 20.000000 10.000000 3.000000 
0.000000 20.000000 10.000000 3.000000 
0.000000 20.000000 10.000000 3.000000 
1.320000 20.000000 10.000000 3.000000 
0.390000 20.000000 10.000000 3.000000 
0.000000 20.000000 10.000000 3.000000 
1.740000 20.000000 10.000000 3.000000 
0.000000 20.000000 10.000000 3.000000 
2.400000 20.000000 10.000000 3.000000 
0.270000 20.000000 10.000000 3.000000 
4.320000 20.000000 10.000000 3.000000 
0.000000 20.000000 10.000000 3.000000 
13.259998 20.000000 10.000000 3.000000 
0.660000 20.000000 10.000000 3.000000 
0.540000 20.000000 10.000000 3.000000 
0.090000 20.000000 10.000000 3.000000 
1.200000 20.000000 10.000000 3.000000 
37.380001 20.000000 10.000000 3.000000 
16.320000 20.000000 10.000000 3.000000 
0.510000 20.000000 10.000000 3.000000 
15.599999 20.000000 10.000000 3.000000 
0.000000 20.000000 10.000000 3.000000 
0.360000 20.000000 10.000000 3.000000 
15.930000 20.000000 10.000000 3.000000 
26.939999 20.000000 10.000000 3.000000 
8.009999 20.000000 10.000000 3.000000 
8.700000 20.000000 10.000000 3.000000 
2.310000 20.000000 10.000000 3.000000 
0.000000 20.000000 10.000000 3.000000 
0.000000 20.000000 10.000000 3.000000 
0.000000 20.000000 10.000000 3.000000 
0.240000 20.000000 10.000000 3.000000 
0.030000 20.000000 10.000000 3.000000 
28.860001 20.000000 10.000000 3.000000 
65.940002 20.000000 10.000000 3.000000 
20.730000 20.000000 10.000000 3.000000 
0.000000 20.000000 10.000000 3.000000 
1.770000 20.000000 10.000000 3.000000 
23.309998 20.000000 10.000000 3.000000 
5.010000 20.000000 10.000000 3.000000 
0.150000 20.000000 10.000000 3.000000 
0.000000 20.000000 10.000000 3.000000 
0.000000 20.000000 10.000000 3.000000 
0.000000 20.000000 10.000000 3.000000 
0.000000 20.000000 10.000000 3.000000 
0.360000 20.000000 10.000000 3.000000 
0.480000 20.000000 10.000000 3.000000 
1.080000 20.000000 10.000000 3.000000 
3.570000 20.000000 10.000000 3.000000 
4.020000 20.000000 10.000000 3.000000 
7.920000 20.000000 10.000000 3.000000 
24.420002 20.000000 10.000000 3.000000 
0.000000 20.000000 10.000000 3.000000 
0.000000 20.000000 10.000000 3.000000 
0.000000 20.000000 10.000000 3.000000 
0.000000 20.000000 10.000000 3.000000 
0.000000 20.000000 10.000000 3.000000 
0.000000 20.000000 10.000000 3.000000 
0.000000 20.000000 10.000000 3.000000 
0.000000 20.000000 10.000000 3.000000 
0.090000 20.000000 10.000000 3.000000 
0.300000 20.000000 10.000000 3.000000 
5.400000 20.000000 10.000000 3.000000 
0.300000 20.000000 10.000000 3.000000 
0.000000 20.000000 10.000000 3.000000 
0.810000 20.000000 10.000000 3.000000 
42.360001 20.000000 10.000000 3.000000 
27.270000 20.000000 10.000000 3.000000 
18.960001 20.000000 10.000000 3.000000 
12.539999 20.000000 10.000000 3.000000 
10.080000 20.000000 10.000000 3.000000 
6.240000 20.000000 10.000000 3.000000 
2.640000 20.000000 10.000000 3.000000 
0.000000 20.000000 10.000000 3.000000 
0.780000 20.000000 10.000000 3.000000 
0.000000 20.000000 10.000000 3.000000 
0.000000 20.000000 10.000000 3.000000 
1.050000 20.000000 10.000000 3.000000 
0.000000 20.000000 10.000000 3.000000 
0.000000 20.000000 10.000000 3.000000 
0.000000 20.000000 10.000000 3.000000 
0.000000 20.000000 10.000000 3.000000 
0.000000 20.000000 10.000000 3.000000 
7.800000 20.000000 10.000000 3.000000 
24.480000 20.000000 10.000000 3.000000 
23.760000 20.000000 10.000000 3.000000 
5.940000 20.000000 10.000000 3.000000 
56.939999 20.000000 10.000000 3.000000 
10.590000 20.000000 10.000000 3.000000 
17.879999 20.000000 10.000000 3.000000 
13.319999 20.000000 10.000000 3.000000 
4.440000 20.000000 10.000000 3.000000 
0.000000 20.000000 10.000000 3.000000 
4.230000 20.000000 10.000000 3.000000 
0.870000 20.000000 10.000000 3.000000 
0.000000 20.000000 10.000000 3.000000 
0.330000 20.000000 10.000000 3.000000 
0.000000 20.000000 10.000000 3.000000 
0.270000 20.000000 10.000000 3.000000 
10.440000 20.000000 10.000000 3.000000 
0.000000 20.000000 10.000000 3.000000 
0.000000 20.000000 10.000000 3.000000 
1.380000 20.000000 10.000000 3.000000 
0.000000 20.000000 10.000000 3.000000 
0.000000 20.000000 10.000000 3.000000 
0.180000 20.000000 10.000000 3.000000 
0.000000 20.000000 10.000000 3.000000 
0.000000 20.000000 10.000000 3.000000 
0.090000 20.000000 10.000000 3.000000 
3.930000 20.000000 10.000000 3.000000 
0.000000 20.000000 10.000000 3.000000 
8.610000 20.000000 10.000000 3.000000 
3.900000 20.000000 10.000000 3.000000 
3.630000 20.000000 10.000000 3.000000 
13.950001 20.000000 10.000000 3.000000 
39.329998 20.000000 10.000000 3.000000 
64.079994 20.000000 10.000000 3.000000 
23.520000 20.000000 10.000000 3.000000 
0.000000 20.000000 10.000000 3.000000 
0.810000 20.000000 10.000000 3.000000 
47.849998 20.000000 10.000000 3.000000 
17.219999 20.000000 10.000000 3.000000 
7.770000 20.000000 10.000000 3.000000 
0.000000 20.000000 10.000000 3.000000 
9.120000 20.000000 10.000000 3.000000 
0.000000 20.000000 10.000000 3.000000 
0.000000 20.000000 10.000000 3.000000 
0.000000 20.000000 10.000000 3.000000 
0.000000 20.000000 10.000000 3.000000 
0.000000 20.000000 10.000000 3.000000 
0.000000 20.000000 10.000000 3.000000 
3.900000 20.000000 10.000000 3.000000 
57.510002 20.000000 10.000000 3.000000 
14.130000 20.000000 10.000000 3.000000 
1.620000 20.000000 10.000000 3.000000 
5.789999 20.000000 10.000000 3.000000 
0.000000 20.000000 10.000000 3.000000 
0.000000 20.000000 10.000000 3.000000 
0.000000 20.000000 10.000000 3.000000 
0.000000 20.000000 10.000000 3.000000 
0.000000 20.000000 10.000000 3.000000 
0.000000 20.000000 10.000000 3.000000 
0.000000 20.000000 10.000000 3.000000 
2.220000 20.000000 10.000000 3.000000 
23.070000 20.000000 10.000000 3.000000 
0.990000 20.000000 10.000000 3.000000 
1.350000 20.000000 10.000000 3.000000 
15.510000 20.000000 10.000000 3.000000 
8.700001 20.000000 10.000000 3.000000 
9.450000 20.000000 10.000000 3.000000 
1.050000 20.000000 10.000000 3.000000 
0.000000 20.000000 10.000000 3.000000 
45.479996 20.000000 10.000000 3.000000 
1.920000 20.000000 10.000000 3.000000 
3.600000 20.000000 10.000000 3.000000 
2.820000 20.000000 10.000000 3.000000 
0.000000 20.000000 10.000000 3.000000 
0.000000 20.000000 10.000000 3.000000 
0.150000 20.000000 10.000000 3.000000 
41.340004 20.000000 10.000000 3.000000 
37.980000 20.000000 10.000000 3.000000 
0.240000 20.000000 10.000000 3.000000 
27.329998 20.000000 10.000000 3.000000 
32.070000 20.000000 10.000000 3.000000 
14.580000 20.000000 10.000000 3.000000 
0.210000 20.000000 10.000000 3.000000 
2.100000 20.000000 10.000000 3.000000 
0.000000 20.000000 10.000000 3.000000 
0.030000 20.000000 10.000000 3.000000 
0.000000 20.000000 10.000000 3.000000 
0.840000 20.000000 10.000000 3.000000 
0.990000 20.000000 10.000000 3.000000 
1.080000 20.000000 10.000000 3.000000 
6.150001 20.000000 10.000000 3.000000 
10.650000 20.000000 10.000000 3.000000 
48.449997 20.000000 10.000000 3.000000 
24.090000 20.000000 10.000000 3.000000 
4.110000 20.000000 10.000000 3.000000 
4.680000 20.000000 10.000000 3.000000 
0.120000 20.000000 10.000000 3.000000 
3.000000 20.000000 10.000000 3.000000 
2.700000 20.000000 10.000000 3.000000 
0.000000 20.000000 10.000000 3.000000 
1.500000 20.000000 10.000000 3.000000 
43.560001 20.000000 10.000000 3.000000 
4.080000 20.000000 10.000000 3.000000 
6.330000 20.000000 10.000000 3.000000 
60.059998 20.000000 10.000000 3.000000 
19.020000 20.000000 10.000000 3.000000 
0.000000 20.000000 10.000000 3.000000 
0.000000 20.000000 10.000000 3.000000 
0.120000 20.000000 10.000000 3.000000 
0.030000 20.000000 10.000000 3.000000 
0.090000 20.000000 10.000000 3.000000 
9.750000 20.000000 10.000000 3.000000 
27.630001 20.000000 10.000000 3.000000 
0.780000 20.000000 10.000000 3.000000 
0.000000 20.000000 10.000000 3.000000 
0.270000 20.000000 10.000000 3.000000 
0.270000 20.000000 10.000000 3.000000 
0.000000 20.000000 10.000000 3.000000 
4.530000 20.000000 10.000000 3.000000 
14.070000 20.000000 10.000000 3.000000 
38.129997 20.000000 10.000000 3.000000 
15.540001 20.000000 10.000000 3.000000 
0.480000 20.000000 10.000000 3.000000 
56.129997 20.000000 10.000000 3.000000 
0.270000 20.000000 10.000000 3.000000 
0.000000 20.000000 10.000000 3.000000 
0.000000 20.000000 10.000000 3.000000 
0.930000 20.000000 10.000000 3.000000 
21.419998 20.000000 10.000000 3.000000 
20.369999 20.000000 10.000000 3.000000 
25.710003 20.000000 10.000000 3.000000 
7.380000 20.000000 10.000000 3.000000 
50.400002 20.000000 10.000000 3.000000 
51.299995 20.000000 10.000000 3.000000 
41.550003 20.000000 10.000000 3.000000 
35.699997 20.000000 10.000000 3.000000 
11.129999 20.000000 10.000000 3.000000 
0.030000 20.000000 10.000000 3.000000 
0.000000 20.000000 10.000000 3.000000 
0.000000 20.000000 10.000000 3.000000 
0.000000 20.000000 10.000000 3.000000 
0.420000 20.000000 10.000000 3.000000 
0.570000 20.000000 10.000000 3.000000 
0.000000 20.000000 10.000000 3.000000 
0.000000 20.000000 10.000000 3.000000 
0.180000 20.000000 10.000000 3.000000 
3.600000 20.000000 10.000000 3.000000 
26.579996 20.000000 10.000000 3.000000 
16.349998 20.000000 10.000000 3.000000 
1.680000 20.000000 10.000000 3.000000 
26.309998 20.000000 10.000000 3.000000 
7.020000 20.000000 10.000000 3.000000 
2.610000 20.000000 10.000000 3.000000 
1.740000 20.000000 10.000000 3.000000 
11.370000 20.000000 10.000000 3.000000 
1.590000 20.000000 10.000000 3.000000 
4.170000 20.000000 10.000000 3.000000 
0.540000 20.000000 10.000000 3.000000 
0.000000 20.000000 10.000000 3.000000 
2.220000 20.000000 10.000000 3.000000 
0.000000 20.000000 10.000000 3.000000 
0.000000 20.000000 10.000000 3.000000 
0.000000 20.000000 10.000000 3.000000 
0.000000 20.000000 10.000000 3.000000 
0.000000 20.000000 10.000000 3.000000 
0.000000 20.000000 10.000000 3.000000 
0.000000 20.000000 10.000000 3.000000 
0.000000 20.000000 10.000000 3.000000 
0.000000 20.000000 10.000000 3.000000 
0.000000 20.000000 10.000000 3.000000 
1.020000 20.000000 10.000000 3.000000 
1.980000 20.000000 10.000000 3.000000 
0.000000 20.000000 10.000000 3.000000 
0.000000 20.000000 10.000000 3.000000 
0.000000 20.000000 10.000000 3.000000 
0.000000 20.000000 10.000000 3.000000 
0.000000 20.000000 10.000000 3.000000 
0.390000 20.000000 10.000000 3.000000 
0.000000 20.000000 10.000000 3.000000 
0.360000 20.000000 10.000000 3.000000 
0.120000 20.000000 10.000000 3.000000 
0.000000 20.000000 10.000000 3.000000 
1.710000 20.000000 10.000000 3.000000 
2.250000 20.000000 10.000000 3.000000 
0.000000 20.000000 10.000000 3.000000 
0.120000 20.000000 10.000000 3.000000 
0.000000 20.000000 10.000000 3.000000 
4.380000 20.000000 10.000000 3.000000 
1.860000 20.000000 10.000000 3.000000 
4.139999 20.000000 10.000000 3.000000 
1.800000 20.000000 10.000000 3.000000 
0.000000 20.000000 10.000000 3.000000 
2.850000 20.000000 10.000000 3.000000 
2.700000 20.000000 10.000000 3.000000 
0.000000 20.000000 10.000000 3.000000 
0.000000 20.000000 10.000000 3.000000 
0.000000 20.000000 10.000000 3.000000 
0.060000 20.000000 10.000000 3.000000 
0.840000 20.000000 10.000000 3.000000 
0.000000 20.000000 10.000000 3.000000 
0.600000 20.000000 10.000000 3.000000 
0.000000 20.000000 10.000000 3.000000 
0.000000 20.000000 10.000000 3.000000 
4.260000 20.000000 10.000000 3.000000 
1.860000 20.000000 10.000000 3.000000 
0.000000 20.000000 10.000000 3.000000 
0.000000 20.000000 10.000000 3.000000 
0.000000 20.000000 10.000000 3.000000 
0.000000 20.000000 10.000000 3.000000 
0.000000 20.000000 10.000000 3.000000 
0.000000 20.000000 10.000000 3.000000 
0.000000 20.000000 10.000000 3.000000 
0.000000 20.000000 10.000000 3.000000 
0.000000 20.000000 10.000000 3.000000 
0.000000 20.000000 10.000000 3.000000 
2.400000 20.000000 10.000000 3.000000 
1.440000 20.000000 10.000000 3.000000 
1.770000 20.000000 10.000000 3.000000 
0.000000 20.000000 10.000000 3.000000 
0.000000 20.000000 10.000000 3.000000 
0.000000 20.000000 10.000000 3.000000 
6.780000 20.000000 10.000000 3.000000 
16.229998 20.000000 10.000000 3.000000 
0.000000 20.000000 10.000000 3.000000 
0.000000 20.000000 10.000000 3.000000 
0.750000 20.000000 10.000000 3.000000 
32.189999 20.000000 10.000000 3.000000 
34.680000 20.000000 10.000000 3.000000 
0.000000 20.000000 10.000000 3.000000 
0.090000 20.000000 10.000000 3.000000 
0.000000 20.000000 10.000000 3.000000 
2.190000 20.000000 10.000000 3.000000 
2.070000 20.000000 10.000000 3.000000 
3.360000 20.000000 10.000000 3.000000 
0.000000 20.000000 10.000000 3.000000 
1.650000 20.000000 10.000000 3.000000 
0.000000 20.000000 10.000000 3.000000 
0.000000 20.000000 10.000000 3.000000 
1.830000 20.000000 10.000000 3.000000 
0.000000 20.000000 10.000000 3.000000 
0.000000 20.000000 10.000000 3.000000 
0.000000 20.000000 10.000000 3.000000 
0.000000 20.000000 10.000000 3.000000 
0.000000 20.000000 10.000000 3.000000 
0.000000 20.000000 10.000000 3.000000 
0.000000 20.000000 10.000000 3.000000 
0.000000 20.000000 10.000000 3.000000 
0.000000 20.000000 10.000000 3.000000 
0.450000 20.000000 10.000000 3.000000 
1.110000 20.000000 10.000000 3.000000 
0.000000 20.000000 10.000000 3.000000 
0.090000 20.000000 10.000000 3.000000 
1.260000 20.000000 10.000000 3.000000 
0.000000 20.000000 10.000000 3.000000 
8.100000 20.000000 10.000000 3.000000 
40.919998 20.000000 10.000000 3.000000 
21.149998 20.000000 10.000000 3.000000 
3.660000 20.000000 10.000000 3.000000 
28.020000 20.000000 10.000000 3.000000 
110.789993 20.000000 10.000000 3.000000 
12.420001 20.000000 10.000000 3.000000 
44.250000 20.000000 10.000000 3.000000 
4.320000 20.000000 10.000000 3.000000 
0.000000 20.000000 10.000000 3.000000 
0.000000 20.000000 10.000000 3.000000 
0.000000 20.000000 10.000000 3.000000 
0.000000 20.000000 10.000000 3.000000 
0.930000 20.000000 10.000000 3.000000 
0.000000 20.000000 10.000000 3.000000 
0.000000 20.000000 10.000000 3.000000 
0.000000 20.000000 10.000000 3.000000 
0.000000 20.000000 10.000000 3.000000 
1.350000 20.000000 10.000000 3.000000 
0.570000 20.000000 10.000000 3.000000 
0.210000 20.000000 10.000000 3.000000 
0.000000 20.000000 10.000000 3.000000 
0.000000 20.000000 10.000000 3.000000 
0.210000 20.000000 10.000000 3.000000 
0.540000 20.000000 10.000000 3.000000 
0.000000 20.000000 10.000000 3.000000 
2.310000 20.000000 10.000000 3.000000 
72.389999 20.000000 10.000000 3.000000 
75.479996 20.000000 10.000000 3.000000 
53.250000 20.000000 10.000000 3.000000 
73.680000 20.000000 10.000000 3.000000 
80.850006 20.000000 10.000000 3.000000 
12.450001 20.000000 10.000000 3.000000 
19.500000 20.000000 10.000000 3.000000 
2.640000 20.000000 10.000000 3.000000 
0.090000 20.000000 10.000000 3.000000 
6.120000 20.000000 10.000000 3.000000 
30.840002 20.000000 10.000000 3.000000 
22.110001 20.000000 10.000000 3.000000 
3.810000 20.000000 10.000000 3.000000 
0.090000 20.000000 10.000000 3.000000 
1.380000 20.000000 10.000000 3.000000 
0.030000 20.000000 10.000000 3.000000 
0.090000 20.000000 10.000000 3.000000 
0.000000 20.000000 10.000000 3.000000 
0.120000 20.000000 10.000000 3.000000 
23.910000 20.000000 10.000000 3.000000 
0.060000 20.000000 10.000000 3.000000 
0.000000 20.000000 10.000000 3.000000 
0.990000 20.000000 10.000000 3.000000 
36.029999 20.000000 10.000000 3.000000 
50.789993 20.000000 10.000000 3.000000 
1.590000 20.000000 10.000000 3.000000 
0.000000 20.000000 10.000000 3.000000 
0.000000 20.000000 10.000000 3.000000 
0.000000 20.000000 10.000000 3.000000 
0.150000 20.000000 10.000000 3.000000 
0.030000 20.000000 10.000000 3.000000 
0.120000 20.000000 10.000000 3.000000 
0.060000 20.000000 10.000000 3.000000 
15.570000 20.000000 10.000000 3.000000 
56.790001 20.000000 10.000000 3.000000 
72.180000 20.000000 10.000000 3.000000 
19.320000 20.000000 10.000000 3.000000 
9.420000 20.000000 10.000000 3.000000 
5.790000 20.000000 10.000000 3.000000 
10.380000 20.000000 10.000000 3.000000 
70.559998 20.000000 10.000000 3.000000 
32.759998 20.000000 10.000000 3.000000 
3.690000 20.000000 10.000000 3.000000 
15.630000 20.000000 10.000000 3.000000 
0.000000 20.000000 10.000000 3.000000 
0.090000 20.000000 10.000000 3.000000 
0.000000 20.000000 10.000000 3.000000 
0.000000 20.000000 10.000000 3.000000 
0.000000 20.000000 10.000000 3.000000 
0.000000 20.000000 10.000000 3.000000 
0.000000 20.000000 10.000000 3.000000 
0.000000 20.000000 10.000000 3.000000 
0.000000 20.000000 10.000000 3.000000 
0.000000 20.000000 10.000000 3.000000 
0.000000 20.000000 10.000000 3.000000 
0.000000 20.000000 10.000000 3.000000 
0.000000 20.000000 10.000000 3.000000 
0.000000 20.000000 10.000000 3.000000 
0.000000 20.000000 10.000000 3.000000 
0.060000 20.000000 10.000000 3.000000 
0.000000 20.000000 10.000000 3.000000 
0.000000 20.000000 10.000000 3.000000 
0.000000 20.000000 10.000000 3.000000 
0.090000 20.000000 10.000000 3.000000 
3.150000 20.000000 10.000000 3.000000 
0.000000 20.000000 10.000000 3.000000 
0.000000 20.000000 10.000000 3.000000 
0.000000 20.000000 10.000000 3.000000 
0.000000 20.000000 10.000000 3.000000 
37.259998 20.000000 10.000000 3.000000 
17.279999 20.000000 10.000000 3.000000 
0.210000 20.000000 10.000000 3.000000 
0.000000 20.000000 10.000000 3.000000 
2.280000 20.000000 10.000000 3.000000 
7.590000 20.000000 10.000000 3.000000 
8.969999 20.000000 10.000000 3.000000 
0.000000 20.000000 10.000000 3.000000 
0.810000 20.000000 10.000000 3.000000 
0.000000 20.000000 10.000000 3.000000 
0.270000 20.000000 10.000000 3.000000 
0.000000 20.000000 10.000000 3.000000 
0.030000 20.000000 10.000000 3.000000 
0.000000 20.000000 10.000000 3.000000 
0.000000 20.000000 10.000000 3.000000 
0.000000 20.000000 10.000000 3.000000 
0.000000 20.000000 10.000000 3.000000 
0.330000 20.000000 10.000000 3.000000 
0.750000 20.000000 10.000000 3.000000 
0.150000 20.000000 10.000000 3.000000 
0.000000 20.000000 10.000000 3.000000 
22.650000 20.000000 10.000000 3.000000 
0.000000 20.000000 10.000000 3.000000 
0.570000 20.000000 10.000000 3.000000 
0.000000 20.000000 10.000000 3.000000 
1.980000 20.000000 10.000000 3.000000 
48.510002 20.000000 10.000000 3.000000 
13.920000 20.000000 10.000000 3.000000 
0.000000 20.000000 10.000000 3.000000 
0.000000 20.000000 10.000000 3.000000 
0.000000 20.000000 10.000000 3.000000 
0.000000 20.000000 10.000000 3.000000 
2.430000 20.000000 10.000000 3.000000 
0.000000 20.000000 10.000000 3.000000 
0.000000 20.000000 10.000000 3.000000 
0.000000 20.000000 10.000000 3.000000 
1.200000 20.000000 10.000000 3.000000 
0.000000 20.000000 10.000000 3.000000 
1.530000 20.000000 10.000000 3.000000 
9.329999 20.000000 10.000000 3.000000 
0.000000 20.000000 10.000000 3.000000 
20.969997 20.000000 10.000000 3.000000 
8.100000 20.000000 10.000000 3.000000 
96.809998 20.000000 10.000000 3.000000 
5.370000 20.000000 10.000000 3.000000 
54.239994 20.000000 10.000000 3.000000 
30.150002 20.000000 10.000000 3.000000 
19.740000 20.000000 10.000000 3.000000 
15.839999 20.000000 10.000000 3.000000 
0.000000 20.000000 10.000000 3.000000 
4.770000 20.000000 10.000000 3.000000 
88.080002 20.000000 10.000000 3.000000 
74.069992 20.000000 10.000000 3.000000 
0.000000 20.000000 10.000000 3.000000 
0.000000 20.000000 10.000000 3.000000 
0.000000 20.000000 10.000000 3.000000 
0.210000 20.000000 10.000000 3.000000 
0.000000 20.000000 10.000000 3.000000 
0.000000 20.000000 10.000000 3.000000 
0.000000 20.000000 10.000000 3.000000 
0.000000 20.000000 10.000000 3.000000 
0.030000 20.000000 10.000000 3.000000 
4.950000 20.000000 10.000000 3.000000 
26.340000 20.000000 10.000000 3.000000 
56.159996 20.000000 10.000000 3.000000 
18.750000 20.000000 10.000000 3.000000 
54.899998 20.000000 10.000000 3.000000 
30.059998 20.000000 10.000000 3.000000 
11.910000 20.000000 10.000000 3.000000 
11.430000 20.000000 10.000000 3.000000 
82.800003 20.000000 10.000000 3.000000 
29.099998 20.000000 10.000000 3.000000 
9.570000 20.000000 10.000000 3.000000 
0.180000 20.000000 10.000000 3.000000 
20.730000 20.000000 10.000000 3.000000 
51.750000 20.000000 10.000000 3.000000 
11.280000 20.000000 10.000000 3.000000 
2.190000 20.000000 10.000000 3.000000 
15.959999 20.000000 10.000000 3.000000 
0.000000 20.000000 10.000000 3.000000 
0.000000 20.000000 10.000000 3.000000 
0.000000 20.000000 10.000000 3.000000 
0.000000 20.000000 10.000000 3.000000 
0.000000 20.000000 10.000000 3.000000 
0.000000 20.000000 10.000000 3.000000 
0.000000 20.000000 10.000000 3.000000 
0.000000 20.000000 10.000000 3.000000 
0.000000 20.000000 10.000000 3.000000 
0.210000 20.000000 10.000000 3.000000 
0.330000 20.000000 10.000000 3.000000 
0.120000 20.000000 10.000000 3.000000 
0.000000 20.000000 10.000000 3.000000 
11.279999 20.000000 10.000000 3.000000 
11.639999 20.000000 10.000000 3.000000 
0.000000 20.000000 10.000000 3.000000 
0.000000 20.000000 10.000000 3.000000 
0.690000 20.000000 10.000000 3.000000 
0.000000 20.000000 10.000000 3.000000 
0.540000 20.000000 10.000000 3.000000 
4.530000 20.000000 10.000000 3.000000 
6.360000 20.000000 10.000000 3.000000 
0.750000 20.000000 10.000000 3.000000 
0.000000 20.000000 10.000000 3.000000 
5.850000 20.000000 10.000000 3.000000 
4.830000 20.000000 10.000000 3.000000 
0.000000 20.000000 10.000000 3.000000 
0.000000 20.000000 10.000000 3.000000 
0.000000 20.000000 10.000000 3.000000 
0.000000 20.000000 10.000000 3.000000 
10.259999 20.000000 10.000000 3.000000 
1.920000 20.000000 10.000000 3.000000 
0.150000 20.000000 10.000000 3.000000 
4.650000 20.000000 10.000000 3.000000 
2.520000 20.000000 10.000000 3.000000 
73.169998 20.000000 10.000000 3.000000 
6.810000 20.000000 10.000000 3.000000 
0.450000 20.000000 10.000000 3.000000 
8.160000 20.000000 10.000000 3.000000 
1.530000 20.000000 10.000000 3.000000 
0.330000 20.000000 10.000000 3.000000 
1.530000 20.000000 10.000000 3.000000 
1.380000 20.000000 10.000000 3.000000 
0.300000 20.000000 10.000000 3.000000 
6.840000 20.000000 10.000000 3.000000 
1.140000 20.000000 10.000000 3.000000 
1.350000 20.000000 10.000000 3.000000 
0.000000 20.000000 10.000000 3.000000 
0.000000 20.000000 10.000000 3.000000 
0.000000 20.000000 10.000000 3.000000 
0.000000 20.000000 10.000000 3.000000 
7.530000 20.000000 10.000000 3.000000 
0.000000 20.000000 10.000000 3.000000 
0.720000 20.000000 10.000000 3.000000 
0.270000 20.000000 10.000000 3.000000 
0.390000 20.000000 10.000000 3.000000 
0.000000 20.000000 10.000000 3.000000 
0.000000 20.000000 10.000000 3.000000 
0.000000 20.000000 10.000000 3.000000 
0.000000 20.000000 10.000000 3.000000 
0.000000 20.000000 10.000000 3.000000 
3.300000 20.000000 10.000000 3.000000 
29.189999 20.000000 10.000000 3.000000 
3.150000 20.000000 10.000000 3.000000 
0.330000 20.000000 10.000000 3.000000 
0.000000 20.000000 10.000000 3.000000 
0.240000 20.000000 10.000000 3.000000 
0.000000 20.000000 10.000000 3.000000 
0.000000 20.000000 10.000000 3.000000 
0.000000 20.000000 10.000000 3.000000 
0.000000 20.000000 10.000000 3.000000 
0.000000 20.000000 10.000000 3.000000 
0.000000 20.000000 10.000000 3.000000 
0.000000 20.000000 10.000000 3.000000 
0.000000 20.000000 10.000000 3.000000 
0.000000 20.000000 10.000000 3.000000 
0.000000 20.000000 10.000000 3.000000 
0.000000 20.000000 10.000000 3.000000 
0.000000 20.000000 10.000000 3.000000 
0.000000 20.000000 10.000000 3.000000 
0.000000 20.000000 10.000000 3.000000 
20.070000 20.000000 10.000000 3.000000 
0.000000 20.000000 10.000000 3.000000 
0.000000 20.000000 10.000000 3.000000 
0.000000 20.000000 10.000000 3.000000 
0.000000 20.000000 10.000000 3.000000 
0.000000 20.000000 10.000000 3.000000 
0.180000 20.000000 10.000000 3.000000 
17.459999 20.000000 10.000000 3.000000 
0.000000 20.000000 10.000000 3.000000 
0.270000 20.000000 10.000000 3.000000 
0.000000 20.000000 10.000000 3.000000 
0.000000 20.000000 10.000000 3.000000 
0.000000 20.000000 10.000000 3.000000 
0.000000 20.000000 10.000000 3.000000 
0.000000 20.000000 10.000000 3.000000 
0.000000 20.000000 10.000000 3.000000 
0.000000 20.000000 10.000000 3.000000 
0.000000 20.000000 10.000000 3.000000 
0.000000 20.000000 10.000000 3.000000 
0.000000 20.000000 10.000000 3.000000 
0.060000 20.000000 10.000000 3.000000 
0.000000 20.000000 10.000000 3.000000 
0.000000 20.000000 10.000000 3.000000 
0.000000 20.000000 10.000000 3.000000 
0.000000 20.000000 10.000000 3.000000 
0.000000 20.000000 10.000000 3.000000 
3.030000 20.000000 10.000000 3.000000 
0.000000 20.000000 10.000000 3.000000 
0.000000 20.000000 10.000000 3.000000 
0.000000 20.000000 10.000000 3.000000 
0.000000 20.000000 10.000000 3.000000 
0.000000 20.000000 10.000000 3.000000 
0.000000 20.000000 10.000000 3.000000 
0.000000 20.000000 10.000000 3.000000 
0.000000 20.000000 10.000000 3.000000 
0.000000 20.000000 10.000000 3.000000 
0.270000 20.000000 10.000000 3.000000 
0.000000 20.000000 10.000000 3.000000 
0.000000 20.000000 10.000000 3.000000 
0.000000 20.000000 10.000000 3.000000 
0.000000 20.000000 10.000000 3.000000 
0.000000 20.000000 10.000000 3.000000 
0.000000 20.000000 10.000000 3.000000 
0.000000 20.000000 10.000000 3.000000 
0.000000 20.000000 10.000000 3.000000 
0.000000 20.000000 10.000000 3.000000 
0.000000 20.000000 10.000000 3.000000 
0.000000 20.000000 10.000000 3.000000 
0.000000 20.000000 10.000000 3.000000 
0.000000 20.000000 10.000000 3.000000 
0.000000 20.000000 10.000000 3.000000 
0.000000 20.000000 10.000000 3.000000 
0.000000 20.000000 10.000000 3.000000 
0.000000 20.000000 10.000000 3.000000 
1.380000 20.000000 10.000000 3.000000 
20.699999 20.000000 10.000000 3.000000 
0.060000 20.000000 10.000000 3.000000 
0.000000 20.000000 10.000000 3.000000 
0.630000 20.000000 10.000000 3.000000 
0.000000 20.000000 10.000000 3.000000 
0.000000 20.000000 10.000000 3.000000 
0.000000 20.000000 10.000000 3.000000 
0.000000 20.000000 10.000000 3.000000 
0.000000 20.000000 10.000000 3.000000 
0.000000 20.000000 10.000000 3.000000 
0.000000 20.000000 10.000000 3.000000 
0.000000 20.000000 10.000000 3.000000 
0.000000 20.000000 10.000000 3.000000 
0.000000 20.000000 10.000000 3.000000 
0.000000 20.000000 10.000000 3.000000 
0.000000 20.000000 10.000000 3.000000 
0.000000 20.000000 10.000000 3.000000 
0.000000 20.000000 10.000000 3.000000 
0.000000 20.000000 10.000000 3.000000 
0.000000 20.000000 10.000000 3.000000 
0.000000 20.000000 10.000000 3.000000 
0.000000 20.000000 10.000000 3.000000 
0.000000 20.000000 10.000000 3.000000 
0.000000 20.000000 10.000000 3.000000 
0.000000 20.000000 10.000000 3.000000 
0.000000 20.000000 10.000000 3.000000 
0.000000 20.000000 10.000000 3.000000 
1.410000 20.000000 10.000000 3.000000 
0.000000 20.000000 10.000000 3.000000 
0.690000 20.000000 10.000000 3.000000 
0.000000 20.000000 10.000000 3.000000 
0.000000 20.000000 10.000000 3.000000 
4.380000 20.000000 10.000000 3.000000 
3.060000 20.000000 10.000000 3.000000 
0.000000 20.000000 10.000000 3.000000 
0.000000 20.000000 10.000000 3.000000 
0.000000 20.000000 10.000000 3.000000 
0.000000 20.000000 10.000000 3.000000 
0.000000 20.000000 10.000000 3.000000 
0.000000 20.000000 10.000000 3.000000 
2.760000 20.000000 10.000000 3.000000 
0.000000 20.000000 10.000000 3.000000 
0.000000 20.000000 10.000000 3.000000 
0.000000 20.000000 10.000000 3.000000 
1.380000 20.000000 10.000000 3.000000 
0.000000 20.000000 10.000000 3.000000 
0.630000 20.000000 10.000000 3.000000 
0.000000 20.000000 10.000000 3.000000 
13.950001 20.000000 10.000000 3.000000 
1.020000 20.000000 10.000000 3.000000 
55.949997 20.000000 10.000000 3.000000 
0.000000 20.000000 10.000000 3.000000 
0.000000 20.000000 10.000000 3.000000 
0.000000 20.000000 10.000000 3.000000 
0.000000 20.000000 10.000000 3.000000 
0.000000 20.000000 10.000000 3.000000 
5.010000 20.000000 10.000000 3.000000 
5.460000 20.000000 10.000000 3.000000 
0.000000 20.000000 10.000000 3.000000 
1.110000 20.000000 10.000000 3.000000 
0.750000 20.000000 10.000000 3.000000 
14.670000 20.000000 10.000000 3.000000 
4.170000 20.000000 10.000000 3.000000 
1.650000 20.000000 10.000000 3.000000 
5.460000 20.000000 10.000000 3.000000 
0.120000 20.000000 10.000000 3.000000 
0.510000 20.000000 10.000000 3.000000 
6.120000 20.000000 10.000000 3.000000 
0.570000 20.000000 10.000000 3.000000 
4.710000 20.000000 10.000000 3.000000 
1.590000 20.000000 10.000000 3.000000 
2.190000 20.000000 10.000000 3.000000 
7.200000 20.000000 10.000000 3.000000 
8.280000 20.000000 10.000000 3.000000 
49.349998 20.000000 10.000000 3.000000 
1.920000 20.000000 10.000000 3.000000 
49.439999 20.000000 10.000000 3.000000 
168.630005 20.000000 10.000000 3.000000 
90.029999 20.000000 10.000000 3.000000 
0.000000 20.000000 10.000000 3.000000 
0.000000 20.000000 10.000000 3.000000 
3.480000 20.000000 10.000000 3.000000 
0.240000 20.000000 10.000000 3.000000 
2.160000 20.000000 10.000000 3.000000 
0.390000 20.000000 10.000000 3.000000 
0.000000 20.000000 10.000000 3.000000 
0.240000 20.000000 10.000000 3.000000 
0.000000 20.000000 10.000000 3.000000 
0.000000 20.000000 10.000000 3.000000 
0.000000 20.000000 10.000000 3.000000 
0.000000 20.000000 10.000000 3.000000 
0.000000 20.000000 10.000000 3.000000 
0.690000 20.000000 10.000000 3.000000 
0.000000 20.000000 10.000000 3.000000 
6.120000 20.000000 10.000000 3.000000 
1.140000 20.000000 10.000000 3.000000 
0.000000 20.000000 10.000000 3.000000 
0.960000 20.000000 10.000000 3.000000 
0.270000 20.000000 10.000000 3.000000 
0.000000 20.000000 10.000000 3.000000 
1.770000 20.000000 10.000000 3.000000 
2.580000 20.000000 10.000000 3.000000 
3.000000 20.000000 10.000000 3.000000 
14.160000 20.000000 10.000000 3.000000 
9.180000 20.000000 10.000000 3.000000 
4.590000 20.000000 10.000000 3.000000 
0.270000 20.000000 10.000000 3.000000 
0.030000 20.000000 10.000000 3.000000 
7.409999 20.000000 10.000000 3.000000 
0.030000 20.000000 10.000000 3.000000 
0.000000 20.000000 10.000000 3.000000 
37.619995 20.000000 10.000000 3.000000 
18.360001 20.000000 10.000000 3.000000 
38.159996 20.000000 10.000000 3.000000 
34.709999 20.000000 10.000000 3.000000 
29.070000 20.000000 10.000000 3.000000 
56.939999 20.000000 10.000000 3.000000 
12.750000 20.000000 10.000000 3.000000 
12.509998 20.000000 10.000000 3.000000 
0.000000 20.000000 10.000000 3.000000 
2.640000 20.000000 10.000000 3.000000 
36.750000 20.000000 10.000000 3.000000 
77.609993 20.000000 10.000000 3.000000 
3.660000 20.000000 10.000000 3.000000 
0.120000 20.000000 10.000000 3.000000 
3.840000 20.000000 10.000000 3.000000 
0.210000 20.000000 10.000000 3.000000 
0.390000 20.000000 10.000000 3.000000 
0.000000 20.000000 10.000000 3.000000 
5.400000 20.000000 10.000000 3.000000 
7.950000 20.000000 10.000000 3.000000 
0.000000 20.000000 10.000000 3.000000 
0.000000 20.000000 10.000000 3.000000 
0.000000 20.000000 10.000000 3.000000 
1.860000 20.000000 10.000000 3.000000 
0.900000 20.000000 10.000000 3.000000 
0.000000 20.000000 10.000000 3.000000 
0.930000 20.000000 10.000000 3.000000 
0.390000 20.000000 10.000000 3.000000 
0.000000 20.000000 10.000000 3.000000 
0.240000 20.000000 10.000000 3.000000 
0.000000 20.000000 10.000000 3.000000 
0.000000 20.000000 10.000000 3.000000 
0.000000 20.000000 10.000000 3.000000 
10.410000 20.000000 10.000000 3.000000 
6.749999 20.000000 10.000000 3.000000 
4.230000 20.000000 10.000000 3.000000 
0.000000 20.000000 10.000000 3.000000 
0.000000 20.000000 10.000000 3.000000 
0.300000 20.000000 10.000000 3.000000 
7.200000 20.000000 10.000000 3.000000 
3.750000 20.000000 10.000000 3.000000 
0.990000 20.000000 10.000000 3.000000 
0.060000 20.000000 10.000000 3.000000 
4.830000 20.000000 10.000000 3.000000 
60.510002 20.000000 10.000000 3.000000 
30.510000 20.000000 10.000000 3.000000 
3.810000 20.000000 10.000000 3.000000 
0.000000 20.000000 10.000000 3.000000 
0.000000 20.000000 10.000000 3.000000 
0.000000 20.000000 10.000000 3.000000 
0.000000 20.000000 10.000000 3.000000 
1.470000 20.000000 10.000000 3.000000 
0.000000 20.000000 10.000000 3.000000 
0.000000 20.000000 10.000000 3.000000 
0.000000 20.000000 10.000000 3.000000 
0.000000 20.000000 10.000000 3.000000 
0.000000 20.000000 10.000000 3.000000 
0.000000 20.000000 10.000000 3.000000 
3.600000 20.000000 10.000000 3.000000 
0.000000 20.000000 10.000000 3.000000 
0.000000 20.000000 10.000000 3.000000 
0.000000 20.000000 10.000000 3.000000 
0.060000 20.000000 10.000000 3.000000 
1.980000 20.000000 10.000000 3.000000 
0.000000 20.000000 10.000000 3.000000 
4.860000 20.000000 10.000000 3.000000 
17.940001 20.000000 10.000000 3.000000 
21.809999 20.000000 10.000000 3.000000 
7.980000 20.000000 10.000000 3.000000 
22.349998 20.000000 10.000000 3.000000 
19.590000 20.000000 10.000000 3.000000 
0.720000 20.000000 10.000000 3.000000 
6.150000 20.000000 10.000000 3.000000 
12.570000 20.000000 10.000000 3.000000 
25.170002 20.000000 10.000000 3.000000 
9.450000 20.000000 10.000000 3.000000 
0.000000 20.000000 10.000000 3.000000 
26.790001 20.000000 10.000000 3.000000 
0.000000 20.000000 10.000000 3.000000 
1.590000 20.000000 10.000000 3.000000 
0.840000 20.000000 10.000000 3.000000 
1.950000 20.000000 10.000000 3.000000 
0.000000 20.000000 10.000000 3.000000 
0.000000 20.000000 10.000000 3.000000 
0.060000 20.000000 10.000000 3.000000 
0.000000 20.000000 10.000000 3.000000 
0.000000 20.000000 10.000000 3.000000 
0.180000 20.000000 10.000000 3.000000 
0.240000 20.000000 10.000000 3.000000 
20.369999 20.000000 10.000000 3.000000 
53.010002 20.000000 10.000000 3.000000 
118.769989 20.000000 10.000000 3.000000 
10.139999 20.000000 10.000000 3.000000 
25.079998 20.000000 10.000000 3.000000 
45.420002 20.000000 10.000000 3.000000 
0.000000 20.000000 10.000000 3.000000 
0.090000 20.000000 10.000000 3.000000 
0.480000 20.000000 10.000000 3.000000 
0.000000 20.000000 10.000000 3.000000 
0.000000 20.000000 10.000000 3.000000 
0.390000 20.000000 10.000000 3.000000 
0.810000 20.000000 10.000000 3.000000 
75.059998 20.000000 10.000000 3.000000 
2.280000 20.000000 10.000000 3.000000 
6.690000 20.000000 10.000000 3.000000 
3.900000 20.000000 10.000000 3.000000 
1.050000 20.000000 10.000000 3.000000 
11.280000 20.000000 10.000000 3.000000 
6.389999 20.000000 10.000000 3.000000 
1.950000 20.000000 10.000000 3.000000 
4.950000 20.000000 10.000000 3.000000 
0.270000 20.000000 10.000000 3.000000 
3.810000 20.000000 10.000000 3.000000 
20.369999 20.000000 10.000000 3.000000 
2.100000 20.000000 10.000000 3.000000 
18.750000 20.000000 10.000000 3.000000 
0.000000 20.000000 10.000000 3.000000 
0.000000 20.000000 10.000000 3.000000 
0.600000 20.000000 10.000000 3.000000 
21.599998 20.000000 10.000000 3.000000 
34.409996 20.000000 10.000000 3.000000 
21.030001 20.000000 10.000000 3.000000 
0.810000 20.000000 10.000000 3.000000 
0.120000 20.000000 10.000000 3.000000 
0.180000 20.000000 10.000000 3.000000 
0.000000 20.000000 10.000000 3.000000 
0.000000 20.000000 10.000000 3.000000 
8.160000 20.000000 10.000000 3.000000 
13.110000 20.000000 10.000000 3.000000 
1.710000 20.000000 10.000000 3.000000 
0.360000 20.000000 10.000000 3.000000 
26.340000 20.000000 10.000000 3.000000 
30.780001 20.000000 10.000000 3.000000 
6.030000 20.000000 10.000000 3.000000 
28.590000 20.000000 10.000000 3.000000 
18.389999 20.000000 10.000000 3.000000 
5.100000 20.000000 10.000000 3.000000 
21.750000 20.000000 10.000000 3.000000 
0.000000 20.000000 10.000000 3.000000 
5.730000 20.000000 10.000000 3.000000 
2.580000 20.000000 10.000000 3.000000 
1.920000 20.000000 10.000000 3.000000 
0.000000 20.000000 10.000000 3.000000 
0.000000 20.000000 10.000000 3.000000 
9.270000 20.000000 10.000000 3.000000 
0.000000 20.000000 10.000000 3.000000 
3.330000 20.000000 10.000000 3.000000 
22.289999 20.000000 10.000000 3.000000 
17.250000 20.000000 10.000000 3.000000 
41.309998 20.000000 10.000000 3.000000 
6.180000 20.000000 10.000000 3.000000 
5.040000 20.000000 10.000000 3.000000 
0.000000 20.000000 10.000000 3.000000 
0.000000 20.000000 10.000000 3.000000 
0.990000 20.000000 10.000000 3.000000 
1.380000 20.000000 10.000000 3.000000 
1.350000 20.000000 10.000000 3.000000 
0.000000 20.000000 10.000000 3.000000 
0.390000 20.000000 10.000000 3.000000 
0.540000 20.000000 10.000000 3.000000 
4.470000 20.000000 10.000000 3.000000 
1.710000 20.000000 10.000000 3.000000 
0.630000 20.000000 10.000000 3.000000 
17.190001 20.000000 10.000000 3.000000 
16.740000 20.000000 10.000000 3.000000 
1.110000 20.000000 10.000000 3.000000 
0.000000 20.000000 10.000000 3.000000 
7.050000 20.000000 10.000000 3.000000 
1.050000 20.000000 10.000000 3.000000 
0.000000 20.000000 10.000000 3.000000 
0.000000 20.000000 10.000000 3.000000 
0.000000 20.000000 10.000000 3.000000 
0.000000 20.000000 10.000000 3.000000 
0.000000 20.000000 10.000000 3.000000 
0.000000 20.000000 10.000000 3.000000 
0.000000 20.000000 10.000000 3.000000 
0.330000 20.000000 10.000000 3.000000 
29.730000 20.000000 10.000000 3.000000 
66.750000 20.000000 10.000000 3.000000 
15.329999 20.000000 10.000000 3.000000 
0.240000 20.000000 10.000000 3.000000 
0.000000 20.000000 10.000000 3.000000 
12.870000 20.000000 10.000000 3.000000 
176.279999 20.000000 10.000000 3.000000 
58.709999 20.000000 10.000000 3.000000 
1.920000 20.000000 10.000000 3.000000 
1.260000 20.000000 10.000000 3.000000 
0.360000 20.000000 10.000000 3.000000 
2.160000 20.000000 10.000000 3.000000 
0.840000 20.000000 10.000000 3.000000 
0.000000 20.000000 10.000000 3.000000 
0.000000 20.000000 10.000000 3.000000 
0.000000 20.000000 10.000000 3.000000 
0.000000 20.000000 10.000000 3.000000 
0.000000 20.000000 10.000000 3.000000 
0.000000 20.000000 10.000000 3.000000 
0.000000 20.000000 10.000000 3.000000 
0.000000 20.000000 10.000000 3.000000 
0.000000 20.000000 10.000000 3.000000 
0.000000 20.000000 10.000000 3.000000 
5.460000 20.000000 10.000000 3.000000 
50.399998 20.000000 10.000000 3.000000 
82.889999 20.000000 10.000000 3.000000 
31.649998 20.000000 10.000000 3.000000 
2.100000 20.000000 10.000000 3.000000 
0.540000 20.000000 10.000000 3.000000 
0.000000 20.000000 10.000000 3.000000 
0.000000 20.000000 10.000000 3.000000 
2.310000 20.000000 10.000000 3.000000 
0.690000 20.000000 10.000000 3.000000 
0.000000 20.000000 10.000000 3.000000 
0.000000 20.000000 10.000000 3.000000 
0.000000 20.000000 10.000000 3.000000 
0.000000 20.000000 10.000000 3.000000 
0.000000 20.000000 10.000000 3.000000 
0.000000 20.000000 10.000000 3.000000 
0.000000 20.000000 10.000000 3.000000 
0.000000 20.000000 10.000000 3.000000 
0.000000 20.000000 10.000000 3.000000 
0.000000 20.000000 10.000000 3.000000 
0.000000 20.000000 10.000000 3.000000 
0.000000 20.000000 10.000000 3.000000 
1.590000 20.000000 10.000000 3.000000 
0.000000 20.000000 10.000000 3.000000 
0.270000 20.000000 10.000000 3.000000 
0.360000 20.000000 10.000000 3.000000 
0.360000 20.000000 10.000000 3.000000 
1.080000 20.000000 10.000000 3.000000 
0.150000 20.000000 10.000000 3.000000 
1.110000 20.000000 10.000000 3.000000 
0.000000 20.000000 10.000000 3.000000 
0.420000 20.000000 10.000000 3.000000 
0.630000 20.000000 10.000000 3.000000 
0.000000 20.000000 10.000000 3.000000 
0.000000 20.000000 10.000000 3.000000 
0.870000 20.000000 10.000000 3.000000 
7.800000 20.000000 10.000000 3.000000 
0.090000 20.000000 10.000000 3.000000 
0.000000 20.000000 10.000000 3.000000 
4.290000 20.000000 10.000000 3.000000 
0.000000 20.000000 10.000000 3.000000 
5.160000 20.000000 10.000000 3.000000 
6.840000 20.000000 10.000000 3.000000 
8.249999 20.000000 10.000000 3.000000 
7.380000 20.000000 10.000000 3.000000 
8.700000 20.000000 10.000000 3.000000 
1.560000 20.000000 10.000000 3.000000 
0.210000 20.000000 10.000000 3.000000 
0.210000 20.000000 10.000000 3.000000 
0.000000 20.000000 10.000000 3.000000 
4.260000 20.000000 10.000000 3.000000 
0.090000 20.000000 10.000000 3.000000 
0.000000 20.000000 10.000000 3.000000 
0.600000 20.000000 10.000000 3.000000 
0.150000 20.000000 10.000000 3.000000 
1.530000 20.000000 10.000000 3.000000 
0.000000 20.000000 10.000000 3.000000 
6.090000 20.000000 10.000000 3.000000 
0.000000 20.000000 10.000000 3.000000 
5.340000 20.000000 10.000000 3.000000 
5.670000 20.000000 10.000000 3.000000 
3.570000 20.000000 10.000000 3.000000 
5.730000 20.000000 10.000000 3.000000 
12.480000 20.000000 10.000000 3.000000 
1.740000 20.000000 10.000000 3.000000 
0.300000 20.000000 10.000000 3.000000 
10.470000 20.000000 10.000000 3.000000 
8.160000 20.000000 10.000000 3.000000 
13.230000 20.000000 10.000000 3.000000 
0.060000 20.000000 10.000000 3.000000 
0.390000 20.000000 10.000000 3.000000 
0.000000 20.000000 10.000000 3.000000 
2.910000 20.000000 10.000000 3.000000 
2.340000 20.000000 10.000000 3.000000 
0.000000 20.000000 10.000000 3.000000 
0.000000 20.000000 10.000000 3.000000 
0.000000 20.000000 10.000000 3.000000 
1.740000 20.000000 10.000000 3.000000 
0.390000 20.000000 10.000000 3.000000 
0.000000 20.000000 10.000000 3.000000 
0.360000 20.000000 10.000000 3.000000 
5.520000 20.000000 10.000000 3.000000 
0.000000 20.000000 10.000000 3.000000 
0.000000 20.000000 10.000000 3.000000 
1.920000 20.000000 10.000000 3.000000 
23.610001 20.000000 10.000000 3.000000 
18.990000 20.000000 10.000000 3.000000 
50.519997 20.000000 10.000000 3.000000 
49.439999 20.000000 10.000000 3.000000 
28.799999 20.000000 10.000000 3.000000 
0.270000 20.000000 10.000000 3.000000 
0.000000 20.000000 10.000000 3.000000 
0.000000 20.000000 10.000000 3.000000 
0.000000 20.000000 10.000000 3.000000 
0.000000 20.000000 10.000000 3.000000 
0.870000 20.000000 10.000000 3.000000 
0.900000 20.000000 10.000000 3.000000 
1.080000 20.000000 10.000000 3.000000 
2.190000 20.000000 10.000000 3.000000 
0.060000 20.000000 10.000000 3.000000 
0.540000 20.000000 10.000000 3.000000 
1.290000 20.000000 10.000000 3.000000 
0.000000 20.000000 10.000000 3.000000 
0.000000 20.000000 10.000000 3.000000 
0.000000 20.000000 10.000000 3.000000 
0.870000 20.000000 10.000000 3.000000 
0.000000 20.000000 10.000000 3.000000 
0.000000 20.000000 10.000000 3.000000 
0.000000 20.000000 10.000000 3.000000 
0.000000 20.000000 10.000000 3.000000 
0.000000 20.000000 10.000000 3.000000 
0.000000 20.000000 10.000000 3.000000 
1.350000 20.000000 10.000000 3.000000 
41.880001 20.000000 10.000000 3.000000 
40.500000 20.000000 10.000000 3.000000 
18.209999 20.000000 10.000000 3.000000 
9.000000 20.000000 10.000000 3.000000 
92.190002 20.000000 10.000000 3.000000 
22.559999 20.000000 10.000000 3.000000 
28.469999 20.000000 10.000000 3.000000 
5.850000 20.000000 10.000000 3.000000 
0.750000 20.000000 10.000000 3.000000 
0.510000 20.000000 10.000000 3.000000 
0.900000 20.000000 10.000000 3.000000 
0.000000 20.000000 10.000000 3.000000 
0.000000 20.000000 10.000000 3.000000 
0.060000 20.000000 10.000000 3.000000 
0.000000 20.000000 10.000000 3.000000 
2.040000 20.000000 10.000000 3.000000 
0.600000 20.000000 10.000000 3.000000 
0.000000 20.000000 10.000000 3.000000 
0.330000 20.000000 10.000000 3.000000 
0.000000 20.000000 10.000000 3.000000 
0.240000 20.000000 10.000000 3.000000 
0.240000 20.000000 10.000000 3.000000 
0.330000 20.000000 10.000000 3.000000 
0.090000 20.000000 10.000000 3.000000 
0.000000 20.000000 10.000000 3.000000 
0.000000 20.000000 10.000000 3.000000 
0.030000 20.000000 10.000000 3.000000 
0.000000 20.000000 10.000000 3.000000 
0.000000 20.000000 10.000000 3.000000 
0.000000 20.000000 10.000000 3.000000 
3.240000 20.000000 10.000000 3.000000 
28.169998 20.000000 10.000000 3.000000 
7.620000 20.000000 10.000000 3.000000 
14.400000 20.000000 10.000000 3.000000 
0.000000 20.000000 10.000000 3.000000 
0.000000 20.000000 10.000000 3.000000 
23.730000 20.000000 10.000000 3.000000 
71.100006 20.000000 10.000000 3.000000 
47.609997 20.000000 10.000000 3.000000 
7.320000 20.000000 10.000000 3.000000 
2.730000 20.000000 10.000000 3.000000 
1.020000 20.000000 10.000000 3.000000 
0.060000 20.000000 10.000000 3.000000 
0.030000 20.000000 10.000000 3.000000 
1.350000 20.000000 10.000000 3.000000 
1.410000 20.000000 10.000000 3.000000 
0.570000 20.000000 10.000000 3.000000 
4.830000 20.000000 10.000000 3.000000 
20.400000 20.000000 10.000000 3.000000 
15.539998 20.000000 10.000000 3.000000 
7.590000 20.000000 10.000000 3.000000 
0.210000 20.000000 10.000000 3.000000 
0.000000 20.000000 10.000000 3.000000 
0.000000 20.000000 10.000000 3.000000 
0.000000 20.000000 10.000000 3.000000 
0.000000 20.000000 10.000000 3.000000 
0.000000 20.000000 10.000000 3.000000 
0.000000 20.000000 10.000000 3.000000 
1.740000 20.000000 10.000000 3.000000 
0.000000 20.000000 10.000000 3.000000 
0.000000 20.000000 10.000000 3.000000 
0.240000 20.000000 10.000000 3.000000 
1.170000 20.000000 10.000000 3.000000 
0.780000 20.000000 10.000000 3.000000 
0.150000 20.000000 10.000000 3.000000 
0.000000 20.000000 10.000000 3.000000 
0.000000 20.000000 10.000000 3.000000 
1.170000 20.000000 10.000000 3.000000 
0.090000 20.000000 10.000000 3.000000 
7.139999 20.000000 10.000000 3.000000 
11.219999 20.000000 10.000000 3.000000 
0.450000 20.000000 10.000000 3.000000 
0.000000 20.000000 10.000000 3.000000 
0.000000 20.000000 10.000000 3.000000 
26.699999 20.000000 10.000000 3.000000 
0.120000 20.000000 10.000000 3.000000 
0.000000 20.000000 10.000000 3.000000 
0.000000 20.000000 10.000000 3.000000 
3.540000 20.000000 10.000000 3.000000 
0.120000 20.000000 10.000000 3.000000 
1.050000 20.000000 10.000000 3.000000 
6.990000 20.000000 10.000000 3.000000 
0.000000 20.000000 10.000000 3.000000 
0.360000 20.000000 10.000000 3.000000 
76.229996 20.000000 10.000000 3.000000 
4.920000 20.000000 10.000000 3.000000 
130.290009 20.000000 10.000000 3.000000 
44.999996 20.000000 10.000000 3.000000 
78.449997 20.000000 10.000000 3.000000 
4.800000 20.000000 10.000000 3.000000 
4.500000 20.000000 10.000000 3.000000 
38.580002 20.000000 10.000000 3.000000 
2.550000 20.000000 10.000000 3.000000 
0.000000 20.000000 10.000000 3.000000 
1.800000 20.000000 10.000000 3.000000 
0.120000 20.000000 10.000000 3.000000 
0.210000 20.000000 10.000000 3.000000 
2.670000 20.000000 10.000000 3.000000 
0.000000 20.000000 10.000000 3.000000 
6.870000 20.000000 10.000000 3.000000 
67.289993 20.000000 10.000000 3.000000 
70.470001 20.000000 10.000000 3.000000 
32.610001 20.000000 10.000000 3.000000 
58.649998 20.000000 10.000000 3.000000 
0.000000 20.000000 10.000000 3.000000 
0.000000 20.000000 10.000000 3.000000 
0.000000 20.000000 10.000000 3.000000 
0.060000 20.000000 10.000000 3.000000 
12.449999 20.000000 10.000000 3.000000 
0.000000 20.000000 10.000000 3.000000 
0.480000 20.000000 10.000000 3.000000 
2.670000 20.000000 10.000000 3.000000 
5.190000 20.000000 10.000000 3.000000 
0.060000 20.000000 10.000000 3.000000 
3.780000 20.000000 10.000000 3.000000 
0.000000 20.000000 10.000000 3.000000 
0.000000 20.000000 10.000000 3.000000 
0.000000 20.000000 10.000000 3.000000 
0.000000 20.000000 10.000000 3.000000 
0.060000 20.000000 10.000000 3.000000 
0.000000 20.000000 10.000000 3.000000 
0.000000 20.000000 10.000000 3.000000 
8.580000 20.000000 10.000000 3.000000 
22.019999 20.000000 10.000000 3.000000 
0.000000 20.000000 10.000000 3.000000 
0.060000 20.000000 10.000000 3.000000 
6.420000 20.000000 10.000000 3.000000 
31.290001 20.000000 10.000000 3.000000 
82.080002 20.000000 10.000000 3.000000 
15.539999 20.000000 10.000000 3.000000 
0.000000 20.000000 10.000000 3.000000 
0.000000 20.000000 10.000000 3.000000 
0.000000 20.000000 10.000000 3.000000 
17.160000 20.000000 10.000000 3.000000 
15.839999 20.000000 10.000000 3.000000 
0.000000 20.000000 10.000000 3.000000 
19.079998 20.000000 10.000000 3.000000 
15.570000 20.000000 10.000000 3.000000 
18.329998 20.000000 10.000000 3.000000 
5.910000 20.000000 10.000000 3.000000 
0.000000 20.000000 10.000000 3.000000 
0.180000 20.000000 10.000000 3.000000 
7.529999 20.000000 10.000000 3.000000 
4.440000 20.000000 10.000000 3.000000 
0.000000 20.000000 10.000000 3.000000 
0.000000 20.000000 10.000000 3.000000 
0.000000 20.000000 10.000000 3.000000 
0.000000 20.000000 10.000000 3.000000 
0.000000 20.000000 10.000000 3.000000 
0.000000 20.000000 10.000000 3.000000 
0.000000 20.000000 10.000000 3.000000 
0.000000 20.000000 10.000000 3.000000 
0.000000 20.000000 10.000000 3.000000 
0.000000 20.000000 10.000000 3.000000 
0.000000 20.000000 10.000000 3.000000 
0.000000 20.000000 10.000000 3.000000 
0.000000 20.000000 10.000000 3.000000 
0.000000 20.000000 10.000000 3.000000 
0.000000 20.000000 10.000000 3.000000 
5.010000 20.000000 10.000000 3.000000 
0.480000 20.000000 10.000000 3.000000 
1.440000 20.000000 10.000000 3.000000 
1.230000 20.000000 10.000000 3.000000 
0.060000 20.000000 10.000000 3.000000 
0.000000 20.000000 10.000000 3.000000 
0.870000 20.000000 10.000000 3.000000 
0.000000 20.000000 10.000000 3.000000 
0.000000 20.000000 10.000000 3.000000 
0.000000 20.000000 10.000000 3.000000 
0.000000 20.000000 10.000000 3.000000 
4.050000 20.000000 10.000000 3.000000 
4.500000 20.000000 10.000000 3.000000 
0.000000 20.000000 10.000000 3.000000 
0.000000 20.000000 10.000000 3.000000 
0.000000 20.000000 10.000000 3.000000 
1.560000 20.000000 10.000000 3.000000 
0.090000 20.000000 10.000000 3.000000 
0.510000 20.000000 10.000000 3.000000 
0.330000 20.000000 10.000000 3.000000 
4.800000 20.000000 10.000000 3.000000 
3.810000 20.000000 10.000000 3.000000 
1.110000 20.000000 10.000000 3.000000 
23.460001 20.000000 10.000000 3.000000 
3.510000 20.000000 10.000000 3.000000 
7.440000 20.000000 10.000000 3.000000 
39.480000 20.000000 10.000000 3.000000 
36.779999 20.000000 10.000000 3.000000 
73.020004 20.000000 10.000000 3.000000 
28.080002 20.000000 10.000000 3.000000 
0.000000 20.000000 10.000000 3.000000 
0.000000 20.000000 10.000000 3.000000 
0.000000 20.000000 10.000000 3.000000 
0.330000 20.000000 10.000000 3.000000 
0.210000 20.000000 10.000000 3.000000 
2.940000 20.000000 10.000000 3.000000 
0.000000 20.000000 10.000000 3.000000 
0.270000 20.000000 10.000000 3.000000 
0.000000 20.000000 10.000000 3.000000 
0.000000 20.000000 10.000000 3.000000 
3.330000 20.000000 10.000000 3.000000 
3.840000 20.000000 10.000000 3.000000 
29.040001 20.000000 10.000000 3.000000 
56.909996 20.000000 10.000000 3.000000 
50.909996 20.000000 10.000000 3.000000 
19.799999 20.000000 10.000000 3.000000 
3.450000 20.000000 10.000000 3.000000 
4.380000 20.000000 10.000000 3.000000 
0.600000 20.000000 10.000000 3.000000 
4.110000 20.000000 10.000000 3.000000 
0.180000 20.000000 10.000000 3.000000 
0.000000 20.000000 10.000000 3.000000 
3.360000 20.000000 10.000000 3.000000 
16.139999 20.000000 10.000000 3.000000 
31.889997 20.000000 10.000000 3.000000 
41.699997 20.000000 10.000000 3.000000 
23.699999 20.000000 10.000000 3.000000 
8.579999 20.000000 10.000000 3.000000 
1.260000 20.000000 10.000000 3.000000 
0.630000 20.000000 10.000000 3.000000 
0.000000 20.000000 10.000000 3.000000 
0.000000 20.000000 10.000000 3.000000 
0.000000 20.000000 10.000000 3.000000 
4.740000 20.000000 10.000000 3.000000 
2.940000 20.000000 10.000000 3.000000 
26.070002 20.000000 10.000000 3.000000 
101.610001 20.000000 10.000000 3.000000 
0.090000 20.000000 10.000000 3.000000 
5.100000 20.000000 10.000000 3.000000 
0.090000 20.000000 10.000000 3.000000 
3.450000 20.000000 10.000000 3.000000 
0.000000 20.000000 10.000000 3.000000 
0.030000 20.000000 10.000000 3.000000 
0.000000 20.000000 10.000000 3.000000 
0.000000 20.000000 10.000000 3.000000 
0.000000 20.000000 10.000000 3.000000 
0.000000 20.000000 10.000000 3.000000 
0.000000 20.000000 10.000000 3.000000 
2.580000 20.000000 10.000000 3.000000 
0.000000 20.000000 10.000000 3.000000 
0.000000 20.000000 10.000000 3.000000 
0.000000 20.000000 10.000000 3.000000 
0.000000 20.000000 10.000000 3.000000 
0.000000 20.000000 10.000000 3.000000 
0.000000 20.000000 10.000000 3.000000 
0.000000 20.000000 10.000000 3.000000 
0.540000 20.000000 10.000000 3.000000 
0.240000 20.000000 10.000000 3.000000 
12.839999 20.000000 10.000000 3.000000 
15.030001 20.000000 10.000000 3.000000 
1.860000 20.000000 10.000000 3.000000 
2.640000 20.000000 10.000000 3.000000 
0.000000 20.000000 10.000000 3.000000 
1.050000 20.000000 10.000000 3.000000 
28.469999 20.000000 10.000000 3.000000 
15.059999 20.000000 10.000000 3.000000 
0.000000 20.000000 10.000000 3.000000 
0.000000 20.000000 10.000000 3.000000 
0.210000 20.000000 10.000000 3.000000 
11.100000 20.000000 10.000000 3.000000 
0.000000 20.000000 10.000000 3.000000 
0.000000 20.000000 10.000000 3.000000 
0.000000 20.000000 10.000000 3.000000 
0.000000 20.000000 10.000000 3.000000 
0.000000 20.000000 10.000000 3.000000 
0.000000 20.000000 10.000000 3.000000 
0.090000 20.000000 10.000000 3.000000 
0.000000 20.000000 10.000000 3.000000 
0.000000 20.000000 10.000000 3.000000 
0.000000 20.000000 10.000000 3.000000 
0.000000 20.000000 10.000000 3.000000 
0.000000 20.000000 10.000000 3.000000 
7.590000 20.000000 10.000000 3.000000 
0.000000 20.000000 10.000000 3.000000 
0.000000 20.000000 10.000000 3.000000 
0.030000 20.000000 10.000000 3.000000 
0.000000 20.000000 10.000000 3.000000 
1.470000 20.000000 10.000000 3.000000 
0.000000 20.000000 10.000000 3.000000 
0.000000 20.000000 10.000000 3.000000 
0.540000 20.000000 10.000000 3.000000 
1.050000 20.000000 10.000000 3.000000 
0.000000 20.000000 10.000000 3.000000 
1.380000 20.000000 10.000000 3.000000 
0.000000 20.000000 10.000000 3.000000 
0.000000 20.000000 10.000000 3.000000 
0.000000 20.000000 10.000000 3.000000 
0.000000 20.000000 10.000000 3.000000 
0.000000 20.000000 10.000000 3.000000 
0.000000 20.000000 10.000000 3.000000 
0.000000 20.000000 10.000000 3.000000 
4.830000 20.000000 10.000000 3.000000 
0.000000 20.000000 10.000000 3.000000 
0.000000 20.000000 10.000000 3.000000 
0.000000 20.000000 10.000000 3.000000 
0.000000 20.000000 10.000000 3.000000 
0.000000 20.000000 10.000000 3.000000 
0.000000 20.000000 10.000000 3.000000 
0.000000 20.000000 10.000000 3.000000 
0.000000 20.000000 10.000000 3.000000 
0.000000 20.000000 10.000000 3.000000 
0.000000 20.000000 10.000000 3.000000 
0.000000 20.000000 10.000000 3.000000 
0.090000 20.000000 10.000000 3.000000 
0.000000 20.000000 10.000000 3.000000 
0.000000 20.000000 10.000000 3.000000 
0.000000 20.000000 10.000000 3.000000 
0.000000 20.000000 10.000000 3.000000 
0.000000 20.000000 10.000000 3.000000 
0.000000 20.000000 10.000000 3.000000 
0.000000 20.000000 10.000000 3.000000 
0.000000 20.000000 10.000000 3.000000 
0.000000 20.000000 10.000000 3.000000 
0.000000 20.000000 10.000000 3.000000 
5.850000 20.000000 10.000000 3.000000 
3.000000 20.000000 10.000000 3.000000 
0.000000 20.000000 10.000000 3.000000 
0.120000 20.000000 10.000000 3.000000 
0.720000 20.000000 10.000000 3.000000 
0.000000 20.000000 10.000000 3.000000 
0.000000 20.000000 10.000000 3.000000 
55.320000 20.000000 10.000000 3.000000 
0.840000 20.000000 10.000000 3.000000 
0.000000 20.000000 10.000000 3.000000 
0.000000 20.000000 10.000000 3.000000 
0.000000 20.000000 10.000000 3.000000 
0.000000 20.000000 10.000000 3.000000 
0.000000 20.000000 10.000000 3.000000 
0.000000 20.000000 10.000000 3.000000 
0.000000 20.000000 10.000000 3.000000 
0.270000 20.000000 10.000000 3.000000 
0.000000 20.000000 10.000000 3.000000 
23.820000 20.000000 10.000000 3.000000 
0.000000 20.000000 10.000000 3.000000 
0.000000 20.000000 10.000000 3.000000 
0.000000 20.000000 10.000000 3.000000 
0.000000 20.000000 10.000000 3.000000 
0.000000 20.000000 10.000000 3.000000 
7.620000 20.000000 10.000000 3.000000 
0.990000 20.000000 10.000000 3.000000 
0.000000 20.000000 10.000000 3.000000 
2.700000 20.000000 10.000000 3.000000 
0.000000 20.000000 10.000000 3.000000 
0.000000 20.000000 10.000000 3.000000 
0.000000 20.000000 10.000000 3.000000 
0.930000 20.000000 10.000000 3.000000 
0.000000 20.000000 10.000000 3.000000 
3.090000 20.000000 10.000000 3.000000 
0.000000 20.000000 10.000000 3.000000 
0.030000 20.000000 10.000000 3.000000 
1.500000 20.000000 10.000000 3.000000 
8.400000 20.000000 10.000000 3.000000 
22.500000 20.000000 10.000000 3.000000 
52.739994 20.000000 10.000000 3.000000 
93.989998 20.000000 10.000000 3.000000 
62.879997 20.000000 10.000000 3.000000 
29.010000 20.000000 10.000000 3.000000 
5.940000 20.000000 10.000000 3.000000 
4.590000 20.000000 10.000000 3.000000 
0.750000 20.000000 10.000000 3.000000 
1.860000 20.000000 10.000000 3.000000 
0.000000 20.000000 10.000000 3.000000 
0.000000 20.000000 10.000000 3.000000 
0.000000 20.000000 10.000000 3.000000 
10.980000 20.000000 10.000000 3.000000 
0.000000 20.000000 10.000000 3.000000 
0.000000 20.000000 10.000000 3.000000 
0.000000 20.000000 10.000000 3.000000 
0.000000 20.000000 10.000000 3.000000 
2.790000 20.000000 10.000000 3.000000 
0.000000 20.000000 10.000000 3.000000 
0.000000 20.000000 10.000000 3.000000 
0.210000 20.000000 10.000000 3.000000 
0.000000 20.000000 10.000000 3.000000 
0.000000 20.000000 10.000000 3.000000 
0.000000 20.000000 10.000000 3.000000 
0.000000 20.000000 10.000000 3.000000 
22.799999 20.000000 10.000000 3.000000 
0.600000 20.000000 10.000000 3.000000 
0.060000 20.000000 10.000000 3.000000 
0.000000 20.000000 10.000000 3.000000 
0.000000 20.000000 10.000000 3.000000 
0.210000 20.000000 10.000000 3.000000 
0.000000 20.000000 10.000000 3.000000 
0.000000 20.000000 10.000000 3.000000 
0.000000 20.000000 10.000000 3.000000 
0.150000 20.000000 10.000000 3.000000 
3.420000 20.000000 10.000000 3.000000 
26.070000 20.000000 10.000000 3.000000 
13.170000 20.000000 10.000000 3.000000 
0.000000 20.000000 10.000000 3.000000 
32.430000 20.000000 10.000000 3.000000 
43.799995 20.000000 10.000000 3.000000 
23.130001 20.000000 10.000000 3.000000 
26.969999 20.000000 10.000000 3.000000 
22.889999 20.000000 10.000000 3.000000 
8.789999 20.000000 10.000000 3.000000 
0.000000 20.000000 10.000000 3.000000 
0.000000 20.000000 10.000000 3.000000 
0.000000 20.000000 10.000000 3.000000 
19.769999 20.000000 10.000000 3.000000 
169.350006 20.000000 10.000000 3.000000 
95.430000 20.000000 10.000000 3.000000 
44.040001 20.000000 10.000000 3.000000 
5.550000 20.000000 10.000000 3.000000 
2.040000 20.000000 10.000000 3.000000 
0.000000 20.000000 10.000000 3.000000 
0.180000 20.000000 10.000000 3.000000 
0.960000 20.000000 10.000000 3.000000 
0.000000 20.000000 10.000000 3.000000 
0.000000 20.000000 10.000000 3.000000 
0.000000 20.000000 10.000000 3.000000 
0.000000 20.000000 10.000000 3.000000 
0.990000 20.000000 10.000000 3.000000 
0.120000 20.000000 10.000000 3.000000 
20.219999 20.000000 10.000000 3.000000 
0.000000 20.000000 10.000000 3.000000 
0.000000 20.000000 10.000000 3.000000 
0.000000 20.000000 10.000000 3.000000 
1.110000 20.000000 10.000000 3.000000 
0.000000 20.000000 10.000000 3.000000 
8.370000 20.000000 10.000000 3.000000 
0.000000 20.000000 10.000000 3.000000 
0.000000 20.000000 10.000000 3.000000 
0.000000 20.000000 10.000000 3.000000 
0.000000 20.000000 10.000000 3.000000 
0.000000 20.000000 10.000000 3.000000 
17.670000 20.000000 10.000000 3.000000 
0.000000 20.000000 10.000000 3.000000 
0.660000 20.000000 10.000000 3.000000 
3.060000 20.000000 10.000000 3.000000 
68.760010 20.000000 10.000000 3.000000 
5.670000 20.000000 10.000000 3.000000 
0.240000 20.000000 10.000000 3.000000 
0.000000 20.000000 10.000000 3.000000 
26.130001 20.000000 10.000000 3.000000 
49.379997 20.000000 10.000000 3.000000 
23.010000 20.000000 10.000000 3.000000 
37.710003 20.000000 10.000000 3.000000 
0.000000 20.000000 10.000000 3.000000 
0.000000 20.000000 10.000000 3.000000 
0.000000 20.000000 10.000000 3.000000 
0.000000 20.000000 10.000000 3.000000 
0.090000 20.000000 10.000000 3.000000 
0.000000 20.000000 10.000000 3.000000 
0.000000 20.000000 10.000000 3.000000 
0.000000 20.000000 10.000000 3.000000 
0.000000 20.000000 10.000000 3.000000 
0.000000 20.000000 10.000000 3.000000 
0.000000 20.000000 10.000000 3.000000 
1.140000 20.000000 10.000000 3.000000 
0.570000 20.000000 10.000000 3.000000 
0.000000 20.000000 10.000000 3.000000 
10.680000 20.000000 10.000000 3.000000 
0.000000 20.000000 10.000000 3.000000 
0.000000 20.000000 10.000000 3.000000 
0.000000 20.000000 10.000000 3.000000 
0.030000 20.000000 10.000000 3.000000 
0.000000 20.000000 10.000000 3.000000 
0.000000 20.000000 10.000000 3.000000 
0.000000 20.000000 10.000000 3.000000 
0.000000 20.000000 10.000000 3.000000 
0.150000 20.000000 10.000000 3.000000 
0.000000 20.000000 10.000000 3.000000 
0.000000 20.000000 10.000000 3.000000 
0.000000 20.000000 10.000000 3.000000 
1.380000 20.000000 10.000000 3.000000 
0.120000 20.000000 10.000000 3.000000 
0.000000 20.000000 10.000000 3.000000 
0.000000 20.000000 10.000000 3.000000 
0.000000 20.000000 10.000000 3.000000 
6.960000 20.000000 10.000000 3.000000 
0.300000 20.000000 10.000000 3.000000 
0.780000 20.000000 10.000000 3.000000 
2.310000 20.000000 10.000000 3.000000 
0.000000 20.000000 10.000000 3.000000 
0.000000 20.000000 10.000000 3.000000 
7.110000 20.000000 10.000000 3.000000 
35.099998 20.000000 10.000000 3.000000 
21.149998 20.000000 10.000000 3.000000 
0.000000 20.000000 10.000000 3.000000 
0.000000 20.000000 10.000000 3.000000 
0.000000 20.000000 10.000000 3.000000 
0.000000 20.000000 10.000000 3.000000 
1.680000 20.000000 10.000000 3.000000 
13.170000 20.000000 10.000000 3.000000 
4.470000 20.000000 10.000000 3.000000 
0.180000 20.000000 10.000000 3.000000 
3.480000 20.000000 10.000000 3.000000 
0.000000 20.000000 10.000000 3.000000 
0.000000 20.000000 10.000000 3.000000 
0.000000 20.000000 10.000000 3.000000 
16.949999 20.000000 10.000000 3.000000 
1.440000 20.000000 10.000000 3.000000 
40.500000 20.000000 10.000000 3.000000 
1.560000 20.000000 10.000000 3.000000 
0.000000 20.000000 10.000000 3.000000 
0.000000 20.000000 10.000000 3.000000 
0.000000 20.000000 10.000000 3.000000 
0.000000 20.000000 10.000000 3.000000 
0.000000 20.000000 10.000000 3.000000 
0.000000 20.000000 10.000000 3.000000 
0.000000 20.000000 10.000000 3.000000 
0.240000 20.000000 10.000000 3.000000 
0.210000 20.000000 10.000000 3.000000 
0.000000 20.000000 10.000000 3.000000 
20.219999 20.000000 10.000000 3.000000 
0.000000 20.000000 10.000000 3.000000 
2.400000 20.000000 10.000000 3.000000 
0.330000 20.000000 10.000000 3.000000 
7.920000 20.000000 10.000000 3.000000 
61.349991 20.000000 10.000000 3.000000 
17.189999 20.000000 10.000000 3.000000 
2.220000 20.000000 10.000000 3.000000 
0.000000 20.000000 10.000000 3.000000 
0.360000 20.000000 10.000000 3.000000 
0.000000 20.000000 10.000000 3.000000 
1.470000 20.000000 10.000000 3.000000 
0.150000 20.000000 10.000000 3.000000 
0.540000 20.000000 10.000000 3.000000 
2.040000 20.000000 10.000000 3.000000 
0.000000 20.000000 10.000000 3.000000 
0.000000 20.000000 10.000000 3.000000 
0.000000 20.000000 10.000000 3.000000 
0.000000 20.000000 10.000000 3.000000 
0.000000 20.000000 10.000000 3.000000 
0.000000 20.000000 10.000000 3.000000 
0.000000 20.000000 10.000000 3.000000 
0.000000 20.000000 10.000000 3.000000 
0.000000 20.000000 10.000000 3.000000 
3.360000 20.000000 10.000000 3.000000 
4.380000 20.000000 10.000000 3.000000 
0.000000 20.000000 10.000000 3.000000 
0.000000 20.000000 10.000000 3.000000 
0.000000 20.000000 10.000000 3.000000 
13.049998 20.000000 10.000000 3.000000 
16.860001 20.000000 10.000000 3.000000 
9.059999 20.000000 10.000000 3.000000 
0.000000 20.000000 10.000000 3.000000 
0.030000 20.000000 10.000000 3.000000 
0.000000 20.000000 10.000000 3.000000 
0.000000 20.000000 10.000000 3.000000 
0.000000 20.000000 10.000000 3.000000 
0.000000 20.000000 10.000000 3.000000 
0.000000 20.000000 10.000000 3.000000 
0.000000 20.000000 10.000000 3.000000 
0.150000 20.000000 10.000000 3.000000 
0.000000 20.000000 10.000000 3.000000 
7.530000 20.000000 10.000000 3.000000 
6.120000 20.000000 10.000000 3.000000 
0.000000 20.000000 10.000000 3.000000 
0.000000 20.000000 10.000000 3.000000 
0.210000 20.000000 10.000000 3.000000 
1.320000 20.000000 10.000000 3.000000 
5.820000 20.000000 10.000000 3.000000 
0.000000 20.000000 10.000000 3.000000 
0.030000 20.000000 10.000000 3.000000 
0.120000 20.000000 10.000000 3.000000 
0.000000 20.000000 10.000000 3.000000 
0.000000 20.000000 10.000000 3.000000 
19.289999 20.000000 10.000000 3.000000 
33.959999 20.000000 10.000000 3.000000 
0.000000 20.000000 10.000000 3.000000 
0.000000 20.000000 10.000000 3.000000 
0.960000 20.000000 10.000000 3.000000 
1.050000 20.000000 10.000000 3.000000 
0.000000 20.000000 10.000000 3.000000 
0.000000 20.000000 10.000000 3.000000 
6.600000 20.000000 10.000000 3.000000 
2.040000 20.000000 10.000000 3.000000 
0.000000 20.000000 10.000000 3.000000 
0.000000 20.000000 10.000000 3.000000 
0.000000 20.000000 10.000000 3.000000 
0.000000 20.000000 10.000000 3.000000 
5.370000 20.000000 10.000000 3.000000 
0.960000 20.000000 10.000000 3.000000 
0.720000 20.000000 10.000000 3.000000 
1.560000 20.000000 10.000000 3.000000 
1.590000 20.000000 10.000000 3.000000 
0.030000 20.000000 10.000000 3.000000 
0.000000 20.000000 10.000000 3.000000 
0.420000 20.000000 10.000000 3.000000 
10.860000 20.000000 10.000000 3.000000 
0.000000 20.000000 10.000000 3.000000 
0.000000 20.000000 10.000000 3.000000 
0.000000 20.000000 10.000000 3.000000 
0.330000 20.000000 10.000000 3.000000 
0.000000 20.000000 10.000000 3.000000 
0.780000 20.000000 10.000000 3.000000 
0.270000 20.000000 10.000000 3.000000 
0.930000 20.000000 10.000000 3.000000 
3.240000 20.000000 10.000000 3.000000 
7.409999 20.000000 10.000000 3.000000 
7.080000 20.000000 10.000000 3.000000 
15.029999 20.000000 10.000000 3.000000 
14.130000 20.000000 10.000000 3.000000 
32.789997 20.000000 10.000000 3.000000 
0.000000 20.000000 10.000000 3.000000 
0.000000 20.000000 10.000000 3.000000 
0.000000 20.000000 10.000000 3.000000 
0.000000 20.000000 10.000000 3.000000 
0.000000 20.000000 10.000000 3.000000 
0.000000 20.000000 10.000000 3.000000 
0.000000 20.000000 10.000000 3.000000 
0.000000 20.000000 10.000000 3.000000 
1.050000 20.000000 10.000000 3.000000 
0.000000 20.000000 10.000000 3.000000 
0.000000 20.000000 10.000000 3.000000 
0.540000 20.000000 10.000000 3.000000 
0.000000 20.000000 10.000000 3.000000 
0.000000 20.000000 10.000000 3.000000 
0.000000 20.000000 10.000000 3.000000 
0.060000 20.000000 10.000000 3.000000 
0.270000 20.000000 10.000000 3.000000 
0.000000 20.000000 10.000000 3.000000 
0.000000 20.000000 10.000000 3.000000 
0.000000 20.000000 10.000000 3.000000 
6.330000 20.000000 10.000000 3.000000 
0.300000 20.000000 10.000000 3.000000 
0.000000 20.000000 10.000000 3.000000 
11.760000 20.000000 10.000000 3.000000 
44.459999 20.000000 10.000000 3.000000 
32.159996 20.000000 10.000000 3.000000 
0.000000 20.000000 10.000000 3.000000 
1.290000 20.000000 10.000000 3.000000 
0.600000 20.000000 10.000000 3.000000 
0.000000 20.000000 10.000000 3.000000 
0.870000 20.000000 10.000000 3.000000 
0.000000 20.000000 10.000000 3.000000 
0.000000 20.000000 10.000000 3.000000 
0.000000 20.000000 10.000000 3.000000 
0.000000 20.000000 10.000000 3.000000 
0.360000 20.000000 10.000000 3.000000 
0.000000 20.000000 10.000000 3.000000 
0.000000 20.000000 10.000000 3.000000 
0.000000 20.000000 10.000000 3.000000 
0.000000 20.000000 10.000000 3.000000 
0.000000 20.000000 10.000000 3.000000 
0.000000 20.000000 10.000000 3.000000 
0.000000 20.000000 10.000000 3.000000 
0.000000 20.000000 10.000000 3.000000 
1.470000 20.000000 10.000000 3.000000 
1.470000 20.000000 10.000000 3.000000 
0.000000 20.000000 10.000000 3.000000 
0.000000 20.000000 10.000000 3.000000 
3.180000 20.000000 10.000000 3.000000 
0.600000 20.000000 10.000000 3.000000 
0.600000 20.000000 10.000000 3.000000 
0.000000 20.000000 10.000000 3.000000 
0.000000 20.000000 10.000000 3.000000 
1.200000 20.000000 10.000000 3.000000 
0.000000 20.000000 10.000000 3.000000 
0.000000 20.000000 10.000000 3.000000 
0.960000 20.000000 10.000000 3.000000 
0.000000 20.000000 10.000000 3.000000 
0.000000 20.000000 10.000000 3.000000 
0.000000 20.000000 10.000000 3.000000 
0.000000 20.000000 10.000000 3.000000 
0.000000 20.000000 10.000000 3.000000 
0.000000 20.000000 10.000000 3.000000 
0.000000 20.000000 10.000000 3.000000 
0.000000 20.000000 10.000000 3.000000 
0.000000 20.000000 10.000000 3.000000 
0.000000 20.000000 10.000000 3.000000 
0.000000 20.000000 10.000000 3.000000 
0.000000 20.000000 10.000000 3.000000 
0.000000 20.000000 10.000000 3.000000 
0.000000 20.000000 10.000000 3.000000 
0.000000 20.000000 10.000000 3.000000 
0.000000 20.000000 10.000000 3.000000 
0.000000 20.000000 10.000000 3.000000 
0.000000 20.000000 10.000000 3.000000 
0.000000 20.000000 10.000000 3.000000 
0.000000 20.000000 10.000000 3.000000 
0.000000 20.000000 10.000000 3.000000 
0.000000 20.000000 10.000000 3.000000 
0.000000 20.000000 10.000000 3.000000 
0.000000 20.000000 10.000000 3.000000 
0.000000 20.000000 10.000000 3.000000 
0.000000 20.000000 10.000000 3.000000 
0.000000 20.000000 10.000000 3.000000 
0.000000 20.000000 10.000000 3.000000 
0.000000 20.000000 10.000000 3.000000 
0.000000 20.000000 10.000000 3.000000 
0.000000 20.000000 10.000000 3.000000 
0.000000 20.000000 10.000000 3.000000 
0.000000 20.000000 10.000000 3.000000 
0.000000 20.000000 10.000000 3.000000 
0.000000 20.000000 10.000000 3.000000 
0.000000 20.000000 10.000000 3.000000 
0.000000 20.000000 10.000000 3.000000 
0.000000 20.000000 10.000000 3.000000 
0.000000 20.000000 10.000000 3.000000 
0.000000 20.000000 10.000000 3.000000 
0.000000 20.000000 10.000000 3.000000 
0.000000 20.000000 10.000000 3.000000 
0.000000 20.000000 10.000000 3.000000 
0.000000 20.000000 10.000000 3.000000 
0.000000 20.000000 10.000000 3.000000 
0.000000 20.000000 10.000000 3.000000 
17.130001 20.000000 10.000000 3.000000 
2.730000 20.000000 10.000000 3.000000 
0.000000 20.000000 10.000000 3.000000 
0.990000 20.000000 10.000000 3.000000 
0.000000 20.000000 10.000000 3.000000 
0.060000 20.000000 10.000000 3.000000 
0.870000 20.000000 10.000000 3.000000 
0.000000 20.000000 10.000000 3.000000 
0.000000 20.000000 10.000000 3.000000 
17.070000 20.000000 10.000000 3.000000 
0.000000 20.000000 10.000000 3.000000 
0.000000 20.000000 10.000000 3.000000 
0.000000 20.000000 10.000000 3.000000 
0.000000 20.000000 10.000000 3.000000 
0.000000 20.000000 10.000000 3.000000 
1.620000 20.000000 10.000000 3.000000 
0.000000 20.000000 10.000000 3.000000 
0.000000 20.000000 10.000000 3.000000 
0.000000 20.000000 10.000000 3.000000 
0.000000 20.000000 10.000000 3.000000 
0.000000 20.000000 10.000000 3.000000 
0.000000 20.000000 10.000000 3.000000 
0.000000 20.000000 10.000000 3.000000 
0.000000 20.000000 10.000000 3.000000 
0.000000 20.000000 10.000000 3.000000 
0.000000 20.000000 10.000000 3.000000 
0.000000 20.000000 10.000000 3.000000 
0.030000 20.000000 10.000000 3.000000 
2.310000 20.000000 10.000000 3.000000 
0.720000 20.000000 10.000000 3.000000 
0.000000 20.000000 10.000000 3.000000 
0.000000 20.000000 10.000000 3.000000 
2.820000 20.000000 10.000000 3.000000 
15.360000 20.000000 10.000000 3.000000 
4.740000 20.000000 10.000000 3.000000 
0.000000 20.000000 10.000000 3.000000 
0.450000 20.000000 10.000000 3.000000 
67.349998 20.000000 10.000000 3.000000 
0.000000 20.000000 10.000000 3.000000 
0.000000 20.000000 10.000000 3.000000 
0.000000 20.000000 10.000000 3.000000 
0.000000 20.000000 10.000000 3.000000 
2.760000 20.000000 10.000000 3.000000 
0.090000 20.000000 10.000000 3.000000 
0.000000 20.000000 10.000000 3.000000 
0.000000 20.000000 10.000000 3.000000 
0.510000 20.000000 10.000000 3.000000 
0.000000 20.000000 10.000000 3.000000 
0.000000 20.000000 10.000000 3.000000 
0.000000 20.000000 10.000000 3.000000 
0.210000 20.000000 10.000000 3.000000 
4.020000 20.000000 10.000000 3.000000 
52.980000 20.000000 10.000000 3.000000 
39.929996 20.000000 10.000000 3.000000 
18.780001 20.000000 10.000000 3.000000 
0.360000 20.000000 10.000000 3.000000 
0.000000 20.000000 10.000000 3.000000 
0.060000 20.000000 10.000000 3.000000 
0.000000 20.000000 10.000000 3.000000 
5.910000 20.000000 10.000000 3.000000 
36.090000 20.000000 10.000000 3.000000 
11.460001 20.000000 10.000000 3.000000 
0.450000 20.000000 10.000000 3.000000 
0.000000 20.000000 10.000000 3.000000 
0.000000 20.000000 10.000000 3.000000 
4.800000 20.000000 10.000000 3.000000 
0.060000 20.000000 10.000000 3.000000 
0.000000 20.000000 10.000000 3.000000 
0.000000 20.000000 10.000000 3.000000 
0.000000 20.000000 10.000000 3.000000 
0.000000 20.000000 10.000000 3.000000 
10.020000 20.000000 10.000000 3.000000 
15.809999 20.000000 10.000000 3.000000 
54.090004 20.000000 10.000000 3.000000 
43.559998 20.000000 10.000000 3.000000 
8.190001 20.000000 10.000000 3.000000 
27.660000 20.000000 10.000000 3.000000 
57.329994 20.000000 10.000000 3.000000 
52.320000 20.000000 10.000000 3.000000 
6.360000 20.000000 10.000000 3.000000 
0.000000 20.000000 10.000000 3.000000 
0.000000 20.000000 10.000000 3.000000 
0.000000 20.000000 10.000000 3.000000 
6.869999 20.000000 10.000000 3.000000 
14.640000 20.000000 10.000000 3.000000 
6.029999 20.000000 10.000000 3.000000 
13.980000 20.000000 10.000000 3.000000 
0.000000 20.000000 10.000000 3.000000 
0.000000 20.000000 10.000000 3.000000 
43.500000 20.000000 10.000000 3.000000 
20.309999 20.000000 10.000000 3.000000 
1.500000 20.000000 10.000000 3.000000 
0.000000 20.000000 10.000000 3.000000 
0.000000 20.000000 10.000000 3.000000 
18.930000 20.000000 10.000000 3.000000 
24.240000 20.000000 10.000000 3.000000 
35.610001 20.000000 10.000000 3.000000 
57.240005 20.000000 10.000000 3.000000 
26.219999 20.000000 10.000000 3.000000 
0.030000 20.000000 10.000000 3.000000 
0.450000 20.000000 10.000000 3.000000 
8.760000 20.000000 10.000000 3.000000 
0.090000 20.000000 10.000000 3.000000 
2.790000 20.000000 10.000000 3.000000 
9.120000 20.000000 10.000000 3.000000 
0.000000 20.000000 10.000000 3.000000 
0.360000 20.000000 10.000000 3.000000 
0.000000 20.000000 10.000000 3.000000 
0.000000 20.000000 10.000000 3.000000 
2.280000 20.000000 10.000000 3.000000 
3.000000 20.000000 10.000000 3.000000 
4.170000 20.000000 10.000000 3.000000 
31.740000 20.000000 10.000000 3.000000 
6.360000 20.000000 10.000000 3.000000 
53.219994 20.000000 10.000000 3.000000 
6.690000 20.000000 10.000000 3.000000 
17.010000 20.000000 10.000000 3.000000 
29.609997 20.000000 10.000000 3.000000 
36.959999 20.000000 10.000000 3.000000 
0.000000 20.000000 10.000000 3.000000 
0.090000 20.000000 10.000000 3.000000 
0.000000 20.000000 10.000000 3.000000 
0.150000 20.000000 10.000000 3.000000 
0.000000 20.000000 10.000000 3.000000 
21.240000 20.000000 10.000000 3.000000 
7.710000 20.000000 10.000000 3.000000 
39.659996 20.000000 10.000000 3.000000 
30.240000 20.000000 10.000000 3.000000 
19.259998 20.000000 10.000000 3.000000 
1.800000 20.000000 10.000000 3.000000 
0.000000 20.000000 10.000000 3.000000 
34.529999 20.000000 10.000000 3.000000 
14.880000 20.000000 10.000000 3.000000 
1.170000 20.000000 10.000000 3.000000 
0.000000 20.000000 10.000000 3.000000 
0.900000 20.000000 10.000000 3.000000 
0.000000 20.000000 10.000000 3.000000 
0.450000 20.000000 10.000000 3.000000 
0.000000 20.000000 10.000000 3.000000 
0.000000 20.000000 10.000000 3.000000 
0.000000 20.000000 10.000000 3.000000 
10.170000 20.000000 10.000000 3.000000 
26.550001 20.000000 10.000000 3.000000 
10.740000 20.000000 10.000000 3.000000 
58.469994 20.000000 10.000000 3.000000 
0.570000 20.000000 10.000000 3.000000 
0.000000 20.000000 10.000000 3.000000 
1.590000 20.000000 10.000000 3.000000 
0.780000 20.000000 10.000000 3.000000 
18.869999 20.000000 10.000000 3.000000 
10.680000 20.000000 10.000000 3.000000 
2.280000 20.000000 10.000000 3.000000 
3.300000 20.000000 10.000000 3.000000 
0.630000 20.000000 10.000000 3.000000 
11.009999 20.000000 10.000000 3.000000 
2.520000 20.000000 10.000000 3.000000 
0.000000 20.000000 10.000000 3.000000 
1.470000 20.000000 10.000000 3.000000 
0.000000 20.000000 10.000000 3.000000 
0.780000 20.000000 10.000000 3.000000 
6.599999 20.000000 10.000000 3.000000 
0.000000 20.000000 10.000000 3.000000 
23.369999 20.000000 10.000000 3.000000 
12.599999 20.000000 10.000000 3.000000 
7.050000 20.000000 10.000000 3.000000 
0.900000 20.000000 10.000000 3.000000 
0.000000 20.000000 10.000000 3.000000 
0.000000 20.000000 10.000000 3.000000 
35.340000 20.000000 10.000000 3.000000 
8.700000 20.000000 10.000000 3.000000 
10.830000 20.000000 10.000000 3.000000 
0.240000 20.000000 10.000000 3.000000 
2.010000 20.000000 10.000000 3.000000 
3.000000 20.000000 10.000000 3.000000 
3.120000 20.000000 10.000000 3.000000 
0.180000 20.000000 10.000000 3.000000 
0.090000 20.000000 10.000000 3.000000 
2.130000 20.000000 10.000000 3.000000 
1.650000 20.000000 10.000000 3.000000 
11.190001 20.000000 10.000000 3.000000 
1.590000 20.000000 10.000000 3.000000 
1.650000 20.000000 10.000000 3.000000 
3.420000 20.000000 10.000000 3.000000 
21.240000 20.000000 10.000000 3.000000 
0.030000 20.000000 10.000000 3.000000 
0.000000 20.000000 10.000000 3.000000 
0.960000 20.000000 10.000000 3.000000 
4.380000 20.000000 10.000000 3.000000 
24.570000 20.000000 10.000000 3.000000 
5.670000 20.000000 10.000000 3.000000 
0.000000 20.000000 10.000000 3.000000 
5.700000 20.000000 10.000000 3.000000 
1.380000 20.000000 10.000000 3.000000 
7.440000 20.000000 10.000000 3.000000 
0.120000 20.000000 10.000000 3.000000 
21.959999 20.000000 10.000000 3.000000 
21.029999 20.000000 10.000000 3.000000 
10.320000 20.000000 10.000000 3.000000 
12.630000 20.000000 10.000000 3.000000 
17.789999 20.000000 10.000000 3.000000 
57.150002 20.000000 10.000000 3.000000 
27.000000 20.000000 10.000000 3.000000 
18.750000 20.000000 10.000000 3.000000 
18.570000 20.000000 10.000000 3.000000 
2.250000 20.000000 10.000000 3.000000 
0.000000 20.000000 10.000000 3.000000 
0.000000 20.000000 10.000000 3.000000 
1.380000 20.000000 10.000000 3.000000 
4.559999 20.000000 10.000000 3.000000 
0.300000 20.000000 10.000000 3.000000 
0.270000 20.000000 10.000000 3.000000 
1.200000 20.000000 10.000000 3.000000 
0.000000 20.000000 10.000000 3.000000 
0.000000 20.000000 10.000000 3.000000 
0.000000 20.000000 10.000000 3.000000 
2.040000 20.000000 10.000000 3.000000 
14.339999 20.000000 10.000000 3.000000 
3.630000 20.000000 10.000000 3.000000 
8.190001 20.000000 10.000000 3.000000 
19.410000 20.000000 10.000000 3.000000 
0.870000 20.000000 10.000000 3.000000 
17.670000 20.000000 10.000000 3.000000 
13.380000 20.000000 10.000000 3.000000 
12.360000 20.000000 10.000000 3.000000 
99.899994 20.000000 10.000000 3.000000 
19.410000 20.000000 10.000000 3.000000 
26.909998 20.000000 10.000000 3.000000 
3.750000 20.000000 10.000000 3.000000 
0.000000 20.000000 10.000000 3.000000 
0.000000 20.000000 10.000000 3.000000 
3.960000 20.000000 10.000000 3.000000 
25.889999 20.000000 10.000000 3.000000 
3.720000 20.000000 10.000000 3.000000 
1.680000 20.000000 10.000000 3.000000 
3.120000 20.000000 10.000000 3.000000 
28.590000 20.000000 10.000000 3.000000 
1.890000 20.000000 10.000000 3.000000 
9.869999 20.000000 10.000000 3.000000 
1.620000 20.000000 10.000000 3.000000 
10.289999 20.000000 10.000000 3.000000 
0.000000 20.000000 10.000000 3.000000 
0.300000 20.000000 10.000000 3.000000 
0.450000 20.000000 10.000000 3.000000 
8.610000 20.000000 10.000000 3.000000 
1.470000 20.000000 10.000000 3.000000 
0.000000 20.000000 10.000000 3.000000 
1.080000 20.000000 10.000000 3.000000 
0.300000 20.000000 10.000000 3.000000 
0.000000 20.000000 10.000000 3.000000 
8.580000 20.000000 10.000000 3.000000 
11.639999 20.000000 10.000000 3.000000 
9.720000 20.000000 10.000000 3.000000 
91.020004 20.000000 10.000000 3.000000 
84.360001 20.000000 10.000000 3.000000 
20.880001 20.000000 10.000000 3.000000 
50.250000 20.000000 10.000000 3.000000 
4.440000 20.000000 10.000000 3.000000 
52.529995 20.000000 10.000000 3.000000 
7.830000 20.000000 10.000000 3.000000 
3.390000 20.000000 10.000000 3.000000 
28.709999 20.000000 10.000000 3.000000 
28.800001 20.000000 10.000000 3.000000 
7.560000 20.000000 10.000000 3.000000 
1.500000 20.000000 10.000000 3.000000 
0.000000 20.000000 10.000000 3.000000 
0.000000 20.000000 10.000000 3.000000 
0.000000 20.000000 10.000000 3.000000 
0.390000 20.000000 10.000000 3.000000 
0.060000 20.000000 10.000000 3.000000 
0.000000 20.000000 10.000000 3.000000 
0.000000 20.000000 10.000000 3.000000 
6.060000 20.000000 10.000000 3.000000 
2.550000 20.000000 10.000000 3.000000 
0.330000 20.000000 10.000000 3.000000 
20.160000 20.000000 10.000000 3.000000 
6.240000 20.000000 10.000000 3.000000 
4.200000 20.000000 10.000000 3.000000 
2.310000 20.000000 10.000000 3.000000 
0.000000 20.000000 10.000000 3.000000 
1.590000 20.000000 10.000000 3.000000 
1.950000 20.000000 10.000000 3.000000 
0.000000 20.000000 10.000000 3.000000 
