1.0 0.05653113897956165 0.6749115661435346 0.45402853227567447
0.8819557876666065 0.05902443124530691 0.37800741457473397 0.46469641803173756
0.9817112628380775 0.059142475293226984 0.4388817760335894 0.4615254550767465
1.0 0.052812158686042145 0.9468899577213724 0.46404905799178603
1.0 0.05293558689358196 0.94402821832622 0.46595046855414574
1.0 0.050269548913675854 1.0 0.39443304082081865
1.0 0.05287586325101791 0.9085864750503331 0.46682942565247404
0.4031534758117279 0.053799039746316245 0.13566372926222928 0.5056732962790541
0.3763858930637727 0.05467890290897119 0.13299703630143364 0.50950586125791
0.48005385030182757 0.053669993828388794 0.20137882499542253 0.46880346467477235
0.3748876449415446 0.05415547481432542 0.1337768791228813 0.48069574978123164
0.9875057806619768 0.0535609434804095 0.5204462442901266 0.4595996962452355
