0.4928343149851668 0.8000324856886782 1.838791439703816 0.45451773463695505 0.15983942760631092 0.4717990153462184
0.2928578163669675 0.7761200219695201 3.068994043918279 0.45451773463695505 0.16817055457180802 0.4717990153462184
0.2746810554740539 0.7761200219695201 3.068994043918279 0.45451773463695505 0.16984681248538677 0.4717990153462184
0.8579918212795788 0.004707822053777955 1.908176350085819 0.45811328076827734 0.07758012173325018 0.384923783537688
0.8579918212795788 0.004707822053777955 1.908176350085819 0.45739303673996934 0.07757994091524449 0.384923783537688
0.8904909832796317 0.04265561929567954 0.1391787678773057 0.444617315277039 0.07297870357739734 0.601879278287776
0.8579918212795788 0.004707822053777955 1.908176350085819 0.44603052976767626 0.07758012173325018 0.3760951465620678
0.8860403875855773 0.013260812178253756 9.589892094249882 0.3265391477366657 0.08761454503626533 0.3760951465620678
0.888549840395336 0.8350183337132825 1.908176350085819 0.7119028913177213 0.07267264385637168 0.37042493440163937
0.8756709338984673 0.8111588772142588 1.2394992482360345 0.7241152988169038 0.07772479077737317 0.39575638048794765
0.8584335698023975 0.8111588772142588 1.5794837751241586 0.7119028913177213 0.07758012173325018 0.3931262642374283
0.8756709338984673 0.8108166622846263 1.127886529700477 0.7241152988169038 0.07772479077737317 0.46828193424997433
